ID,BroadcastTextID,SpellVisualKitID,AdditionalDuration,NextConversationLineID,AnimKitID,SpeechType,StartAnimation,EndAnimation
1,977,0,4000,120,0,0,60,60
93,75740,0,1000,94,0,0,60,60
94,75742,0,1000,0,0,0,60,60
95,83198,0,1000,96,0,0,60,60
96,83210,0,1000,0,0,0,60,60
110,83541,0,500,111,0,0,60,60
111,83542,0,0,0,0,0,60,60
112,83664,0,0,113,0,0,60,60
113,83665,0,0,114,0,0,60,60
114,83666,0,0,115,0,0,60,60
115,83667,0,0,118,0,0,60,60
116,82108,0,1000,117,0,0,60,60
117,82231,0,0,0,0,0,60,60
118,83684,0,0,119,0,0,60,60
119,83685,0,0,677,0,0,60,60
120,25180,0,4000,7141,0,0,60,60
125,84471,0,1000,126,0,0,60,60
126,84472,0,1000,127,0,0,60,60
127,84473,0,6000,128,0,0,60,60
128,84575,0,1000,0,0,0,60,60
129,84578,0,0,0,0,0,60,60
131,84589,0,500,132,0,0,60,60
132,84590,0,0,0,0,0,60,60
133,84591,0,-1000,134,0,0,60,60
134,84592,0,5000,0,0,0,60,60
135,84679,0,1000,136,0,0,60,60
136,84680,0,1000,137,0,0,60,60
137,84681,0,0,0,0,0,60,60
138,84683,0,1000,139,0,0,60,60
139,84684,0,500,140,0,0,60,60
140,0,46807,1000,141,0,0,60,60
141,0,46807,2000,142,0,0,60,60
142,84685,0,0,0,0,0,60,60
143,84887,0,500,144,0,1,60,60
144,84902,0,500,145,0,1,60,60
145,84888,0,500,146,0,1,60,60
146,84903,0,500,147,0,1,60,60
147,84889,0,500,148,0,1,60,60
148,84904,0,0,149,0,1,60,60
149,84890,0,500,150,0,1,60,60
150,84891,0,500,0,0,1,60,60
153,84894,0,500,154,0,1,60,60
154,84907,0,500,155,0,1,60,60
155,84911,0,500,156,0,1,60,60
156,84895,0,500,157,0,1,60,60
157,84869,0,500,158,0,1,60,60
158,84912,0,500,159,0,1,60,60
159,84870,0,0,0,0,1,60,60
160,84872,0,5000,161,0,1,60,60
161,84883,0,5000,162,0,1,60,60
162,84873,0,15000,163,0,1,60,60
163,84884,0,5000,164,0,1,60,60
164,84874,0,0,0,0,1,60,60
165,81695,0,500,166,0,0,60,60
166,85104,0,500,167,0,0,60,60
167,85105,0,0,0,0,0,60,60
168,85109,0,0,169,0,0,60,60
169,85110,0,0,417,0,0,60,60
170,85111,0,0,171,0,0,60,60
171,85112,0,0,415,0,0,60,60
183,85321,0,500,184,0,0,60,60
184,85322,0,1000,185,0,0,60,60
185,85323,0,0,0,0,0,60,60
186,85365,0,1000,188,0,1,60,60
188,85468,552,540,189,0,1,60,60
189,85467,16377,1250,190,0,1,60,60
190,85469,554,0,0,0,1,60,60
191,80406,552,0,192,0,1,60,60
192,80394,552,0,193,0,1,60,60
193,80407,554,0,194,0,1,60,60
194,80395,0,0,196,0,1,60,60
196,80410,13108,0,0,0,1,60,60
198,84384,47568,500,199,0,0,60,60
199,84386,47569,500,200,0,0,60,60
200,84387,47570,500,372,0,0,60,60
201,80408,0,5000,202,0,1,60,60
202,85348,0,10000,203,0,1,60,60
203,84275,0,10000,204,0,1,60,60
204,84272,0,15000,205,0,1,60,60
205,84279,0,22000,206,0,1,60,60
206,85363,0,5000,207,0,1,60,60
207,85364,0,0,0,0,1,60,60
208,84389,47568,2000,0,0,1,60,60
209,85493,0,4000,210,0,0,60,60
210,85491,0,4000,0,0,0,60,60
211,84390,0,500,272,0,1,60,60
212,84399,0,500,213,0,0,60,60
213,84400,0,0,0,0,0,60,60
214,85924,0,0,215,0,1,60,60
215,85906,0,0,216,0,1,60,60
216,85925,0,0,217,0,1,60,60
217,85907,0,0,218,0,1,60,60
218,85926,0,0,0,0,1,60,60
219,85927,0,0,220,0,1,60,60
220,85908,0,0,0,0,1,60,60
221,85909,0,0,222,0,1,60,60
222,85928,0,0,0,0,1,60,60
223,85911,0,0,224,0,1,60,60
224,85929,0,0,225,0,1,60,60
225,85912,0,0,226,0,1,60,60
226,85939,0,0,227,0,1,60,60
227,85940,0,0,228,0,1,60,60
228,85941,0,0,0,0,1,60,60
229,85930,0,0,230,0,1,60,60
230,85913,0,0,231,0,1,60,60
231,85931,0,0,232,0,1,60,60
232,85914,0,0,0,0,1,60,60
233,85932,0,0,234,0,1,60,60
234,85915,0,0,235,0,1,60,60
235,85933,0,0,236,0,1,60,60
236,85916,0,0,237,0,1,60,60
237,85934,0,0,238,0,1,60,60
238,85917,0,0,0,0,1,60,60
239,84415,0,500,240,0,0,60,60
240,84416,0,500,241,0,0,60,60
241,84417,0,500,242,0,0,60,60
242,84418,0,500,243,0,0,60,60
243,84419,0,100,244,0,0,60,60
244,84420,0,500,245,0,0,60,60
245,84421,0,100,246,0,0,60,60
246,84422,0,0,0,0,0,60,60
247,85918,0,0,248,0,1,60,60
248,85936,0,0,0,0,1,60,60
249,84415,0,500,250,0,0,60,60
250,84416,0,500,251,0,0,60,60
251,84417,0,500,252,0,0,60,60
252,84418,0,500,253,0,0,60,60
253,84419,0,100,254,0,0,60,60
254,84367,0,1000,255,0,0,60,60
255,84421,0,100,256,0,0,60,60
256,84422,0,0,0,0,0,60,60
257,85951,0,0,258,0,0,60,60
258,85952,0,0,259,0,0,60,60
259,85953,0,0,0,0,0,60,60
263,85437,0,5000,264,0,0,60,60
264,85442,0,5000,265,0,0,60,60
265,85445,0,5000,0,0,0,60,60
266,86110,0,1000,267,0,0,60,60
267,86111,0,5250,268,0,0,60,60
268,86112,0,5000,269,0,0,60,60
269,86113,0,3000,270,0,0,60,60
270,86114,0,3000,271,0,0,60,60
271,86115,0,5000,294,0,0,60,60
272,84337,0,0,0,0,1,60,60
273,86083,0,5000,274,0,0,60,60
274,86084,0,5000,275,0,0,60,60
275,86085,0,5000,0,0,0,60,60
276,86087,0,5000,277,0,0,60,60
277,86088,0,5000,278,0,0,60,60
278,86090,0,5000,0,0,0,60,60
279,86092,0,5000,280,0,0,60,60
280,86093,0,5000,281,0,0,60,60
281,86095,0,5000,0,0,0,60,60
282,86097,0,5000,283,0,0,60,60
283,86098,0,5000,284,0,0,60,60
284,86099,0,5000,0,0,0,60,60
285,86100,0,5000,286,0,0,60,60
286,86101,0,5000,287,0,0,60,60
287,86102,0,5000,0,0,0,60,60
288,86175,0,5000,289,0,0,60,60
289,86177,0,5000,290,0,0,60,60
290,86178,0,5000,0,0,0,60,60
291,86179,0,5000,292,0,0,60,60
292,86180,0,5000,293,0,0,60,60
293,86181,0,5000,0,0,0,60,60
294,86217,0,0,0,0,0,60,60
295,86236,0,1000,297,0,0,60,60
297,86238,0,3000,298,0,0,60,60
298,86239,0,3000,299,0,0,60,60
299,86240,0,3000,0,0,0,60,60
302,86294,0,0,303,0,0,60,60
303,86295,0,0,0,0,0,60,60
311,85951,0,1000,312,0,0,60,60
312,85952,0,1000,313,0,0,60,60
313,85953,0,0,0,0,0,60,60
314,86250,0,0,315,0,0,60,60
315,86251,0,0,316,0,0,60,60
316,86252,0,0,317,0,0,60,60
317,86253,0,0,0,0,0,60,60
318,86271,0,0,319,0,0,60,60
319,86272,0,0,320,0,0,60,60
320,86273,0,0,321,0,0,60,60
321,86274,0,2000,366,0,0,60,60
322,86277,0,0,323,0,0,60,60
323,86278,0,0,0,0,0,60,60
324,86315,0,5000,325,0,0,60,60
325,86317,0,5000,326,0,0,60,60
326,86320,0,5000,0,0,0,60,60
327,86335,0,5000,0,0,1,60,60
328,86254,0,0,329,0,0,60,60
329,86255,0,0,0,0,0,60,60
330,86375,0,0,333,0,0,60,60
333,86379,0,0,334,0,0,60,60
334,86380,0,-500,336,0,0,60,60
336,86381,0,500,337,0,0,60,60
337,86382,0,500,338,0,0,60,60
338,86386,0,500,340,0,0,60,60
340,86388,0,500,342,0,0,60,60
342,86392,0,500,343,0,0,60,60
343,86394,0,0,344,0,0,60,60
344,86397,0,0,349,0,0,60,60
349,0,0,0,0,0,0,60,60
351,84404,0,500,352,0,1,60,60
352,84405,0,500,353,0,0,60,60
353,84406,0,500,354,0,0,60,60
354,84407,0,1000,355,0,0,60,60
355,84408,0,0,0,0,1,60,60
356,86267,0,0,357,0,0,60,60
357,86266,0,0,358,0,0,60,60
358,86268,0,0,359,0,0,60,60
359,86269,0,0,361,0,0,60,60
360,86270,0,0,0,0,0,60,60
361,86467,0,0,360,0,0,60,60
362,84409,0,500,363,0,1,60,60
363,84410,0,500,364,0,1,60,60
364,84411,0,500,365,0,1,60,60
365,84412,0,0,0,0,1,60,60
366,86275,0,0,367,0,0,60,60
367,86276,0,0,0,0,0,60,60
368,84330,47568,500,369,0,0,60,60
369,84331,47569,500,370,0,0,60,60
370,84332,47570,500,371,0,0,60,60
371,84333,0,0,0,0,1,60,60
372,84333,0,0,0,0,1,60,60
373,84334,47568,2000,0,0,1,60,60
374,84350,0,500,375,0,1,60,60
375,84351,0,500,376,0,0,60,60
376,84352,0,500,377,0,0,60,60
377,84353,0,1000,378,0,0,60,60
378,84354,0,0,0,0,1,60,60
379,84355,0,500,380,0,1,60,60
380,84356,0,500,381,0,1,60,60
381,84357,0,500,382,0,1,60,60
382,84358,0,0,0,0,1,60,60
383,84345,0,500,384,0,0,60,60
384,84346,0,0,0,0,0,60,60
386,86303,0,0,387,0,0,60,60
387,86304,0,0,0,0,0,60,60
388,84335,0,500,389,0,1,60,60
389,84337,0,0,0,0,1,60,60
390,86306,0,3000,391,0,0,60,60
391,86748,0,32000,392,0,0,60,60
392,86749,0,2000,393,0,0,60,60
393,86750,0,0,0,0,0,60,60
394,86778,0,500,430,0,0,60,60
397,86779,0,0,399,0,0,60,60
398,0,0,1000,394,0,0,60,60
399,0,0,0,0,0,0,60,60
400,86307,0,0,401,0,0,60,60
401,86788,0,33000,402,0,0,60,60
402,86789,0,2000,403,0,0,60,60
403,86790,0,0,0,0,0,60,60
404,86839,0,5000,405,0,0,60,60
405,86840,0,5000,0,0,0,60,60
406,86897,0,6000,407,0,0,60,60
407,86924,0,6000,408,0,0,60,60
408,86925,0,6000,409,0,0,60,60
409,86945,0,1000,410,0,0,60,60
410,86946,0,1000,419,0,0,60,60
411,86955,0,5000,412,0,0,60,60
412,86956,0,4000,413,0,0,60,60
413,86957,0,2000,0,0,0,60,60
414,87117,0,0,0,0,0,60,60
415,87156,0,0,0,0,0,60,60
417,87158,0,0,0,0,0,60,60
419,87173,0,5000,420,0,0,60,60
420,87174,0,5000,0,0,0,60,60
422,87177,0,3000,423,0,0,60,60
423,87178,0,5000,424,0,0,60,60
424,87180,0,5000,0,0,0,60,60
425,87208,0,5000,426,0,0,60,60
426,87209,0,9000,427,0,0,60,60
427,87210,0,5000,428,0,0,60,60
428,87211,0,7000,429,0,0,60,60
429,87212,0,5000,0,0,0,60,60
430,0,48850,1200,431,0,0,60,60
431,0,48478,1000,397,0,0,60,60
432,86657,0,5000,433,0,0,60,60
433,87204,0,0,0,0,0,60,60
439,87447,0,0,440,0,0,60,60
440,87448,0,4000,441,0,0,60,60
441,87457,0,4000,442,0,1,60,60
442,87449,0,6000,0,0,1,60,60
444,87455,0,0,445,0,1,60,60
445,87461,0,0,464,0,0,60,60
450,87465,0,0,451,0,0,60,60
451,87466,0,0,0,0,0,60,60
452,87897,0,0,453,0,1,60,60
453,87898,0,0,454,0,1,60,60
454,87921,0,0,455,0,1,60,60
455,87899,0,0,456,0,1,60,60
456,87937,0,3000,457,0,1,60,60
457,87900,0,0,458,0,1,60,60
458,87922,0,0,459,0,0,60,60
459,87923,0,0,460,0,1,60,60
460,87902,0,0,0,0,1,60,60
461,87924,0,0,462,0,1,60,60
462,87901,0,0,463,0,1,60,60
463,87925,0,0,0,0,0,60,60
464,87456,0,0,465,0,1,60,60
465,87463,0,0,466,0,0,60,60
466,87459,0,0,0,0,0,60,60
467,88428,0,3000,468,0,0,60,60
468,88429,0,3000,469,0,0,60,60
469,88430,0,5000,470,0,0,60,60
470,88431,0,4000,471,0,0,60,60
471,88432,0,4000,472,0,0,60,60
472,88433,0,4000,473,0,0,60,60
473,88434,0,3000,0,0,0,60,60
474,88539,0,6000,475,0,0,60,60
475,88540,0,4000,476,0,0,60,60
476,88541,0,5000,477,0,0,60,60
477,88542,0,5000,478,0,0,60,60
478,88543,0,8000,479,0,0,60,60
479,88544,0,0,0,0,0,60,60
480,82590,0,0,481,0,0,60,60
481,88712,0,0,482,0,0,60,60
482,82589,0,0,0,0,0,60,60
483,87068,0,500,484,0,0,60,60
484,87069,0,500,485,0,0,60,60
485,87070,0,500,486,0,0,60,60
486,87066,0,500,487,0,0,60,60
487,87071,0,500,0,0,0,60,60
488,87063,0,500,489,0,0,60,60
489,87064,0,500,490,0,0,60,60
490,87065,0,500,491,0,0,60,60
491,87066,0,500,492,0,0,60,60
492,87067,0,500,0,0,0,60,60
493,81050,0,5000,494,0,0,60,60
494,83771,0,5000,0,0,0,60,60
495,79610,0,0,496,0,0,60,60
496,79611,0,0,0,0,0,60,60
497,79616,0,0,498,0,0,60,60
498,79617,0,0,499,0,0,60,60
499,79618,0,0,0,0,0,60,60
500,79612,0,0,501,0,0,60,60
501,79613,0,0,0,0,0,60,60
502,79614,0,0,503,0,0,60,60
503,79615,0,0,504,0,0,60,60
504,79620,0,0,0,0,0,60,60
505,79607,0,0,506,0,0,60,60
506,79608,0,0,0,0,0,60,60
507,82079,0,1000,508,0,1,60,60
508,82088,0,2000,509,0,1,60,60
509,82089,0,1000,510,0,1,60,60
510,82090,0,0,0,0,1,60,60
511,82113,0,0,512,0,1,60,60
512,82114,0,0,519,0,1,60,60
514,82128,0,-500,515,0,1,60,60
515,82129,0,500,516,0,1,60,60
516,82132,0,0,517,0,1,60,60
517,82140,0,0,518,0,1,60,60
518,82141,0,0,0,0,1,60,60
519,82115,0,0,0,0,1,60,60
521,89349,0,3000,522,0,0,60,60
522,89348,0,0,0,0,0,60,60
523,89896,0,1000,524,0,0,60,60
524,89898,0,1000,525,0,0,60,60
525,89899,0,1000,526,0,0,60,60
526,89900,0,1000,0,0,0,60,60
527,89901,0,1000,528,0,0,60,60
528,89902,0,1000,529,0,0,60,60
529,89903,0,1000,530,0,0,60,60
530,89904,0,1000,531,0,0,60,60
531,89905,0,1000,0,0,0,60,60
532,89906,0,1000,533,0,0,60,60
533,89907,0,1000,534,0,0,60,60
534,89908,0,1000,535,0,0,60,60
535,89909,0,1000,536,0,0,60,60
536,89910,0,1000,537,0,0,60,60
537,89911,0,1000,538,0,0,60,60
538,89912,0,1000,0,0,0,60,60
539,89913,0,1000,540,0,0,60,60
540,89914,0,1000,541,0,0,60,60
541,89915,0,1000,542,0,0,60,60
542,89916,0,1000,543,0,0,60,60
543,89917,0,1000,544,0,0,60,60
544,89918,0,1000,0,0,0,60,60
545,89919,0,1000,546,0,0,60,60
546,89920,0,1000,547,0,0,60,60
547,89921,0,1000,548,0,0,60,60
548,89922,0,1000,549,0,0,60,60
549,89923,0,1000,550,0,0,60,60
550,89924,0,1000,0,0,0,60,60
551,85075,0,5000,552,0,1,60,60
552,89925,0,3000,553,0,0,60,60
553,89926,0,0,0,0,0,60,60
554,89929,0,1000,555,0,0,60,60
555,89930,0,1000,556,0,0,60,60
556,89931,0,1000,557,0,0,60,60
557,89932,0,1000,558,0,0,60,60
558,89933,0,1000,559,0,0,60,60
559,89934,0,1000,0,0,0,60,60
560,89935,0,1000,561,0,0,60,60
561,89936,0,1000,562,0,0,60,60
562,89937,0,1000,563,0,0,60,60
563,89938,0,1000,564,0,0,60,60
564,89939,0,1000,565,0,0,60,60
565,89940,0,1000,566,0,0,60,60
566,89941,0,1000,0,0,0,60,60
567,89942,0,1000,568,0,0,60,60
568,89943,0,1000,569,0,0,60,60
569,89944,0,1000,570,0,0,60,60
570,89945,0,1000,571,0,0,60,60
571,89946,0,1000,0,0,0,60,60
572,87947,0,0,573,0,1,60,60
573,87936,0,0,574,0,1,60,60
574,87917,0,0,0,0,1,60,60
575,90196,0,2000,576,0,0,60,60
576,90197,0,2000,577,0,0,60,60
577,90198,0,2000,0,0,0,60,60
578,90199,0,2000,579,0,0,60,60
579,90200,0,2000,580,0,0,60,60
580,90201,0,2000,581,0,0,60,60
581,90202,0,2000,0,0,0,60,60
582,90233,0,4000,0,0,0,60,60
585,90522,0,0,586,0,0,60,60
586,90525,0,0,0,0,0,60,60
587,87455,0,0,588,0,1,60,60
588,88967,0,0,589,0,0,60,60
589,87456,0,0,590,0,1,60,60
590,87464,0,0,591,0,0,60,60
591,88966,0,0,0,0,0,60,60
592,87447,0,0,593,0,0,60,60
593,87448,0,4000,594,0,0,60,60
594,88965,0,4000,595,0,1,60,60
595,87449,0,6000,0,0,1,60,60
596,87467,0,0,0,0,0,60,60
597,90885,0,3000,598,0,0,60,60
598,90886,0,0,0,0,0,60,60
602,90890,0,0,603,0,0,60,60
603,90891,0,0,655,0,0,60,60
604,90887,0,0,605,0,0,60,60
605,90888,0,0,672,0,0,60,60
607,90895,0,0,608,0,0,60,60
608,90896,0,0,609,0,0,60,60
609,90897,0,0,610,0,0,60,60
610,90898,0,0,611,0,0,60,60
611,90899,0,0,708,0,0,60,60
612,90900,0,0,613,0,0,60,60
613,90901,0,0,614,0,0,60,60
614,90902,0,0,615,0,0,60,60
615,90903,0,0,616,0,0,60,60
616,90904,0,0,617,0,0,60,60
617,90905,0,0,714,0,0,60,60
618,90910,0,0,619,0,0,60,60
619,90911,0,0,0,0,0,60,60
624,92421,0,500,1015,0,0,60,60
626,91012,0,500,627,0,0,60,60
627,91038,0,500,628,0,0,60,60
628,91017,0,500,629,0,0,60,60
629,91043,0,500,630,0,0,60,60
630,91021,0,500,0,0,0,60,60
631,91503,0,2000,632,9926,0,60,60
632,91504,0,2000,633,9926,0,60,60
633,91505,0,1000,634,9926,0,60,60
634,91506,0,1000,635,9926,0,60,60
635,91507,0,1000,636,9926,0,60,60
636,91508,0,1000,637,9926,0,60,60
637,91509,0,0,0,9926,0,60,60
638,83055,0,4250,639,0,0,60,60
639,83059,0,2000,640,0,0,60,60
640,83071,0,4000,0,0,0,60,60
641,84532,0,4250,642,0,0,60,60
642,84533,0,2000,643,0,0,60,60
643,84534,0,4000,0,0,0,60,60
644,0,52228,0,645,0,0,60,60
645,87222,0,1000,647,0,0,60,60
647,87223,0,0,0,0,0,60,60
648,91286,52244,1500,649,0,0,60,60
649,91287,52244,1500,650,0,0,60,60
650,91288,52244,1500,651,0,0,60,60
651,91289,52244,1500,652,0,0,60,60
652,91290,52244,1500,0,0,0,60,60
654,0,0,1500,604,0,0,60,60
655,0,0,0,0,0,0,60,60
656,91643,0,1000,657,0,0,60,60
657,91646,0,2000,0,0,0,60,60
660,91645,0,1000,661,0,0,60,60
661,91647,0,2000,0,0,0,60,60
662,91651,0,1000,663,0,0,60,60
663,91652,0,1000,664,0,0,60,60
664,0,0,0,0,0,0,60,60
665,90908,0,0,597,0,0,60,60
666,90894,0,0,607,0,0,60,60
667,90910,0,0,668,0,0,60,60
668,90911,0,0,669,0,0,60,60
669,0,0,1000,612,0,0,60,60
670,91711,0,0,671,0,0,60,60
671,91712,0,0,0,0,0,60,60
672,90889,0,0,673,0,0,60,60
673,90909,0,0,602,0,0,60,60
677,0,0,0,0,0,0,60,60
678,84892,0,500,679,0,1,60,60
679,84905,0,500,680,0,1,60,60
680,84893,0,500,681,0,1,60,60
681,84906,0,0,0,0,1,60,60
682,84910,0,-2000,683,0,1,60,60
683,84901,0,0,0,0,1,60,60
684,84897,0,0,0,0,1,60,60
685,84898,0,0,0,0,1,60,60
686,84908,0,500,687,0,1,60,60
687,84900,0,-2000,688,0,1,60,60
688,84909,0,0,0,0,1,60,60
689,84896,0,0,0,0,1,60,60
690,91938,0,0,0,0,1,60,60
691,91939,0,0,0,0,1,60,60
692,84899,0,0,0,0,1,60,60
693,91950,0,1000,694,0,0,60,60
694,91953,0,1000,695,0,0,60,60
695,91951,0,1000,0,0,0,60,60
696,91954,0,2000,697,0,0,60,60
697,91952,0,2000,698,0,0,60,60
698,91955,0,2000,0,0,0,60,60
699,81103,0,500,702,0,0,60,60
700,81116,0,500,701,0,0,60,60
701,81107,0,500,699,0,0,60,60
702,81115,0,0,0,0,0,60,60
708,92154,0,0,0,0,0,60,60
714,92164,0,0,0,0,0,60,60
715,92196,0,0,716,0,0,60,60
716,92197,0,1000,717,0,0,60,60
717,92198,0,2000,718,0,0,60,60
718,92199,0,1000,719,0,0,60,60
719,0,775,0,0,0,0,60,60
749,0,0,500,750,0,0,60,60
750,92594,0,1500,751,0,0,60,60
751,92596,0,2000,752,0,0,60,60
752,92597,0,2000,753,0,0,60,60
753,0,0,500,754,0,0,60,60
754,92598,0,500,755,0,0,60,60
755,0,775,0,1132,0,0,60,60
756,92647,0,0,757,0,0,60,60
757,92648,0,0,0,0,0,60,60
827,92716,0,3000,867,0,0,60,60
828,92717,0,3000,863,0,0,60,60
829,92718,0,3000,866,0,0,60,60
830,92719,0,3000,868,0,0,60,60
863,92747,0,0,0,0,0,60,60
864,92748,0,3000,865,0,0,60,60
865,92749,0,0,0,0,0,60,60
866,92750,0,0,0,0,0,60,60
867,92751,0,0,0,0,0,60,60
868,92752,0,3000,869,0,0,60,60
869,92753,0,0,0,0,0,60,60
870,92761,0,3000,871,0,0,60,60
871,92749,0,0,0,0,0,60,60
872,92763,0,3000,873,0,0,60,60
873,92751,0,0,0,0,0,60,60
874,92718,0,3000,875,0,0,60,60
875,92762,0,0,0,0,0,60,60
876,92719,0,3000,877,0,0,60,60
877,92764,0,3000,878,0,0,60,60
878,92753,0,0,0,0,0,60,60
879,92765,0,3000,880,0,0,60,60
880,92766,0,0,0,0,0,60,60
881,92767,0,3000,882,0,0,60,60
882,92766,0,0,0,0,0,60,60
893,92794,0,2000,894,0,0,60,60
894,92795,0,0,0,0,0,60,60
907,92836,0,500,908,0,0,60,60
908,92837,0,500,0,0,0,60,60
909,92839,0,500,0,0,0,60,60
910,92845,0,500,0,0,0,60,60
911,92846,0,500,912,0,0,60,60
912,92847,0,500,913,0,0,60,60
913,92848,0,500,0,0,0,60,60
914,92851,0,500,0,0,1,60,60
915,92857,0,500,916,0,0,60,60
916,92859,0,500,917,0,0,60,60
917,92858,0,500,0,0,0,60,60
918,92861,0,500,0,0,0,60,60
919,92862,0,500,0,0,0,60,60
920,92879,0,1000,921,0,0,60,60
921,92880,0,1000,922,0,0,60,60
922,92881,0,1000,923,0,0,60,60
923,92882,0,500,0,0,0,60,60
924,92931,0,500,0,0,0,60,60
925,92932,0,500,0,0,0,60,60
926,92933,0,500,0,0,0,60,60
927,92934,0,500,0,0,0,60,60
928,92999,0,1000,929,0,0,60,60
929,93000,0,500,930,0,0,60,60
930,93001,0,500,0,0,0,60,60
955,93252,0,500,956,0,0,60,60
956,93253,0,500,957,0,0,60,60
957,93254,0,500,958,0,0,60,60
958,93255,0,500,959,0,0,60,60
959,93256,0,500,0,0,0,60,60
960,93263,0,500,961,0,0,60,60
961,93265,0,500,0,0,0,60,60
962,88938,0,1000,963,0,1,60,60
963,90212,0,2000,964,0,0,60,60
964,90215,0,1000,965,0,0,60,60
965,0,0,2000,966,0,0,60,60
966,90225,0,0,0,0,0,60,60
980,93357,0,500,0,0,0,60,60
982,0,0,2000,983,0,0,60,60
983,0,0,1000,984,0,0,60,60
984,0,0,2000,1143,0,0,60,60
985,0,0,1000,986,0,0,60,60
986,0,0,500,987,0,0,60,60
987,0,0,0,0,0,0,60,60
988,0,0,4000,989,0,0,60,60
989,0,0,1000,1148,0,0,60,60
990,93393,0,500,991,0,0,60,60
991,93394,0,500,992,0,0,60,60
992,93395,0,500,993,0,0,60,60
993,93396,0,500,994,0,0,60,60
994,93397,0,500,995,0,0,60,60
995,93398,0,500,0,0,0,60,60
996,93399,0,500,997,0,0,60,60
997,93400,0,500,998,0,0,60,60
998,93401,0,500,999,0,0,60,60
999,93402,0,500,1000,0,0,60,60
1000,93403,0,500,0,0,1,60,60
1001,93518,0,500,1002,0,0,60,60
1002,93519,0,500,1003,0,0,60,60
1003,93520,0,500,1004,0,0,60,60
1004,93521,0,500,1005,0,0,60,60
1005,93522,0,500,1006,0,0,60,60
1006,93523,0,500,0,0,0,60,60
1015,93536,0,500,1016,0,0,60,60
1016,93537,0,500,0,0,0,60,60
1018,93551,0,500,0,0,0,60,60
1021,93490,0,1000,1022,0,0,60,60
1022,93496,0,500,0,0,0,60,60
1023,0,0,2000,1018,0,0,60,60
1024,0,0,2000,1021,0,0,60,60
1025,0,0,2000,1026,0,0,60,60
1026,93543,0,1000,0,0,0,60,60
1027,93580,0,500,1028,0,0,60,60
1028,93581,0,500,1029,0,0,60,60
1029,93583,0,500,0,0,0,60,60
1030,93601,0,1000,1067,0,0,60,60
1035,93621,0,500,0,0,0,60,60
1036,93630,0,100,1037,0,0,60,60
1037,93631,0,500,1039,0,0,60,60
1038,93633,0,500,0,0,0,60,60
1039,93632,0,100,1038,0,0,60,60
1041,93670,0,500,0,0,0,60,60
1042,93566,0,0,1043,0,0,60,60
1043,93567,0,-80,1044,0,0,60,60
1044,93568,0,500,1045,0,0,60,60
1045,93569,0,500,1046,0,0,60,60
1046,93570,0,500,1047,0,0,60,60
1047,93571,0,500,0,0,0,60,60
1048,93888,0,500,1049,0,0,60,60
1049,93890,0,500,1050,0,0,60,60
1050,93892,0,500,1051,0,1,60,60
1051,93893,0,500,0,0,1,60,60
1052,0,948,0,1053,0,0,60,60
1053,93909,0,500,0,0,0,60,60
1054,93946,0,500,1055,0,1,60,60
1055,93947,0,500,0,0,1,60,60
1056,93953,0,500,1058,0,1,60,60
1058,93955,0,500,0,0,1,60,60
1059,94000,0,500,0,0,0,60,60
1060,94001,0,500,0,0,0,60,60
1061,94024,0,500,0,0,0,60,60
1062,94025,0,500,0,0,0,60,60
1063,94027,0,500,0,0,0,60,60
1064,94029,0,500,0,0,0,60,60
1065,94048,0,500,0,0,0,60,60
1066,94049,0,500,0,0,0,60,60
1067,93602,0,0,0,0,0,60,60
1068,94089,0,1000,1141,0,1,60,60
1069,94088,57050,500,1068,0,1,60,60
1070,94208,0,500,0,0,1,60,60
1072,94227,0,500,1073,0,0,60,60
1073,94244,0,500,0,0,0,60,60
1086,94426,0,6000,1087,0,0,60,60
1087,94427,0,6000,1088,0,0,60,60
1088,94428,0,6000,0,0,0,60,60
1101,94535,0,500,1102,0,0,60,60
1102,94536,0,500,1103,0,0,60,60
1103,94537,0,500,0,0,0,60,60
1132,95093,0,1500,0,0,0,60,60
1133,95099,0,4000,1134,0,0,60,60
1134,95100,0,4000,0,0,0,60,60
1141,94090,14251,1000,1142,0,1,60,60
1142,94170,0,0,0,0,1,60,60
1143,0,0,0,0,0,0,60,60
1147,94254,0,500,0,0,1,60,60
1148,0,0,0,0,0,0,60,60
1155,95461,56309,500,1156,0,0,60,60
1156,95463,0,500,1207,0,0,60,60
1157,95464,0,500,1158,0,0,60,60
1158,95465,0,500,0,0,0,60,60
1159,95467,0,500,1160,0,0,60,60
1160,95466,0,500,0,0,0,60,60
1161,95468,0,500,0,0,0,60,60
1162,95469,0,500,0,0,0,60,60
1163,95569,0,500,1164,0,0,60,60
1164,95570,0,500,1165,0,0,60,60
1165,95571,0,500,1166,0,0,60,60
1166,95572,0,500,0,0,0,60,60
1173,95569,0,500,1174,0,0,60,60
1174,95582,0,500,1175,0,0,60,60
1175,95583,0,500,1176,0,0,60,60
1176,95584,0,500,0,0,0,60,60
1181,95586,0,6000,1182,0,0,60,60
1182,95587,0,500,0,0,0,60,60
1190,95656,0,500,1191,0,0,60,60
1191,95657,0,500,1192,0,0,60,60
1192,95658,0,500,1193,0,0,60,60
1193,95659,0,500,0,0,0,60,60
1194,95682,0,500,1195,0,0,60,60
1195,95683,0,500,1196,0,0,60,60
1196,95684,0,500,0,0,0,60,60
1197,95692,0,500,1198,0,0,60,60
1198,95693,0,500,1199,0,0,60,60
1199,0,0,0,1200,0,0,60,60
1200,95694,0,2000,1201,0,0,60,60
1201,95695,0,2000,1202,0,0,60,60
1202,95696,0,1000,1203,0,0,60,60
1203,95697,0,1000,1204,0,0,60,60
1204,95698,0,500,0,0,0,60,60
1205,95779,0,500,0,0,0,60,60
1207,94009,0,500,0,0,0,60,60
1208,95919,0,500,1209,0,0,60,60
1209,95920,0,500,1210,0,0,60,60
1210,95921,0,500,0,0,0,60,60
1211,95923,0,500,1212,0,0,60,60
1212,95924,0,500,1213,0,0,60,60
1213,95925,0,500,0,0,0,60,60
1214,95753,0,2500,1215,0,0,60,60
1215,95754,0,500,0,0,0,60,60
1216,96101,0,500,1217,0,0,60,60
1217,96102,0,500,0,0,0,60,60
1223,94863,0,10000,1224,0,0,60,60
1224,96197,0,0,0,0,0,60,60
1225,96218,0,500,1226,0,0,60,60
1226,96219,0,500,0,0,0,60,60
1238,96338,0,500,0,0,0,60,60
1239,96339,0,500,1238,0,0,60,60
1240,96245,0,500,1241,0,1,60,60
1241,96267,0,500,0,0,1,60,60
1242,96642,0,6000,1243,0,0,60,60
1243,95587,0,500,0,0,0,60,60
1244,94967,0,1000,1245,0,0,60,60
1245,96692,0,500,0,0,0,60,60
1246,96691,0,1500,1247,0,0,60,60
1247,96701,0,500,0,0,0,60,60
1248,96702,0,1500,1249,0,0,60,60
1249,96703,0,1000,1250,0,0,60,60
1250,96704,0,1000,0,0,0,60,60
1273,96990,0,500,1275,0,0,60,60
1275,96992,0,500,0,0,0,60,60
1276,95129,0,500,1277,0,1,60,60
1277,95130,0,500,1278,0,1,60,60
1278,95131,0,500,0,0,1,60,60
1285,97313,0,500,1286,0,0,60,60
1286,97314,0,500,0,0,0,60,60
1297,98213,0,500,1442,0,0,60,60
1298,98273,0,1000,1299,0,0,60,60
1299,98276,0,500,0,0,0,60,60
1309,98727,0,500,0,0,0,60,60
1312,96902,0,3000,1436,0,0,60,60
1318,98778,0,1000,1319,0,0,60,60
1319,98779,0,1000,1320,0,0,60,60
1320,98780,0,1000,1321,0,0,60,60
1321,98781,0,1000,0,0,0,60,60
1322,98436,0,8000,1323,0,0,60,60
1323,98437,0,500,0,0,0,60,60
1324,98326,0,500,1325,0,0,60,60
1325,98336,0,500,1331,0,0,60,60
1326,98329,0,500,1327,0,0,60,60
1327,98327,0,0,1328,0,0,60,60
1328,98330,0,500,1329,0,0,60,60
1329,98331,0,500,1330,0,0,60,60
1330,98332,0,500,1332,0,0,60,60
1331,98799,0,500,1326,0,1,60,60
1332,98800,0,500,1334,0,1,60,60
1334,0,0,0,0,0,0,60,60
1335,98333,0,500,1336,0,1,60,60
1336,98337,0,500,1337,0,0,60,60
1337,98334,0,500,0,0,1,60,60
1341,98797,0,1000,1342,0,1,60,60
1342,98795,0,1000,1343,0,0,60,60
1343,98798,0,1000,1344,0,1,60,60
1344,98338,0,1000,0,0,0,60,60
1345,94455,0,1000,1346,0,0,60,60
1346,98999,0,500,0,0,0,60,60
1348,91600,0,500,1349,0,0,60,60
1349,91916,0,500,0,0,0,60,60
1351,99161,0,500,1352,0,0,60,60
1352,99162,0,500,0,0,0,60,60
1353,99163,0,500,1354,0,0,60,60
1354,99164,0,500,0,0,0,60,60
1375,99508,0,2000,1376,0,0,60,60
1376,99509,0,500,0,0,0,60,60
1377,99522,0,500,1378,0,0,60,60
1378,99524,0,500,0,0,0,60,60
1379,99525,0,500,1380,0,0,60,60
1380,99526,0,500,0,0,0,60,60
1381,99527,0,500,1382,0,0,60,60
1382,99528,0,500,1819,0,0,60,60
1383,99507,0,500,0,4509,0,84,60
1385,99536,0,4000,1386,0,0,60,60
1386,99538,0,500,0,0,0,65,60
1388,99539,0,1000,1389,0,0,60,60
1389,99540,0,1000,1390,0,0,60,60
1390,99542,0,-1000,1391,0,0,60,60
1391,99543,0,1000,1392,0,0,60,60
1392,99544,0,1000,1393,0,0,60,60
1393,99545,0,1000,1394,0,0,60,60
1394,99546,0,500,1395,0,0,60,60
1395,0,0,0,0,0,0,60,60
1396,99549,0,500,1397,0,0,60,60
1397,99550,0,500,1398,0,0,60,60
1398,99551,0,500,1399,0,0,60,60
1399,99552,0,500,0,0,0,60,60
1400,99637,0,2000,1401,0,0,60,60
1401,99639,0,500,0,0,0,60,60
1402,99656,0,500,1404,0,0,60,60
1404,99658,0,500,0,0,0,60,60
1405,99706,0,500,1406,0,0,60,60
1406,99707,0,500,1407,0,0,60,60
1407,99708,0,500,1408,0,0,60,60
1408,99709,0,500,0,0,0,60,60
1409,99826,0,1000,1410,0,0,60,60
1410,99827,0,500,0,0,0,60,60
1411,99844,0,500,1412,0,0,60,60
1412,99845,0,500,1413,0,0,60,60
1413,99846,0,500,0,0,0,60,60
1414,0,0,1000,1411,0,0,60,60
1428,102919,0,500,1429,0,1,60,60
1429,100200,552,500,2019,0,1,60,60
1436,96892,0,3000,3278,0,1,74,1
1437,100418,0,1000,1438,0,0,60,60
1438,99829,0,500,0,0,0,60,60
1439,100465,0,500,1440,0,0,60,60
1440,100467,0,500,1441,0,0,60,60
1441,100468,0,2000,5045,0,0,60,60
1442,101099,0,500,0,0,0,60,60
1443,100534,0,500,1444,0,0,60,60
1444,100535,0,500,0,0,0,60,60
1445,98843,0,2000,1446,4509,0,60,60
1446,98844,0,1000,0,4509,0,74,60
1447,100592,0,1800,0,0,1,60,60
1452,100640,0,5000,1453,0,0,60,65
1453,100641,0,5000,1454,0,0,60,60
1454,100642,217,5000,0,0,0,31,32
1461,98536,0,500,1462,0,0,60,60
1462,100808,0,500,5173,0,0,60,60
1463,100794,0,1000,1465,0,0,60,60
1465,100796,0,1000,0,0,0,60,60
1469,99400,0,500,0,0,0,60,60
1473,100797,0,1000,1474,0,1,60,60
1474,100798,0,1000,1475,0,1,60,60
1475,100799,0,500,0,0,0,60,60
1476,99065,0,1000,1477,4509,0,60,60
1477,99066,0,1000,1478,4509,0,60,60
1478,99067,0,1000,1479,3130,0,64,60
1479,99068,0,1000,1480,4509,0,60,60
1480,99069,0,1000,1481,4509,0,60,60
1481,99070,0,5000,1736,4772,0,0,60
1482,99094,0,1000,1483,4509,0,60,60
1483,99072,0,500,0,4509,0,60,60
1487,99073,0,1000,2014,9926,0,60,60
1488,99074,0,500,0,9926,0,64,60
1489,100829,0,500,1490,0,0,60,60
1490,100828,0,500,5060,0,0,60,60
1491,99075,0,1000,1492,4509,0,185,60
1492,99076,0,500,0,4509,0,65,60
1493,99578,0,500,0,4509,0,60,60
1494,100831,0,500,1495,0,0,60,60
1495,100832,0,500,5062,0,0,60,60
1496,99613,0,500,0,4509,0,84,60
1501,99077,0,1000,1503,0,0,68,60
1503,99079,0,1000,1663,0,0,185,60
1506,100834,0,500,5553,0,0,60,60
1507,97612,0,500,1506,0,0,60,60
1509,98858,0,1000,1510,4509,0,60,60
1510,98859,0,500,0,4509,0,185,60
1511,98855,0,500,0,4509,0,185,60
1512,98856,0,1000,1513,4509,0,64,60
1513,98857,0,500,0,4509,0,60,60
1514,98846,0,1000,1515,4509,0,60,60
1515,98847,0,500,0,4509,0,74,60
1516,98850,0,1000,1517,4509,0,60,60
1517,98851,0,1000,1518,4509,0,60,60
1518,98852,0,500,0,4509,0,60,60
1519,100842,0,500,0,0,1,74,74
1520,100640,0,1000,8590,0,0,60,60
1521,100641,0,500,0,0,0,60,60
1522,100865,0,1000,1523,0,0,60,60
1523,100866,0,500,0,0,0,60,60
1524,100868,0,1000,1525,0,0,60,60
1525,100869,0,500,0,0,0,0,60
1526,100870,0,8000,0,0,0,60,60
1527,100642,0,500,0,0,0,60,60
1528,100673,0,500,0,0,0,60,60
1529,100674,0,500,0,0,0,60,60
1530,100675,0,500,0,0,0,60,60
1531,100678,0,500,0,0,1,60,60
1532,100679,0,500,0,0,0,60,60
1533,100681,0,500,0,0,0,60,60
1534,100682,0,500,0,0,0,60,60
1535,100683,0,500,0,0,0,60,60
1536,100800,0,500,0,0,0,60,60
1537,100801,0,500,0,0,0,60,60
1538,100802,0,500,0,0,0,60,60
1539,100803,0,500,0,0,0,60,60
1540,100804,0,500,0,0,1,60,60
1541,100867,0,8000,0,0,0,60,60
1542,100871,0,8000,0,0,0,60,60
1543,100893,0,1000,1544,0,0,60,60
1544,100894,0,1000,1545,0,0,60,60
1545,100895,0,1000,1546,0,0,0,60
1546,100896,0,1000,1547,0,0,60,60
1547,100897,0,500,0,0,0,60,60
1548,100901,0,500,0,0,1,60,60
1549,100902,0,500,0,0,1,60,60
1550,100907,0,500,0,0,1,60,60
1551,100908,0,500,0,0,0,60,60
1552,100909,0,500,0,0,0,60,60
1553,100910,0,500,0,0,0,60,60
1554,100911,0,500,0,0,0,60,60
1555,100912,0,0,0,0,0,60,60
1556,100913,0,1000,8705,0,0,60,60
1557,93370,0,2000,1558,0,0,60,60
1558,97462,0,2000,0,0,0,60,60
1559,97429,0,3000,0,0,0,60,60
1561,97451,0,2000,1562,0,0,60,60
1562,97461,0,1000,0,0,0,60,60
1563,97444,0,2000,1564,0,0,60,60
1564,97463,0,2000,1565,0,0,60,60
1565,97464,0,2000,0,0,0,60,60
1566,97611,0,3000,0,0,0,60,60
1567,97613,0,2000,1568,0,0,60,60
1568,94733,0,3000,0,0,1,74,60
1569,93850,0,2000,1829,0,0,60,60
1570,97633,0,3000,0,0,0,60,60
1571,100970,0,5000,1572,0,0,60,60
1572,100971,0,5000,1573,0,0,60,60
1573,100973,0,5000,1574,0,0,60,60
1574,100974,0,2000,1575,0,0,0,60
1575,100976,0,5000,1576,0,0,60,60
1576,100978,0,5000,0,0,0,60,60
1577,93851,0,1000,0,0,1,60,60
1580,93268,0,2000,0,0,0,60,60
1581,93269,0,1000,0,0,0,60,60
1582,93272,0,2000,0,0,0,60,60
1583,97815,0,2000,0,0,0,60,60
1584,93296,0,2000,0,0,0,60,60
1585,97818,0,2000,0,0,0,60,60
1586,97819,0,2000,0,0,0,60,60
1587,94657,0,1500,1806,0,0,60,60
1588,93302,0,2000,0,0,0,60,60
1589,93201,0,2000,0,0,0,60,60
1590,94679,0,3000,1591,0,0,60,60
1591,94680,0,2000,1592,0,0,60,60
1592,94863,0,5000,1593,0,0,60,60
1593,96197,0,5000,1594,0,0,60,60
1594,96185,0,1000,0,0,0,60,60
1595,101023,0,500,0,0,0,60,60
1596,101024,0,500,0,0,0,60,60
1597,101030,0,8000,0,0,0,60,60
1598,101037,0,500,0,0,0,60,60
1599,101038,0,5000,1600,0,0,60,60
1600,101039,0,5000,1601,0,0,60,60
1601,101040,0,5000,1602,0,0,60,60
1602,101041,0,5000,1621,0,0,60,60
1603,101043,0,500,0,0,0,60,60
1604,95010,0,1000,0,0,0,60,60
1605,94206,0,1000,0,0,0,60,60
1606,101059,0,8000,0,0,0,60,60
1607,101062,0,8000,0,0,0,60,60
1608,101063,0,8000,0,0,0,60,60
1609,100376,0,500,1618,0,0,60,60
1611,101099,0,500,1612,0,0,60,60
1612,101080,0,500,1613,0,0,60,60
1613,101081,0,500,0,0,0,60,60
1614,100755,0,500,1615,0,0,60,60
1615,100756,0,500,1616,0,0,60,60
1616,101100,0,500,0,0,0,60,60
1617,101101,0,500,0,0,0,60,60
1618,100377,0,500,1619,0,0,60,60
1619,101085,0,500,1717,0,0,60,60
1621,101131,0,5000,1626,0,0,60,60
1622,101172,0,500,1623,0,0,60,60
1623,101173,0,500,0,0,0,60,60
1624,101179,0,8000,0,0,0,60,60
1625,101179,0,8000,0,0,0,60,60
1626,101190,0,500,0,0,0,60,60
1627,101216,0,500,0,0,1,60,60
1628,101217,0,500,0,0,0,60,60
1629,101218,0,8000,0,0,0,60,60
1630,101219,0,500,0,0,0,60,60
1631,101220,0,8000,0,0,0,60,60
1632,101229,0,500,0,0,0,60,60
1633,101232,0,500,0,0,1,60,60
1634,101233,0,500,0,0,0,60,60
1635,101234,0,500,0,0,0,60,60
1636,101236,0,500,0,0,1,60,60
1637,101235,0,8000,0,0,0,60,60
1638,101238,0,8000,0,0,0,60,60
1639,101239,0,500,0,0,1,60,60
1640,101240,0,500,0,0,0,60,60
1641,101241,0,500,0,0,0,60,60
1642,101242,0,500,0,0,0,60,60
1643,101243,0,500,0,0,0,60,60
1644,101244,0,8000,0,0,0,60,60
1645,101245,0,500,0,0,0,60,60
1646,101246,0,8000,0,0,0,60,60
1648,101249,0,500,0,0,0,60,60
1649,101250,0,500,0,0,1,60,60
1650,101251,0,500,0,0,0,60,60
1651,101252,0,500,0,0,1,60,60
1652,101254,0,500,0,0,0,60,60
1653,101255,0,8000,0,0,1,60,60
1654,101256,0,8000,0,0,0,60,60
1655,101257,0,500,0,0,0,60,60
1656,101258,0,8000,0,0,0,60,60
1657,101259,0,500,0,0,0,60,60
1658,101260,0,8000,0,0,0,60,60
1659,101261,0,500,0,0,0,60,60
1661,99080,0,1000,1662,0,0,60,60
1662,99081,0,500,0,0,0,60,60
1663,0,0,0,0,0,0,60,60
1664,101309,0,500,0,0,0,60,60
1665,101310,0,500,0,0,0,60,60
1666,101311,0,500,0,0,0,60,60
1667,101312,0,500,0,0,0,60,60
1668,101313,0,500,0,0,0,60,60
1669,101314,0,500,0,0,0,60,60
1670,101315,0,500,0,0,0,60,60
1677,101386,0,500,0,0,0,60,60
1678,101387,0,500,0,0,0,60,60
1679,101388,0,8000,0,0,0,60,60
1680,101389,0,8000,0,0,0,60,60
1681,101403,0,8000,0,0,0,60,60
1682,101398,0,500,0,0,1,60,60
1683,100005,0,500,1684,9926,0,65,65
1684,100571,0,500,0,9926,0,65,65
1685,101418,0,500,0,0,1,60,60
1686,101404,552,8000,0,0,0,60,60
1687,101405,0,500,0,0,0,60,60
1688,101247,0,8000,0,0,0,60,60
1689,101368,0,5000,1690,0,0,60,60
1690,101369,0,500,0,0,0,60,60
1691,101425,0,500,0,0,0,60,60
1692,101426,0,500,0,0,0,60,60
1695,101437,0,500,0,0,0,60,60
1698,101446,0,500,1699,0,0,60,60
1699,101449,0,500,1700,0,0,60,60
1700,101447,0,500,0,0,0,60,60
1701,101452,0,500,1702,0,0,60,60
1702,101453,0,500,0,0,0,60,60
1704,101502,0,8000,0,0,0,60,60
1705,101503,0,8000,0,0,0,60,60
1717,101092,0,500,3225,0,0,60,60
1724,101539,0,2000,0,0,1,65,70
1725,101545,0,2000,0,0,1,64,84
1726,101518,0,5000,0,0,0,60,60
1727,101482,0,500,1728,0,1,60,60
1728,101491,0,500,1729,0,1,60,60
1729,101495,0,500,0,0,1,60,60
1730,101500,0,500,0,0,1,60,60
1731,101433,0,500,0,0,0,60,60
1733,101619,0,500,0,0,0,60,60
1734,101432,0,500,0,0,0,60,60
1736,99665,0,1000,1737,3130,0,81,60
1737,99666,0,1000,1738,4509,0,60,60
1738,99667,0,3000,1739,4509,0,60,60
1739,99669,0,2000,1828,4509,0,60,60
1740,101010,0,500,1741,0,0,60,60
1741,101634,0,500,1742,0,0,60,60
1742,101011,0,500,1748,0,0,60,60
1743,101012,0,500,1744,0,0,60,60
1744,101013,0,500,1745,0,0,60,60
1745,101636,0,500,1746,0,0,60,60
1746,101637,0,500,1747,0,0,60,60
1747,101638,0,500,8685,0,0,60,60
1748,101645,0,500,1749,0,0,60,60
1749,101646,0,500,1743,0,0,60,60
1750,94425,0,5000,1751,0,0,60,60
1751,94426,0,7000,1752,0,1,60,60
1752,98557,0,3000,1753,0,1,60,60
1753,101715,0,500,0,0,0,60,60
1754,96689,0,1000,1755,0,0,60,60
1755,101307,0,500,0,0,0,60,60
1756,101731,0,1000,1757,9926,0,60,60
1757,101732,0,1000,1759,9926,0,60,60
1759,101733,0,500,0,9926,0,60,60
1760,101738,0,2000,0,0,1,60,186
1761,96903,0,5000,1762,0,0,60,60
1762,98164,0,500,0,0,0,60,60
1764,101770,0,0,1765,0,0,60,60
1765,101771,0,0,1766,0,0,60,60
1766,101772,0,0,1767,0,0,60,60
1767,101773,0,0,2072,0,0,60,60
1768,97437,0,5000,0,0,0,60,60
1769,97442,0,5000,0,0,0,60,60
1770,97443,0,5000,0,0,0,60,60
1771,97445,0,5000,0,0,0,60,60
1773,97426,0,5000,0,0,0,60,60
1774,95779,0,5000,0,0,0,60,60
1779,101779,0,1000,1780,4509,1,60,60
1780,101780,0,2000,2938,4509,1,60,60
1782,97536,0,250,1783,0,0,60,60
1783,97537,0,0,0,0,0,60,60
1784,97551,0,5000,0,0,0,60,60
1785,96379,0,0,0,0,0,60,60
1786,97552,0,250,1787,0,0,60,60
1787,98165,0,250,0,0,0,60,60
1788,97553,0,250,1789,0,0,60,60
1789,98166,0,1000,0,0,0,60,60
1790,101003,0,500,1791,0,0,60,60
1791,101004,0,500,1792,0,0,60,60
1792,101005,0,500,3188,0,1,60,60
1794,98533,0,5000,0,0,0,60,60
1795,101440,0,5000,0,0,0,60,60
1796,101835,0,1000,1797,0,0,60,60
1797,101837,0,1000,0,0,0,60,60
1798,94839,0,2000,1799,0,0,60,60
1799,94838,0,2000,0,0,0,60,60
1806,93302,0,1000,0,0,0,60,60
1809,101948,0,1000,0,0,0,60,60
1810,93268,0,1000,1811,0,0,60,60
1811,101996,0,1000,0,0,0,60,60
1812,99530,0,500,1813,0,0,60,60
1813,101995,0,0,1814,0,0,60,60
1814,101999,0,500,0,0,0,60,60
1815,97430,0,3000,0,0,0,60,60
1816,114818,0,3000,1817,0,0,60,60
1817,114819,0,1000,0,0,0,60,60
1819,102022,0,500,0,0,0,60,60
1820,102011,0,1000,1821,0,0,60,60
1821,102012,0,500,0,0,0,60,60
1822,102013,0,500,0,0,0,60,60
1823,102014,0,500,0,0,0,60,60
1824,102021,0,500,1825,0,0,60,60
1825,102023,0,500,0,0,0,60,60
1826,102024,0,500,1827,0,0,60,60
1827,102025,0,500,0,0,0,60,60
1828,102029,0,500,0,9927,0,65,60
1829,102064,0,2000,0,0,0,60,60
1830,102097,0,500,0,0,1,60,113
1831,98840,0,500,0,0,1,60,113
1832,98874,0,500,1833,0,1,60,65
1833,105412,0,500,0,0,1,65,60
1834,101878,0,1000,1835,0,1,60,60
1835,101879,0,1500,1836,0,0,60,60
1836,101880,0,500,0,0,0,60,60
1837,97604,0,500,0,0,0,60,60
1838,97605,0,500,0,0,0,60,60
1839,97606,0,500,0,0,0,60,60
1840,97526,0,500,0,0,0,60,60
1841,97527,0,500,0,0,0,60,60
1842,97528,0,500,0,0,0,60,60
1843,101504,0,500,1844,0,0,60,60
1844,101505,0,0,1845,0,0,84,84
1845,101506,0,500,1894,0,0,60,113
1847,102172,0,500,1848,0,0,60,65
1848,102179,0,500,1849,0,0,60,64
1849,102183,0,500,0,0,0,60,65
1850,102188,0,500,1851,0,0,60,113
1851,102192,0,500,0,0,0,60,113
1853,102237,0,5000,3947,0,0,60,60
1858,102246,0,1000,1859,0,1,60,60
1859,102249,0,1500,0,0,0,60,60
1860,102263,0,500,6479,0,0,60,60
1863,102276,0,500,1864,0,0,60,60
1864,102277,0,500,1865,0,0,60,60
1865,102278,0,500,1866,0,0,60,60
1866,102279,0,500,893,0,0,60,60
1870,101308,0,500,1871,7892,0,60,60
1871,101513,0,500,1872,9283,0,60,64
1872,101537,0,500,1873,0,0,65,70
1873,101514,0,500,0,9284,0,64,185
1875,102578,0,3000,0,0,0,60,60
1876,102413,0,2000,1877,0,0,60,60
1877,102414,0,2000,1883,0,0,60,60
1878,102415,0,2000,1879,0,0,60,60
1879,102416,0,2000,1880,0,0,60,60
1880,102417,0,2000,1881,0,0,60,60
1881,102418,0,2000,1884,0,0,60,60
1883,102420,0,2000,1878,0,0,60,60
1884,102421,0,2000,1885,0,0,60,60
1885,102423,0,2000,1968,0,0,60,60
1886,98946,0,1500,1887,0,1,60,60
1887,105418,0,500,0,0,1,77,60
1888,98949,0,3000,1889,0,1,60,60
1889,105419,0,500,0,0,1,77,60
1890,98947,0,5000,1891,0,1,60,60
1891,98948,0,500,0,0,1,60,60
1892,98950,0,5000,0,0,1,60,60
1893,98945,0,5000,0,0,1,60,60
1894,102435,0,500,0,0,0,60,113
1904,102445,0,500,0,0,0,60,60
1911,102271,0,3000,1912,0,0,60,60
1912,102272,0,6000,0,0,0,60,60
1967,0,0,0,7154,0,0,60,60
1968,102648,0,2000,1969,0,0,60,60
1969,102649,0,2000,5014,0,0,60,60
1978,102664,0,3000,1980,0,0,60,60
1980,102666,0,3000,1981,0,0,60,60
1981,102668,0,1000,1982,0,0,60,60
1982,102669,0,1000,0,0,0,60,60
1983,93756,0,500,1984,0,0,60,60
1984,93757,0,500,1985,0,0,60,60
1985,93758,0,0,1986,0,0,60,60
1986,93759,0,0,1987,0,0,60,60
1987,93760,0,0,1988,0,0,60,60
1988,93761,0,0,0,0,0,60,60
1989,93762,0,0,1990,0,0,60,60
1990,93763,0,0,0,0,0,60,60
1991,93764,0,0,0,0,0,60,60
1992,93765,0,500,1993,0,0,60,60
1993,93766,0,500,1994,0,0,60,60
1994,93767,0,500,1995,0,0,60,60
1995,93768,0,500,1996,0,0,60,60
1996,93769,0,500,0,0,0,60,60
1997,93771,0,0,1998,0,0,60,60
1998,93772,0,0,1999,0,0,60,60
1999,93773,0,0,2000,0,0,60,60
2000,93774,0,0,0,0,0,60,60
2001,93775,0,500,2002,0,0,60,60
2002,93776,0,500,2003,0,0,60,60
2003,93777,0,500,0,0,0,60,60
2010,102710,0,0,0,0,1,60,60
2011,102712,0,0,0,0,1,60,60
2012,102715,0,0,0,0,1,60,60
2013,102716,0,0,0,0,1,60,60
2014,102768,0,1000,1488,9926,0,60,60
2017,95485,0,5000,0,0,1,0,60
2019,102920,78679,500,0,0,1,60,60
2021,102965,0,500,2022,0,0,60,60
2022,102966,0,0,2023,0,0,60,60
2023,102967,0,500,2024,0,0,60,60
2024,102968,0,500,8548,0,0,60,60
2025,102971,0,100,2026,0,0,60,60
2026,102973,0,200,2027,0,0,60,60
2027,102974,0,500,0,0,0,60,60
2037,103040,0,4000,2043,0,1,60,60
2038,114432,0,1500,2039,0,0,60,60
2039,114438,0,2000,5367,0,0,60,60
2040,114442,0,1000,0,0,0,60,60
2042,103122,0,500,0,0,0,60,60
2043,103084,0,500,0,0,0,60,60
2045,0,0,0,0,0,0,60,60
2046,99532,0,2000,2047,0,0,60,60
2047,103140,0,500,0,0,0,60,60
2048,103152,0,0,2049,0,0,60,60
2049,103153,0,0,2050,0,0,60,60
2050,103156,0,0,0,0,0,60,60
2051,103180,0,2000,2052,0,0,60,60
2052,103181,0,1000,0,0,0,60,60
2055,103180,0,6000,2056,0,0,60,60
2056,103181,0,4000,0,0,0,60,60
2057,100505,0,5000,0,0,1,0,60
2058,99930,0,5000,3226,0,1,0,60
2059,100472,0,5000,0,0,1,0,60
2060,103185,0,6000,2061,0,0,60,60
2061,103186,0,13000,2062,0,0,60,60
2062,103187,0,2000,0,0,0,60,60
2063,100367,0,1000,0,0,1,0,60
2064,94738,0,500,2065,0,0,60,60
2065,94917,0,500,0,0,0,60,60
2066,100373,0,5000,2067,0,1,0,60
2067,100662,0,1000,0,0,0,0,60
2068,95076,0,500,0,0,0,60,60
2069,95077,0,500,0,0,0,60,60
2070,95078,0,500,0,0,0,60,60
2071,94997,0,500,0,0,0,60,60
2072,0,0,0,2045,0,0,60,60
2073,100663,0,1000,0,0,0,0,60
2074,100665,0,1000,0,0,0,0,60
2075,91784,0,1000,2076,0,1,60,60
2076,91786,0,1000,2077,0,1,60,60
2077,91785,0,500,0,0,0,60,60
2078,0,0,1000,2079,0,0,60,60
2079,91770,0,1000,2080,0,0,60,60
2080,91772,0,500,0,0,0,60,60
2081,91773,0,1000,2085,0,0,60,60
2082,91775,0,500,0,0,1,60,60
2083,102354,0,500,2084,0,0,60,60
2084,102382,0,500,0,0,0,60,60
2085,0,11726,5000,2082,0,0,60,60
2086,102355,0,500,2087,0,0,60,60
2087,102383,0,500,0,0,0,60,60
2088,102357,0,500,2089,0,0,60,60
2089,102384,0,500,0,0,0,60,60
2090,91778,0,500,2091,0,0,60,60
2091,91779,0,3000,2093,0,1,60,60
2092,91780,0,500,0,0,0,60,60
2093,91781,0,1000,2092,0,1,60,60
2094,102379,0,500,2095,0,0,60,60
2095,102350,0,500,0,0,0,60,60
2096,102380,0,500,2097,0,0,60,60
2097,102352,0,500,0,0,0,60,60
2098,102381,0,500,2099,0,0,60,60
2099,102353,0,500,0,0,0,60,60
2101,103236,0,1000,8595,0,0,60,60
2102,103237,0,2000,0,0,0,60,60
2103,103240,0,2000,0,0,0,60,60
2104,103243,0,2000,0,0,0,60,60
2105,103244,0,2000,0,0,0,60,60
2106,103245,0,2000,0,0,0,60,60
2108,103231,0,882,0,0,1,60,60
2121,100593,0,1252,0,0,1,60,60
2134,100594,0,1055,0,0,1,60,60
2147,100595,0,1597,0,0,1,60,60
2160,100596,0,1050,0,0,1,60,60
2173,100815,0,373,2174,0,1,60,60
2174,101528,0,1041,0,0,1,60,60
2187,100816,0,600,2188,0,1,60,60
2188,101529,0,811,0,0,1,60,60
2201,100817,0,300,2202,0,1,60,60
2202,101530,0,970,0,0,1,60,60
2203,103025,0,500,0,0,1,60,60
2204,103027,0,500,0,0,1,60,60
2205,103037,0,500,0,0,1,60,60
2206,103024,0,500,0,0,1,60,60
2207,103023,0,500,0,0,1,60,60
2208,103026,0,500,0,0,1,60,60
2209,103287,0,1000,2210,0,0,60,60
2210,103268,0,2000,2211,0,0,60,60
2211,103288,0,1000,0,0,0,60,60
2228,0,0,0,0,0,0,60,60
2229,103354,0,0,0,0,1,60,60
2230,103355,0,0,0,0,0,60,60
2231,103356,0,500,0,0,1,60,60
2232,103357,0,500,0,0,0,60,60
2233,103358,0,500,0,0,1,60,60
2234,103359,0,0,0,0,1,60,60
2235,103360,0,500,0,0,1,60,60
2236,103361,0,500,0,0,1,60,60
2237,103362,0,500,0,0,1,60,60
2238,103363,0,500,0,0,1,60,60
2239,103364,0,8000,0,0,0,60,60
2240,103365,0,500,0,0,1,60,60
2241,103366,0,500,0,0,1,60,60
2242,103394,0,2000,0,0,0,60,60
2243,103395,0,2000,0,0,0,60,60
2244,103397,0,2000,0,0,0,60,60
2245,103398,0,2000,8594,0,0,60,60
2246,102330,0,500,2247,0,0,60,60
2247,102358,0,500,0,0,0,60,60
2248,102331,0,500,2249,0,0,60,60
2249,102359,0,500,0,0,0,60,60
2250,102332,0,500,2251,0,0,60,60
2251,102360,0,500,0,0,0,60,60
2252,102333,0,500,2253,0,0,60,60
2253,102361,0,500,0,0,0,60,60
2254,102334,0,500,2255,0,0,60,60
2255,102362,0,500,0,0,0,60,60
2256,102335,0,500,2257,0,0,60,60
2257,102363,0,500,0,0,0,60,60
2258,102336,0,500,2259,0,0,60,60
2259,102364,0,500,0,0,0,60,60
2260,102337,0,500,2261,0,0,60,60
2261,102365,0,500,0,0,0,60,60
2268,103414,0,500,0,0,0,60,60
2269,103422,0,8000,0,0,1,60,60
2270,103429,0,500,0,0,0,60,60
2271,103431,0,8000,0,0,0,60,60
2272,103433,0,500,0,0,0,60,60
2273,101285,0,0,2274,0,0,60,60
2274,101286,0,3000,2275,0,0,60,60
2275,101288,0,0,2276,0,0,60,60
2276,101293,0,0,2277,0,0,60,60
2277,101294,0,0,2278,0,0,60,60
2278,101295,0,0,2279,0,0,60,60
2279,101296,0,0,2280,0,1,60,60
2280,101297,0,0,2281,0,1,60,60
2281,101300,0,0,8757,0,1,60,60
2282,103440,0,8000,0,0,1,60,60
2283,103455,0,0,0,0,0,60,60
2284,103456,0,0,0,0,0,60,60
2285,103457,0,500,0,0,0,60,60
2286,103458,0,500,0,0,0,60,60
2287,100022,0,1000,2288,0,0,60,60
2288,103461,0,500,2289,0,0,60,60
2289,96305,0,500,0,0,1,60,60
2290,93672,0,1000,2291,0,0,60,60
2291,93673,0,0,0,0,0,60,60
2293,93870,0,1000,2294,0,0,60,60
2294,93871,0,0,0,0,0,60,60
2295,93995,0,1000,2296,0,0,60,60
2296,93996,0,1000,0,0,0,60,60
2297,94077,0,16000,2295,0,0,60,60
2298,103479,0,500,2299,0,0,60,60
2299,103480,0,500,0,0,0,60,60
2300,103481,0,500,2298,0,0,60,60
2301,103488,0,500,6555,0,0,60,60
2302,103487,0,5000,2303,0,0,60,60
2303,103485,0,5000,2304,0,0,60,60
2304,103486,0,5000,2305,0,0,60,60
2305,103489,0,500,0,0,0,60,60
2306,103505,0,500,0,0,0,60,60
2308,103566,0,500,0,0,0,60,60
2309,103567,0,5000,2310,0,0,60,60
2310,103568,0,500,0,0,0,60,60
2316,103582,0,3000,2317,0,0,60,60
2317,103583,0,3000,2318,0,0,60,60
2318,103584,0,2000,0,0,0,60,60
2319,103587,0,2000,0,0,1,60,60
2320,103572,0,3000,2322,0,0,60,60
2321,0,0,1000,2320,0,0,60,60
2322,103588,0,500,0,0,0,60,60
2325,103622,0,500,2326,0,0,60,60
2326,103623,0,500,2328,0,0,60,60
2328,103625,0,500,3153,0,0,60,60
2329,103626,0,500,2330,0,0,60,60
2330,103627,0,500,3295,0,0,60,60
2331,103628,0,5000,2332,0,0,60,60
2332,103629,0,5000,0,0,0,60,60
2333,0,0,1000,2334,0,0,60,60
2334,103632,0,4000,2335,0,0,60,60
2335,103633,0,1000,0,0,0,60,60
2336,103595,0,500,0,0,0,60,60
2338,103635,0,2000,2339,0,0,60,60
2339,103636,0,3000,2340,0,0,60,60
2340,103637,0,500,0,0,0,60,60
2341,103598,0,0,0,0,1,60,60
2342,103599,0,1000,2343,0,0,60,60
2343,103600,0,500,0,0,0,60,60
2344,103603,0,500,0,0,1,60,60
2345,103604,0,5000,0,0,0,60,60
2346,103643,0,3000,0,0,1,60,60
2347,103606,0,1000,2348,0,0,60,60
2348,103607,0,500,0,0,0,60,60
2350,103638,0,3000,2393,0,0,60,60
2351,94632,0,1000,2352,0,1,60,60
2352,94633,0,1000,0,0,1,60,60
2353,94635,0,1000,2354,0,1,60,60
2354,94636,0,1000,0,0,1,60,60
2356,94598,0,1000,0,0,1,60,60
2357,94638,0,1000,0,0,1,60,60
2358,94639,0,1000,0,0,1,60,60
2359,94641,0,1000,2360,0,1,60,60
2360,95055,0,1000,2361,0,1,60,60
2361,95059,0,1000,0,0,1,60,60
2362,103653,0,2000,2364,0,0,60,60
2363,103656,0,5000,2366,0,0,60,60
2364,103654,0,2000,2365,0,0,60,60
2365,103655,0,1000,0,0,0,60,60
2366,103657,0,1000,0,0,0,60,60
2367,95567,0,1000,2368,0,1,60,60
2368,95568,0,0,0,0,1,60,60
2369,95953,0,1000,2370,0,1,60,60
2370,95954,0,1000,2371,0,0,60,60
2371,95955,0,1000,2372,0,0,60,60
2372,95958,0,1000,2373,0,0,60,60
2373,95959,0,1000,0,0,0,60,60
2374,95960,0,1000,2375,0,0,60,60
2375,95961,0,1000,2376,0,0,60,60
2376,95962,0,1000,0,0,0,60,60
2380,96049,0,1000,2381,0,1,60,60
2381,96106,0,0,0,0,1,60,60
2382,103608,0,0,0,0,1,60,60
2383,103609,0,0,0,0,0,60,60
2384,103610,0,0,0,0,1,60,60
2385,103611,0,0,0,0,1,60,60
2386,103612,0,5000,0,0,0,60,60
2387,103674,0,6000,2388,0,0,60,60
2388,103675,0,1000,0,0,0,60,60
2390,103681,0,4000,2391,0,0,60,60
2391,103696,0,500,0,0,0,60,60
2393,103681,0,3000,0,0,0,60,60
2397,0,0,5000,2399,0,0,60,60
2399,107955,0,5000,0,0,0,60,60
2401,103694,0,5000,2402,0,0,60,60
2402,103695,0,5000,0,0,0,60,60
2405,102787,0,500,2406,0,0,60,60
2406,102789,0,500,0,0,0,60,60
2407,102788,0,500,2408,0,0,60,60
2408,102791,0,500,0,0,0,60,60
2409,103714,0,5000,2410,0,0,60,60
2410,103715,0,5000,3854,0,0,60,60
2411,103716,0,5000,2412,0,1,60,60
2412,103717,0,5000,8113,0,1,60,60
2413,103718,0,5000,2414,0,0,60,60
2414,103719,0,5000,0,0,0,60,60
2415,103720,0,5000,0,0,0,60,60
2416,103721,0,1000,2417,0,1,60,60
2417,103722,0,1000,0,0,1,60,60
2418,103723,0,5000,0,0,0,60,60
2419,103724,0,5000,0,0,0,60,60
2420,103725,0,500,2421,0,1,60,60
2421,103726,0,500,2422,0,1,60,60
2422,103727,0,500,2423,0,1,60,60
2423,103728,0,500,3857,0,1,60,60
2426,103732,0,5000,2427,0,0,60,60
2427,103733,0,10000,2428,0,0,60,60
2428,103734,0,500,0,0,0,60,60
2431,102792,0,500,2432,0,0,60,60
2432,102793,0,500,0,0,0,60,60
2433,103743,0,500,0,0,0,60,60
2434,103744,0,500,0,0,0,60,60
2435,103745,0,500,0,0,0,60,60
2436,103746,0,500,0,0,0,60,60
2437,103747,0,500,0,0,0,60,60
2438,103748,0,500,0,0,0,60,60
2439,103749,0,500,0,0,0,60,60
2440,103750,0,500,0,0,0,60,60
2441,103764,0,500,0,0,0,60,60
2442,103751,0,500,0,0,0,60,60
2443,103752,0,500,0,0,0,60,60
2444,103753,0,500,0,0,0,60,60
2445,103754,0,500,0,0,0,60,60
2446,103755,0,500,0,0,0,60,60
2447,103756,0,500,0,0,0,60,60
2448,103757,0,500,0,0,0,60,60
2449,103758,0,500,0,0,1,60,60
2450,103759,0,500,0,0,0,60,60
2451,103760,0,500,0,0,1,60,60
2452,103761,0,500,0,0,1,60,60
2453,103762,0,500,0,0,1,60,60
2454,103763,0,500,0,0,1,60,60
2455,103766,0,2000,2456,0,0,60,60
2456,103769,0,2000,2457,0,0,60,60
2457,103772,0,2000,8171,0,0,60,60
2458,103769,0,500,2459,0,0,60,60
2459,103770,0,500,2460,0,0,60,60
2460,103771,0,500,0,0,0,60,60
2461,103772,0,500,2462,0,0,60,60
2462,103773,0,500,2463,0,0,60,60
2463,103771,0,500,0,0,0,60,60
2464,103778,0,2000,8587,0,1,60,60
2466,103682,0,4000,0,0,0,60,60
2469,103784,0,2000,2470,0,0,60,60
2470,103785,0,2000,2475,0,0,60,60
2475,103790,0,2000,2476,0,0,60,60
2476,103791,0,2000,2477,0,0,60,60
2477,103792,0,2000,2479,0,0,60,60
2478,103793,0,2000,2481,0,0,60,60
2479,103794,0,2000,2478,0,0,60,60
2481,103796,0,2000,2482,0,0,60,60
2482,103797,0,2000,2483,0,0,60,60
2483,103798,0,500,2484,0,0,60,60
2484,103799,0,500,2485,0,0,60,60
2485,103800,0,500,2486,0,0,60,60
2486,103801,0,500,2487,0,0,60,60
2487,103803,0,2000,2488,0,0,60,60
2488,103804,0,2000,2490,0,0,60,60
2490,103807,0,2000,2491,0,0,60,60
2491,103808,0,2000,2501,0,0,60,60
2492,103809,0,2000,2500,0,0,60,60
2494,104119,0,500,0,0,1,60,60
2495,103836,0,500,0,0,1,60,60
2496,103838,0,2000,0,0,0,60,60
2498,95779,0,5000,0,0,0,60,60
2500,0,0,0,0,0,0,60,60
2501,0,0,0,2492,0,0,60,60
2502,103851,0,500,0,0,0,60,60
2503,103852,0,500,0,0,0,60,60
2504,103853,0,500,0,0,0,60,60
2505,103854,0,500,0,0,0,60,60
2506,103855,0,500,0,0,0,60,60
2507,103856,0,500,0,0,0,60,60
2508,103861,0,500,0,0,0,60,60
2509,103857,0,500,0,0,0,60,60
2510,103858,0,500,0,0,0,60,60
2511,103860,0,500,0,0,0,60,60
2512,103859,0,500,0,0,0,60,60
2513,103868,0,500,0,0,0,60,60
2514,103862,0,500,0,0,0,60,60
2515,103869,0,500,0,0,0,60,60
2516,103872,0,500,2517,0,0,60,60
2517,103873,0,500,2519,0,0,60,60
2519,103875,0,500,2520,0,0,60,60
2520,103876,0,500,2521,0,0,60,60
2521,103877,0,500,0,0,0,60,60
2522,103843,0,3000,2523,0,1,60,60
2523,103844,0,4000,2524,0,1,60,60
2524,103845,0,2000,0,0,1,60,60
2529,0,0,500,2287,0,0,60,60
2536,103909,0,5000,0,0,1,60,60
2537,103910,0,0,0,0,1,60,60
2538,103911,0,5000,0,0,0,60,60
2539,103915,0,3000,2541,0,0,60,60
2541,103917,0,3000,2543,0,1,60,60
2543,103919,0,3000,8611,0,0,60,60
2544,103927,0,500,2545,0,0,60,60
2545,103928,0,500,2546,0,0,60,60
2546,103929,0,500,0,0,0,60,60
2548,99176,0,1000,2551,0,0,60,60
2549,99175,0,1000,2548,0,0,60,60
2550,96107,0,1000,2549,0,0,60,60
2551,99177,0,1000,2552,0,0,60,60
2552,99178,0,1000,0,0,1,60,60
2553,99179,0,1000,0,0,1,60,60
2562,102485,0,500,2563,0,0,60,60
2563,102486,0,500,0,0,0,60,60
2566,102488,0,500,2567,0,0,60,60
2567,102489,0,500,0,0,0,60,60
2568,103972,0,0,0,0,0,60,60
2573,95058,0,0,0,0,1,60,60
2574,95056,0,1000,2573,0,1,60,60
2576,103992,0,1000,2577,0,0,60,60
2577,103993,0,500,0,0,0,60,60
2579,103995,0,1250,2580,0,0,60,60
2580,103996,0,1500,2581,0,0,60,60
2581,103997,0,1250,2582,0,0,60,60
2582,103998,0,1500,2583,0,0,60,60
2583,103999,0,1250,2584,0,0,60,60
2584,104000,0,1250,2585,0,0,60,60
2585,104001,0,1250,2586,0,0,60,60
2586,104002,0,750,2587,0,0,60,60
2587,104003,0,1500,2588,0,0,60,60
2588,104004,0,1250,2589,0,0,60,60
2589,104005,0,1000,0,0,0,60,60
2593,104011,0,1000,2594,0,0,60,60
2594,104012,0,1000,0,0,0,60,60
2598,103994,0,500,0,0,0,60,60
2599,103973,0,500,0,0,0,60,60
2600,104043,0,500,0,0,0,60,60
2602,104044,0,500,0,0,0,60,60
2603,104045,0,500,0,0,0,60,60
2610,96073,0,1000,0,0,0,60,60
2611,96074,0,1000,0,0,0,60,60
2612,96075,0,1000,0,0,0,60,60
2613,96855,0,5000,2614,0,1,60,60
2614,96857,0,1000,0,0,0,60,60
2619,97374,0,5000,0,0,1,60,60
2620,96896,0,5000,0,0,1,60,60
2622,97012,0,2000,0,0,1,60,60
2623,96866,0,5000,0,0,1,60,60
2625,103665,0,3000,2630,0,0,60,60
2630,103474,0,3000,2658,0,0,60,60
2631,103672,0,5000,0,0,0,60,60
2632,104116,0,1000,2633,0,0,60,60
2633,104118,0,1000,0,0,0,60,60
2643,104131,0,1500,2644,0,0,60,60
2644,104132,0,1500,2645,0,0,60,60
2645,104133,0,1500,6470,0,0,60,60
2650,104137,0,500,2651,0,0,60,60
2651,104138,0,500,0,0,0,60,60
2652,96912,0,5000,0,0,0,60,60
2653,104141,0,5000,0,0,0,60,60
2654,104140,0,5000,0,0,0,60,60
2655,97023,0,5000,0,0,1,60,60
2656,97068,0,5000,0,0,0,60,60
2658,104147,0,3000,2659,0,0,60,60
2659,104144,0,3000,3427,0,0,60,60
2660,96928,0,5000,0,9926,1,60,60
2661,96929,0,5000,0,9926,1,60,60
2662,98056,0,5000,0,9926,1,60,60
2674,104214,0,1000,0,0,0,60,60
2676,114229,0,2000,2677,0,0,60,60
2677,116293,0,1000,0,0,0,60,60
2678,104227,0,3000,0,0,0,60,60
2682,104261,0,1000,2683,0,0,60,60
2683,92163,0,500,0,0,0,60,60
2684,104262,0,1000,2685,0,0,60,60
2685,104260,0,500,0,0,0,60,60
2687,97277,0,1000,0,0,0,60,60
2688,97897,0,1000,0,0,0,60,60
2689,98210,0,1000,0,0,0,60,60
2690,97896,0,1000,0,0,0,60,60
2691,97279,0,1000,0,0,0,60,60
2692,97897,0,1000,2693,0,0,60,60
2693,97898,0,1000,0,0,0,60,60
2694,97899,0,1000,0,0,0,60,60
2699,104300,0,15000,2700,0,0,60,60
2700,104301,0,15000,2701,0,0,60,60
2701,104302,0,15000,2702,0,0,60,60
2702,104303,0,15000,2703,0,0,60,60
2703,104304,0,15000,0,0,0,60,60
2704,104316,0,2000,2705,0,0,60,60
2705,104318,0,2000,2706,0,0,60,60
2706,104319,0,1000,0,0,0,60,60
2707,104323,0,1000,0,0,0,60,60
2710,0,0,1000,4248,0,0,60,60
2711,99814,0,1000,0,0,0,60,60
2712,99401,0,1000,2713,0,0,60,67
2713,99402,0,1000,0,0,0,60,60
2714,99401,0,1000,2715,0,0,60,67
2715,99403,0,1000,0,0,0,60,70
2717,104431,0,1000,2718,0,0,60,60
2718,104432,0,0,0,0,0,60,60
2719,104433,0,0,0,0,0,60,60
2722,104436,0,5000,0,0,0,60,60
2723,104614,0,500,0,0,0,60,60
2725,104445,0,4000,2726,0,0,60,60
2726,104446,0,2000,3669,0,0,60,60
2727,104437,0,2000,2725,0,0,60,60
2728,104467,0,5000,0,0,1,60,60
2729,103061,0,500,0,0,1,60,60
2730,103065,0,500,0,0,1,60,60
2731,103067,0,500,0,0,1,60,60
2732,103066,0,500,0,0,1,60,60
2733,103062,0,500,0,0,1,60,60
2734,104474,0,500,0,0,1,60,60
2735,104475,0,1000,2736,0,0,60,60
2736,104476,0,1000,0,0,0,60,60
2737,104083,0,500,0,0,1,60,60
2741,104508,0,2000,2742,0,1,81,60
2742,104509,0,750,2743,0,0,60,60
2743,104510,0,2000,2744,0,0,60,60
2744,104511,0,1000,0,0,0,60,60
2745,104522,0,500,0,0,1,60,60
2753,104543,0,500,0,0,1,60,60
2754,104545,0,500,0,0,1,60,60
2756,104544,0,1000,2757,0,0,60,60
2757,104546,0,1000,0,0,0,60,60
2758,104547,0,500,0,0,1,60,60
2759,104548,0,500,0,0,1,60,60
2772,102920,552,5000,0,0,1,60,60
2773,104558,0,1000,2774,0,0,60,60
2774,104559,0,500,0,0,0,60,60
2781,100317,0,1000,2782,0,0,60,60
2782,100318,0,1000,0,0,0,60,60
2784,100319,0,1000,0,0,0,60,60
2785,100328,0,1000,0,0,0,60,60
2786,100327,0,1000,0,0,0,60,60
2787,100326,0,1000,0,0,0,60,60
2788,100321,0,1000,0,0,0,60,60
2789,100427,0,1000,0,0,0,60,60
2790,101357,0,1000,2791,0,0,60,60
2791,101358,0,1000,0,0,0,60,60
2792,100425,0,1000,0,0,0,60,60
2793,100426,0,1000,0,0,0,60,60
2794,104434,0,1000,2795,0,0,60,60
2795,104435,0,500,0,0,0,60,60
2796,104574,0,1000,0,0,0,60,60
2797,104581,0,3500,2798,0,0,60,60
2798,104582,0,500,0,0,0,60,60
2799,104590,0,3000,0,0,0,60,60
2801,104600,0,6000,0,0,0,60,60
2802,104601,0,6000,0,0,0,60,60
2803,104602,0,6000,0,0,0,60,60
2804,104603,0,6000,0,0,0,60,60
2806,104613,0,2000,2735,0,0,60,60
2808,104616,0,500,0,0,0,60,60
2809,104620,0,3500,0,0,0,60,60
2811,104624,0,3500,0,0,0,60,60
2812,104637,0,3000,0,0,0,60,60
2813,104645,0,500,2814,0,0,60,60
2814,104646,0,500,2815,0,0,60,60
2815,104647,0,500,0,0,0,60,60
2816,104650,0,1000,2817,0,0,60,60
2817,104651,0,500,0,0,0,60,60
2818,104343,0,1000,2710,0,0,60,60
2820,104648,0,1000,0,0,0,60,60
2822,104737,0,3000,2836,0,0,60,60
2823,104755,0,3000,2835,0,0,60,60
2825,101717,0,500,2826,0,0,60,60
2826,104736,0,500,2827,0,0,60,60
2827,104735,0,500,0,0,0,60,60
2828,101718,0,2000,2829,0,0,60,60
2829,101719,0,2000,2830,0,0,60,60
2830,104745,0,2000,2831,0,0,60,60
2831,104742,0,2000,0,0,0,60,60
2832,101721,0,500,2833,0,0,60,60
2833,104746,0,500,2834,0,0,60,60
2834,104744,0,500,0,0,0,60,60
2835,104756,0,2000,4251,0,0,60,60
2836,104757,0,3000,4143,0,0,60,60
2837,104758,0,2000,4144,0,0,60,60
2838,104760,0,2000,2823,0,0,60,60
2840,104822,0,2000,2841,0,0,60,60
2841,104823,0,1000,0,0,0,60,60
2845,104876,0,500,0,0,0,60,60
2846,104878,0,500,8830,0,0,60,60
2847,110245,0,500,0,0,0,60,60
2848,104879,0,500,0,0,0,60,60
2851,104888,0,1000,0,0,0,60,60
2852,104889,0,1000,0,0,0,60,60
2853,104911,0,1000,0,0,0,60,60
2854,104912,0,1000,2855,0,0,60,60
2855,104913,0,0,0,0,0,60,60
2856,104916,0,1000,0,0,0,60,60
2857,104918,0,1000,0,0,0,60,60
2858,104925,0,1000,2859,0,0,60,60
2859,104926,0,0,0,0,0,60,60
2860,104933,0,2000,2861,0,0,60,60
2861,104934,0,500,0,0,0,60,60
2862,104938,0,0,2863,0,1,60,60
2863,104937,0,0,2864,0,1,60,60
2864,104939,0,0,2869,0,1,60,60
2865,104959,0,2000,0,0,0,60,60
2866,102769,0,500,2867,0,0,60,60
2867,102770,0,500,2868,0,0,60,60
2868,102771,0,500,0,0,0,60,60
2869,0,0,0,0,0,0,60,60
2870,102772,0,500,2871,0,0,60,60
2871,102773,0,500,2872,0,0,60,60
2872,102774,0,500,0,0,0,60,60
2873,102775,0,500,2874,0,0,60,60
2874,102776,0,500,2875,0,0,60,60
2875,102777,0,500,0,0,0,60,60
2876,105020,0,500,2877,0,0,60,60
2877,105021,0,500,0,0,0,60,60
2878,105046,0,500,2879,0,0,60,60
2879,105047,0,500,0,0,0,60,60
2887,105055,0,500,2888,0,0,60,60
2888,105057,0,500,0,0,0,60,60
2889,105059,0,500,2890,0,0,60,60
2890,105061,0,500,0,0,0,60,60
2891,105063,0,500,2892,0,0,60,60
2892,105065,0,500,0,0,0,60,60
2893,105067,0,500,2894,0,0,60,60
2894,105068,0,500,0,0,0,60,60
2895,105069,0,500,2896,0,0,60,60
2896,105070,0,500,0,0,0,60,60
2897,105071,0,500,2898,0,0,60,60
2898,105072,0,500,0,0,0,60,60
2909,110432,0,5000,2910,0,0,60,60
2910,0,0,0,0,0,0,60,60
2913,110434,0,500,2914,0,0,60,60
2914,0,0,0,0,0,0,60,60
2915,105139,0,500,0,0,0,60,60
2916,105140,0,500,0,0,0,60,60
2917,105141,0,500,0,0,0,60,60
2918,105142,0,500,0,0,0,60,60
2919,105143,0,500,0,0,0,60,60
2921,105172,0,500,0,0,0,60,60
2922,105199,0,0,0,0,1,60,60
2923,105200,0,1000,2924,0,0,60,60
2924,105201,0,0,0,0,0,60,60
2925,104938,0,500,2926,0,1,60,60
2926,104937,0,500,2927,0,1,60,60
2927,104939,0,500,2928,0,1,60,60
2928,0,0,0,0,0,0,60,60
2937,103977,0,3000,0,0,0,60,60
2938,101781,0,500,0,4509,1,60,60
2939,105290,0,500,2940,0,1,60,60
2940,105291,0,500,2941,0,1,60,60
2941,0,0,0,0,0,0,60,60
2942,105202,0,0,0,0,1,60,60
2943,105203,0,0,0,0,0,60,60
2944,105204,0,0,0,0,0,60,60
2945,105207,0,0,0,0,0,60,60
2946,105208,0,500,0,0,1,60,60
2947,105326,0,6000,2949,0,0,60,60
2949,105326,0,500,0,0,0,60,60
2952,105327,0,6000,2953,0,0,60,60
2953,105341,0,1000,2962,0,0,60,60
2954,105324,0,6000,0,0,0,60,60
2959,105345,0,0,0,0,0,60,60
2961,105347,0,0,0,0,1,60,60
2962,0,0,0,0,0,0,60,60
2968,105229,0,6000,2970,0,0,60,60
2970,105231,0,500,2971,0,0,60,60
2971,105232,0,500,2972,0,0,60,60
2972,105235,0,500,2973,0,0,60,60
2973,105233,0,500,2974,0,0,60,60
2974,105234,0,500,0,0,0,60,60
2975,105211,0,500,2976,0,0,60,60
2976,105212,0,500,2977,0,0,60,60
2977,105214,0,500,2978,0,0,60,60
2978,105215,0,0,0,0,0,60,60
2981,105191,0,5000,0,0,0,60,60
2982,105192,0,5000,0,0,0,60,60
3002,105437,0,500,3003,0,0,60,60
3003,105438,0,2000,3004,0,0,60,60
3004,105439,0,500,3005,0,0,60,60
3005,105440,0,500,3006,0,0,60,60
3006,105441,0,500,3007,0,0,60,60
3007,105442,0,0,0,0,0,60,60
3008,105387,0,0,0,0,0,60,60
3010,105464,0,4000,3011,0,0,60,60
3011,105465,0,500,0,0,0,60,60
3012,105464,0,4000,3013,0,0,60,60
3013,105466,0,500,0,0,0,60,60
3014,105484,0,4000,3018,0,0,60,60
3016,105474,0,500,3017,0,0,60,60
3017,105475,0,0,0,0,0,60,60
3018,105487,0,1000,3019,0,0,60,60
3019,105492,0,1000,3020,0,0,60,60
3020,105502,0,500,0,0,0,60,60
3021,105564,0,1000,0,0,0,60,60
3022,105576,0,500,0,0,0,60,60
3023,105593,0,3000,3024,11995,0,60,60
3024,105594,0,3000,3025,11995,0,60,60
3025,105595,0,1000,0,11995,0,60,60
3026,105587,0,6000,3027,0,0,60,60
3027,105588,0,1000,3028,0,0,60,60
3028,105589,0,500,3029,0,0,60,60
3029,105590,0,500,3079,0,0,60,60
3030,105597,0,1000,0,0,0,60,60
3031,105598,0,1000,0,0,0,60,60
3033,105593,0,4000,3034,0,0,60,60
3034,105594,0,4000,0,0,0,60,60
3035,105631,0,1000,0,0,0,60,60
3036,105632,0,1000,0,0,0,60,60
3037,105633,0,1000,0,0,0,60,60
3038,105634,0,1000,0,0,0,60,60
3039,105643,0,1000,0,0,0,60,60
3040,105639,0,500,0,0,0,60,60
3041,105640,0,500,0,0,0,60,60
3042,105660,0,500,0,0,0,60,60
3043,105672,0,6000,3044,0,0,60,60
3044,105673,0,7000,0,0,0,60,60
3050,104008,0,500,0,0,0,60,60
3051,105687,0,6000,3052,0,0,60,60
3052,105688,0,1000,3053,0,0,60,60
3053,105689,0,500,3054,0,0,60,60
3054,105690,0,500,3055,0,0,60,60
3055,105691,0,500,0,0,0,60,60
3062,105727,0,500,0,0,0,60,60
3063,105729,0,500,0,0,0,60,60
3065,106043,0,500,0,0,0,60,60
3066,106044,0,500,0,0,0,60,60
3070,105743,0,1000,0,0,0,60,60
3071,105744,0,1000,0,0,0,60,60
3072,105745,0,1000,0,0,0,60,60
3073,96855,0,5000,3074,0,1,60,60
3074,105746,0,1000,0,0,0,60,60
3075,105747,0,2000,3076,0,0,60,60
3076,105748,0,1000,0,0,0,60,60
3077,105753,0,5000,3078,0,1,60,60
3078,105752,0,8000,0,0,0,60,60
3079,105755,0,500,0,0,0,60,60
3080,105756,0,500,0,0,0,60,60
3081,105757,0,500,0,0,0,60,60
3082,105760,0,500,0,0,0,60,60
3083,105761,0,500,0,0,0,60,60
3084,105766,0,500,0,0,0,60,60
3085,105768,0,500,0,0,0,60,60
3086,105770,0,500,0,0,0,60,60
3087,105771,0,500,0,0,0,60,60
3088,105774,0,2000,0,0,0,60,60
3089,98246,0,2000,0,0,0,60,60
3090,105875,0,1000,0,0,0,60,60
3091,105876,0,1000,0,0,0,60,60
3092,105877,0,1000,0,0,0,60,60
3093,105878,0,1500,0,0,0,60,60
3094,105880,0,1000,0,0,0,60,60
3095,105891,0,8000,0,0,0,60,60
3096,105899,0,3000,3097,0,0,60,60
3097,105900,0,500,0,0,0,60,60
3098,105901,0,2000,3099,0,0,60,60
3099,105902,0,3000,3100,0,0,60,60
3100,105903,0,500,0,0,0,60,60
3101,105904,0,4000,3102,0,0,60,60
3102,105906,0,5000,3103,0,0,60,60
3103,105907,0,4000,3104,0,0,60,60
3104,105909,0,5000,3105,0,0,60,60
3105,105911,0,5000,3115,0,0,60,60
3110,105923,0,8000,0,0,0,60,60
3114,105927,0,8000,0,0,1,60,60
3115,105930,0,5000,3116,0,0,60,60
3116,105931,0,5000,0,0,0,60,60
3117,105934,0,500,0,0,0,60,60
3118,105935,0,500,0,0,0,60,60
3119,105936,0,500,0,0,0,60,60
3120,105937,0,500,0,0,0,60,60
3121,105939,0,500,0,0,0,60,60
3122,105938,0,500,0,0,0,60,60
3123,105940,0,500,0,0,0,60,60
3124,105941,0,500,0,0,0,60,60
3125,105942,0,500,0,0,0,60,60
3126,105943,0,500,0,0,0,60,60
3127,105945,0,500,0,0,0,60,60
3128,105944,0,500,0,0,0,60,60
3129,105946,0,500,0,0,0,60,60
3130,105947,0,500,0,0,0,60,60
3131,105948,0,500,0,0,0,60,60
3132,105949,0,500,0,0,0,60,60
3133,105950,0,500,0,0,0,60,60
3134,105951,0,500,0,0,0,60,60
3135,105961,0,6000,3774,0,0,60,60
3136,105962,0,6000,0,0,0,60,60
3137,105970,0,0,0,0,0,60,60
3138,105971,0,500,0,0,0,60,60
3139,106000,0,8000,0,0,0,60,60
3140,106051,0,500,0,0,0,60,60
3141,106043,0,500,0,0,0,60,60
3142,106052,0,500,0,0,0,60,60
3143,106055,0,500,0,0,0,60,60
3144,106056,0,500,0,0,0,60,60
3145,106057,0,500,0,0,0,60,60
3146,106058,0,500,0,0,0,60,60
3147,106043,0,500,0,0,0,60,60
3148,106043,0,500,0,0,0,60,60
3149,106044,0,500,0,0,0,60,60
3153,106112,0,500,2329,0,0,60,60
3154,97137,0,1000,0,0,0,60,60
3155,97082,0,1000,0,0,0,60,60
3156,103222,0,4000,3157,0,0,60,60
3157,103660,0,500,0,0,0,60,60
3165,103954,0,1000,0,0,1,60,60
3166,106120,0,1000,3167,0,0,60,60
3167,92980,0,500,0,0,1,60,60
3168,106122,0,1000,3169,9926,1,60,60
3169,106123,0,500,0,9926,1,60,60
3170,0,0,3000,3168,0,0,60,60
3171,105398,0,2000,3172,0,0,60,60
3172,105400,0,500,0,0,0,60,60
3173,104598,0,1000,0,0,0,60,60
3174,93009,0,5000,3175,0,0,60,60
3175,93012,0,3000,3179,0,0,60,60
3176,106162,0,500,0,0,0,60,60
3177,106163,0,500,0,0,0,60,60
3179,106165,0,3000,0,0,0,60,60
3181,106171,0,500,0,0,0,60,60
3182,106172,0,500,0,0,0,60,60
3183,103887,0,1000,0,0,0,60,60
3184,106194,0,500,0,0,0,60,60
3185,106195,0,500,0,0,0,60,60
3186,106227,0,500,0,0,0,60,60
3187,106228,0,500,0,0,0,60,60
3188,0,0,0,3189,0,0,60,60
3189,0,0,0,3190,0,0,60,60
3190,0,0,0,0,0,0,60,60
3194,106250,0,3000,3196,0,0,60,60
3196,106251,0,1000,0,0,0,60,60
3197,106252,0,500,0,0,0,60,60
3198,104588,0,0,0,0,0,60,60
3199,101279,0,0,3200,0,0,60,60
3200,101280,0,0,0,0,0,60,60
3201,105404,0,2000,3202,0,0,60,60
3202,106212,0,500,0,0,0,60,60
3203,106265,0,2000,3204,0,0,60,60
3204,106266,0,500,0,0,0,60,60
3205,106267,0,2000,3206,0,0,60,60
3206,106268,0,500,0,0,0,60,60
3207,106269,0,2000,3208,0,0,60,60
3208,106270,0,500,0,0,0,60,60
3209,98635,0,500,3210,0,0,60,60
3210,98636,0,500,3211,0,0,60,60
3211,98637,0,500,0,0,0,60,60
3212,99152,0,1000,0,0,0,60,60
3213,106275,0,1000,0,0,0,60,60
3214,105410,0,500,0,0,1,60,60
3216,98946,0,1500,3217,0,1,60,60
3217,105418,0,500,0,0,1,77,60
3218,105413,0,1500,3219,0,1,60,60
3219,105414,0,500,3220,0,1,77,60
3220,105415,0,500,3221,0,1,60,60
3221,105416,0,500,3222,0,0,60,60
3222,105417,0,500,0,0,0,60,60
3223,106250,0,1000,3224,0,0,60,60
3224,106251,0,1000,0,0,0,60,60
3225,106280,0,500,0,0,0,60,60
3226,106315,0,500,0,0,1,60,60
3227,106323,0,500,0,0,0,60,60
3228,98572,0,500,3229,0,0,60,60
3229,98576,0,500,3230,0,0,60,60
3230,98579,0,500,0,0,0,60,60
3231,105197,0,0,0,0,1,60,60
3232,105198,0,0,0,0,1,60,60
3233,105199,0,0,0,0,1,60,60
3234,105202,0,0,0,0,1,60,60
3235,105208,0,0,0,0,1,60,60
3236,105209,0,0,0,0,1,60,60
3237,105210,0,0,0,0,1,60,60
3238,97113,0,5000,3239,0,0,60,60
3239,97119,0,5000,0,0,0,60,60
3240,96499,0,5000,0,0,0,60,60
3241,96523,0,5000,0,0,0,60,60
3243,96542,0,5000,3244,0,0,60,60
3244,96543,0,5000,0,0,0,60,60
3245,97121,0,5000,3246,0,0,60,60
3246,97122,0,5000,3247,0,0,60,60
3247,97124,0,5000,0,0,0,60,60
3252,97086,0,5000,0,0,0,60,60
3253,106379,0,500,0,0,0,60,60
3254,106380,0,500,0,0,0,60,60
3255,94894,0,5000,3256,0,0,60,60
3256,94974,0,5000,0,0,0,60,60
3257,94984,0,500,0,0,0,60,60
3258,95363,0,5000,3259,0,0,60,60
3259,95766,0,5000,0,0,0,60,60
3260,95767,0,5000,0,0,0,60,60
3261,98392,0,5000,0,0,0,60,60
3262,98391,0,5000,0,0,0,60,60
3263,98390,0,5000,0,0,0,60,60
3264,98393,0,5000,0,0,0,60,60
3265,98394,0,5000,0,0,0,60,60
3266,98532,0,5000,0,0,0,60,60
3267,95554,0,5000,3266,0,0,60,60
3268,95553,0,10000,3269,0,0,60,60
3269,98395,0,0,0,0,0,60,60
3270,95615,0,5000,3255,0,0,60,60
3271,96083,0,5000,0,0,0,60,60
3272,98547,0,5000,0,0,0,60,60
3273,106423,0,500,0,0,0,60,60
3274,106424,0,500,0,0,0,60,60
3278,98956,0,500,0,4448,0,60,60
3279,106448,0,500,0,0,0,60,60
3280,106449,0,500,0,0,0,60,60
3281,106450,0,500,0,0,0,60,60
3282,106451,0,500,0,0,0,60,60
3283,106460,0,500,0,0,0,60,60
3284,106480,0,500,0,0,0,60,60
3285,101438,0,500,3286,0,0,60,60
3286,101439,0,500,3287,0,0,60,60
3287,101629,0,500,0,0,0,60,60
3288,106475,0,500,0,0,0,60,60
3289,106476,0,500,0,0,0,60,60
3290,106490,0,6000,0,0,1,60,60
3291,106494,0,500,0,0,0,60,60
3292,106495,0,500,0,0,0,60,60
3293,106496,0,500,0,0,0,60,60
3294,106497,0,500,0,0,0,60,60
3295,0,0,0,0,0,0,60,60
3296,106502,0,500,0,0,0,60,60
3297,106503,0,500,0,0,0,60,60
3298,106505,0,500,0,0,0,60,60
3299,106506,0,500,0,0,0,60,60
3300,106567,0,4000,3301,0,0,60,60
3301,0,0,0,3302,0,0,60,60
3302,0,0,0,3303,0,0,60,60
3303,0,0,0,0,0,0,60,60
3306,106625,0,4000,0,0,0,60,60
3308,106674,0,5000,3310,0,0,60,60
3309,0,0,3000,3308,0,0,60,60
3310,106675,0,6000,3315,0,0,60,60
3313,106676,0,2000,0,0,0,60,60
3314,106681,0,4000,0,0,0,60,60
3315,106683,0,1000,0,0,0,60,60
3316,106684,0,4000,0,0,0,60,60
3317,106708,0,500,3318,0,0,60,60
3318,106709,0,1000,3319,0,0,60,60
3319,106710,0,500,3320,0,0,60,60
3320,106712,0,1000,3321,0,0,60,60
3321,106711,0,500,0,0,0,60,60
3322,106708,0,6000,3323,0,0,60,60
3323,106709,0,3000,3324,0,0,60,60
3324,106710,0,6000,3325,0,0,60,60
3325,106712,0,3000,3326,0,0,60,60
3326,106711,0,500,0,0,0,60,60
3327,106725,0,500,0,0,0,60,60
3328,106726,0,500,0,0,0,60,60
3329,106727,0,500,0,0,0,60,60
3330,106732,0,500,0,0,0,60,60
3332,106734,0,500,0,0,0,60,60
3333,106729,0,500,0,0,0,60,60
3334,106738,0,500,0,0,0,60,60
3335,106739,0,500,0,0,0,60,60
3342,106747,0,8000,3343,0,0,60,60
3343,106748,0,5000,0,0,0,60,60
3344,106759,0,500,0,0,0,60,60
3345,106760,0,500,0,0,0,60,60
3346,103464,0,1000,3347,0,1,60,60
3347,104506,0,1000,0,0,1,60,60
3348,106763,0,6000,0,0,1,60,60
3349,106796,0,500,0,0,0,60,60
3350,106797,0,500,0,0,0,60,60
3351,106808,0,500,0,0,0,60,60
3352,106809,0,500,0,0,0,60,60
3353,106810,0,500,0,0,0,60,60
3354,106811,0,500,0,0,0,60,60
3355,106812,0,500,0,0,0,60,60
3356,106823,0,500,0,0,0,60,60
3357,106824,0,500,0,0,0,60,60
3358,106825,0,500,0,0,0,60,60
3359,106826,0,500,0,0,0,60,60
3360,110995,0,500,0,0,0,60,60
3361,110996,0,500,0,0,0,60,60
3362,106843,0,500,0,0,0,60,60
3363,106845,0,500,0,0,0,60,60
3364,102645,0,3000,2632,0,0,60,60
3365,106847,0,500,0,0,0,60,60
3372,106872,0,4000,3374,0,0,60,60
3374,106874,0,1000,0,0,0,60,60
3375,106879,0,500,0,0,0,60,60
3376,106885,0,500,0,0,0,60,60
3377,106913,0,500,0,0,1,60,60
3378,106922,0,500,0,0,0,60,60
3379,106923,0,500,0,0,0,60,60
3380,106924,0,500,0,0,0,60,60
3381,106925,0,500,0,0,0,60,60
3382,106926,0,500,0,0,0,60,60
3383,106927,0,500,0,0,0,60,60
3388,106934,0,500,0,0,0,60,60
3389,106940,0,500,0,0,0,60,60
3390,106942,0,5000,3391,0,0,60,60
3391,106943,0,1000,0,0,0,60,60
3392,106944,0,500,0,0,0,60,60
3393,106947,0,500,0,0,0,60,60
3394,106948,0,500,0,0,0,60,60
3401,106949,0,500,0,0,0,60,60
3410,106953,0,1000,0,0,0,60,60
3411,106954,0,1000,0,0,0,60,60
3412,106955,0,1000,0,0,0,60,60
3416,106959,0,500,0,0,0,60,60
3421,103837,0,500,0,0,1,60,60
3422,106971,0,1000,0,0,0,60,60
3427,0,0,5000,2631,0,0,60,60
3430,107003,0,500,0,0,1,60,60
3431,107007,0,1000,0,0,0,60,60
3432,107008,0,4000,3433,0,0,60,60
3433,107009,0,500,0,0,0,60,60
3439,0,0,2000,3440,0,0,60,60
3440,107042,0,500,3495,0,0,60,60
3443,107057,0,500,0,0,0,60,60
3446,107059,0,1000,0,0,0,60,60
3450,107062,0,6000,3451,0,0,60,60
3451,107063,0,1000,0,0,0,60,60
3452,107065,0,500,0,0,0,60,60
3453,107066,0,500,0,0,0,60,60
3454,107069,0,1000,0,0,0,60,60
3455,107070,0,500,0,0,0,60,60
3456,107071,0,500,0,0,0,60,60
3457,107072,0,500,0,0,0,60,60
3458,107073,0,500,0,0,0,60,60
3459,114162,0,500,0,0,0,60,60
3460,114167,0,500,0,0,0,60,60
3461,107076,0,500,0,0,0,60,60
3462,107077,0,500,0,0,0,60,60
3463,107078,0,500,0,0,0,60,60
3464,107079,0,500,0,0,0,60,60
3465,107081,0,500,0,0,0,60,60
3466,107082,0,500,0,0,0,60,60
3467,107080,0,4000,3599,0,1,60,60
3468,107083,0,1000,0,0,0,60,60
3470,107102,0,2000,3471,0,0,60,60
3471,107103,0,2000,3472,0,0,60,60
3472,107104,0,2000,3478,0,0,60,60
3473,107111,0,1000,0,0,0,60,60
3474,107115,0,1000,0,0,0,60,60
3475,107114,0,1000,0,0,0,60,60
3476,107116,0,1000,0,0,0,60,60
3477,107120,0,1000,0,0,0,60,60
3478,107129,0,1000,0,0,0,60,60
3479,107130,0,1000,0,0,0,60,60
3483,107136,0,500,0,0,0,60,60
3484,107138,0,500,0,0,0,60,60
3486,107139,0,500,0,0,0,60,60
3487,107138,0,500,0,0,0,60,60
3488,107147,0,5000,3489,0,0,60,60
3489,107148,0,1000,0,0,0,60,60
3490,107152,0,500,0,0,0,60,60
3491,107153,0,500,0,0,0,60,60
3492,107162,0,5000,3493,0,0,60,60
3493,107163,0,1000,0,0,0,60,60
3494,107323,0,3000,0,0,1,60,60
3495,107046,0,0,0,0,0,60,60
3496,0,0,2000,3497,0,0,60,60
3497,107047,0,500,3498,0,0,60,60
3498,107048,0,0,0,0,0,60,60
3499,0,0,2000,3500,0,0,60,60
3500,107049,0,500,3501,0,0,60,60
3501,107050,0,0,0,0,0,60,60
3502,107174,0,3000,3503,0,0,60,60
3503,107175,0,4000,3504,0,0,60,60
3504,107176,0,500,0,0,0,60,60
3505,0,0,2000,3506,0,0,60,60
3506,107177,0,500,3507,0,0,60,60
3507,107178,0,0,0,0,0,60,60
3508,107183,0,500,3509,0,0,60,60
3509,107184,0,500,3510,0,0,60,60
3510,107185,0,500,0,0,0,60,60
3514,107200,0,500,3515,0,0,60,60
3515,107201,0,0,0,0,0,60,60
3516,107202,0,500,3517,0,0,60,60
3517,107203,0,0,0,0,0,60,60
3518,107204,0,500,3519,0,0,60,60
3519,107205,0,0,0,0,0,60,60
3520,107206,0,5000,3521,0,0,60,60
3521,107207,0,1000,0,0,0,60,60
3525,107216,0,500,3526,0,0,60,60
3526,107217,0,500,0,0,0,60,60
3529,107167,0,4000,0,0,1,60,60
3531,107222,0,1000,0,0,0,60,60
3532,107223,0,3000,0,0,1,60,60
3534,107224,0,1000,0,0,0,60,60
3535,107225,0,1000,0,0,0,60,60
3536,107226,0,500,3537,0,0,60,60
3537,107227,0,500,0,0,0,60,60
3538,107228,0,1000,0,0,0,60,60
3539,107229,0,1000,0,0,0,60,60
3540,107230,0,1000,0,0,0,60,60
3541,107231,0,1000,0,0,0,60,60
3542,107235,0,2000,3543,0,1,60,60
3543,107236,0,1000,0,0,1,60,60
3544,107237,0,500,0,0,0,60,60
3545,107242,0,500,0,0,0,60,60
3546,107247,0,500,0,0,0,60,60
3547,107249,0,500,0,0,0,60,60
3548,107262,0,1000,0,0,0,60,60
3549,107263,0,1000,0,0,0,60,60
3552,107269,0,1000,0,0,0,60,60
3553,107264,0,500,3554,0,0,60,60
3554,107265,0,0,0,0,0,60,60
3556,107268,0,1000,0,0,0,60,60
3562,107275,0,500,0,0,0,60,60
3563,107276,0,500,0,0,0,60,60
3564,107279,0,7000,0,0,0,60,60
3566,107281,0,1500,0,0,0,60,60
3573,107307,0,1000,0,0,0,60,60
3574,107308,0,6000,3575,0,0,60,60
3575,107309,0,5000,3576,0,0,60,60
3576,107310,0,5000,3577,0,0,60,60
3577,107311,0,1000,0,0,0,60,60
3578,107318,0,500,0,0,0,60,60
3580,107320,0,500,0,0,0,60,60
3582,107324,0,4000,3583,0,0,60,60
3583,107325,0,1000,0,0,0,60,60
3585,107330,0,3000,0,0,1,60,60
3588,107350,0,500,3589,0,0,60,60
3589,107351,0,500,3590,0,0,60,60
3590,107352,0,500,3591,0,0,60,60
3591,107353,0,0,0,0,0,60,60
3594,0,0,1000,3595,0,0,60,60
3595,107362,0,0,0,0,0,60,60
3598,107409,0,1000,0,0,0,60,60
3599,107402,0,500,0,0,0,60,60
3600,107363,0,500,3601,0,0,60,60
3601,107364,0,0,0,0,0,60,60
3602,107365,0,0,0,0,0,60,60
3603,107410,0,1000,0,0,0,60,60
3604,107411,0,0,0,0,0,60,60
3605,107354,0,0,0,0,0,60,60
3606,107383,0,0,0,0,0,60,60
3607,107355,0,0,0,0,0,60,60
3608,107356,0,0,0,0,0,60,60
3609,107357,0,0,0,0,0,60,60
3610,107358,0,0,0,0,0,60,60
3611,107359,0,0,0,0,0,60,60
3612,107360,0,0,0,0,0,60,60
3613,107361,0,0,0,0,0,60,60
3614,107412,0,1000,3615,0,0,60,60
3615,107413,0,2000,3616,0,0,60,60
3616,107414,0,2000,3618,0,0,60,60
3618,107416,0,1000,0,0,0,60,60
3620,107373,0,0,0,0,1,60,60
3621,0,0,1000,3622,0,0,60,60
3622,107370,0,500,3623,0,0,60,60
3623,107371,0,0,0,0,0,60,60
3624,107437,0,4000,0,0,1,60,60
3627,100541,0,1000,0,0,1,60,60
3628,107377,0,0,0,0,1,60,60
3630,107447,0,3000,3631,0,0,60,60
3631,107448,0,2000,3632,0,0,60,60
3632,107449,0,3000,0,0,0,60,60
3635,107472,0,500,3637,0,0,60,60
3637,107474,0,500,3641,0,0,60,60
3638,100533,0,5000,3639,0,0,60,60
3639,100551,0,5000,3640,0,0,60,60
3640,100552,0,1000,0,0,0,60,60
3641,107519,0,500,3642,0,0,60,60
3642,107520,0,500,3643,0,0,60,60
3643,107521,0,500,0,0,0,60,60
3645,107156,0,500,3646,0,0,60,60
3646,107514,0,1000,3647,0,0,60,60
3647,107513,0,500,3649,0,0,60,60
3649,107157,0,500,3650,0,0,60,60
3650,107158,0,500,3652,0,0,60,60
3651,107160,0,1000,0,0,0,60,60
3652,0,0,0,3651,0,0,60,60
3653,107522,0,500,3654,0,0,60,60
3654,107523,0,500,0,0,0,60,60
3658,107196,0,500,7197,0,0,60,60
3665,0,0,1000,3666,0,0,60,60
3666,107567,0,500,3667,0,0,60,60
3667,107568,0,0,0,0,0,60,60
3669,107593,0,500,3670,0,0,60,60
3670,107583,0,500,3671,0,0,60,60
3671,107595,0,500,0,0,0,60,60
3672,107586,0,3000,3673,0,0,60,60
3673,107588,0,500,0,0,0,60,60
3674,0,0,9000,3675,0,0,60,60
3675,107598,0,0,0,0,0,60,60
3680,107636,0,500,3681,0,0,60,60
3681,107637,0,500,3682,0,0,60,60
3682,107638,0,500,0,0,0,60,60
3683,107534,0,0,3684,0,0,60,60
3684,107527,0,0,3685,0,0,60,60
3685,107528,0,0,0,0,0,60,60
3686,107529,0,0,3687,0,0,60,60
3687,107535,0,0,0,0,0,60,60
3688,107536,0,0,3689,0,0,60,60
3689,107530,0,0,0,0,0,60,60
3690,107531,0,0,0,0,0,60,60
3691,107537,0,0,3692,0,0,60,60
3692,107532,0,0,3693,0,0,60,60
3693,107538,0,0,3694,0,0,60,60
3694,107533,0,0,0,0,0,60,60
3695,107197,0,0,0,0,0,60,60
3696,107198,0,0,0,0,0,60,60
3697,107199,0,0,0,0,0,60,60
3698,107640,0,500,0,0,0,60,60
3699,107662,0,500,0,0,1,60,60
3700,107665,0,6000,3701,0,0,60,60
3701,107677,0,1000,3702,0,0,60,60
3702,107666,0,500,3703,0,0,60,60
3703,107667,0,500,0,0,0,60,60
3704,107669,0,6000,3705,0,0,60,60
3705,107668,0,1000,3706,0,0,60,60
3706,107670,0,500,0,0,0,60,60
3707,107672,0,0,8589,0,0,60,60
3710,107702,0,3000,0,0,0,60,60
3711,107705,0,6000,3712,0,0,60,60
3712,107706,0,500,0,0,0,60,60
3713,107707,0,500,0,0,0,60,60
3714,107708,0,500,0,0,0,60,60
3715,107709,0,500,0,0,0,60,60
3716,107710,0,500,0,0,0,60,60
3717,107714,0,500,0,0,0,60,60
3718,107715,0,500,0,0,0,60,60
3719,107716,0,500,0,0,0,60,60
3720,107717,0,500,0,0,0,60,60
3721,107718,0,500,0,0,0,60,60
3722,107719,0,500,0,0,0,60,60
3723,107720,0,500,0,0,0,60,60
3724,107721,0,500,0,0,0,60,60
3725,107722,0,500,0,0,0,60,60
3726,107723,0,500,0,0,0,60,60
3727,107778,0,500,0,0,0,60,60
3728,107779,0,500,0,0,0,60,60
3729,107781,0,500,0,0,0,60,60
3730,107784,0,500,0,0,0,60,60
3731,107785,0,6000,3732,0,0,60,60
3732,107786,0,1000,0,0,0,60,60
3736,107797,0,500,0,0,0,60,60
3737,107793,0,5000,3738,0,0,60,60
3738,107795,0,3000,3739,0,0,60,60
3739,107799,0,500,0,0,0,60,60
3740,107801,0,500,0,0,0,60,60
3741,107835,0,1000,0,0,0,60,60
3742,107837,0,1000,0,0,0,60,60
3743,107838,0,1000,0,0,0,60,60
3744,107840,0,1000,0,0,0,60,60
3745,107841,0,1000,0,0,0,60,60
3746,99184,0,1000,3761,0,1,60,60
3747,99180,0,1000,3821,0,1,60,60
3748,99183,0,1000,0,0,1,60,60
3749,107850,0,5000,3750,0,0,60,60
3750,107851,0,1000,0,0,0,60,60
3751,107643,0,5000,3752,0,0,60,60
3752,107852,0,1000,0,0,0,60,60
3753,100724,0,6000,3765,0,0,60,60
3754,107853,0,1000,0,0,0,60,60
3755,107854,0,1000,0,0,0,60,60
3756,107868,0,1000,0,0,0,60,60
3757,100729,0,4000,3758,0,1,60,60
3758,107855,0,4000,3759,0,1,60,60
3759,107856,0,2000,3760,0,0,60,60
3760,107857,0,1000,0,0,0,60,60
3761,99185,0,1000,3762,0,0,60,60
3762,99186,0,1000,3763,0,0,60,60
3763,99187,0,1000,0,0,1,60,60
3764,107840,0,1000,0,0,0,60,60
3765,107853,0,1000,0,0,0,60,60
3766,99229,0,1000,3767,0,0,60,60
3767,99230,0,1000,3768,0,1,60,60
3768,99231,0,1000,3769,0,1,60,60
3769,99232,0,1000,0,0,1,60,60
3770,107878,0,500,3771,0,0,60,60
3771,107877,0,500,0,0,0,60,60
3772,107880,0,500,3773,0,0,60,60
3773,107879,0,500,0,0,0,60,60
3774,107885,0,500,3775,0,0,60,60
3775,107887,0,500,3776,0,0,60,60
3776,107888,0,500,3777,0,0,60,60
3777,107889,0,500,0,0,0,60,60
3778,107896,0,500,0,0,0,60,60
3779,107897,0,500,0,0,0,60,60
3780,107899,0,1000,0,0,1,60,60
3781,111254,0,1000,0,0,1,60,60
3782,107902,0,500,0,0,0,60,60
3783,107903,0,500,0,0,0,60,60
3785,107904,0,1000,0,0,0,60,60
3786,107906,0,1000,0,0,0,60,60
3787,107905,0,500,0,0,0,60,60
3788,107907,0,500,0,0,0,60,60
3789,107908,0,1000,0,0,0,60,60
3790,100846,0,7000,3791,0,0,60,60
3791,100847,0,1000,0,0,1,60,60
3792,107909,0,0,0,0,0,60,60
3793,100677,0,1000,0,0,0,60,60
3794,100553,0,1000,0,0,0,60,60
3795,100555,0,1000,0,0,0,60,60
3796,100728,0,1000,0,0,0,60,60
3797,100844,0,1000,0,0,0,60,60
3798,100845,0,1000,0,0,0,60,60
3799,107946,0,1000,0,0,0,60,60
3800,107946,0,1000,0,0,0,60,60
3801,107916,0,0,0,0,0,60,60
3802,107933,0,500,0,0,0,60,60
3803,107932,0,500,0,0,0,60,60
3804,99238,0,1000,0,0,1,60,60
3805,99235,0,1000,7966,0,1,60,60
3808,107936,0,500,3809,0,0,60,60
3809,107935,0,500,0,0,0,60,60
3810,107937,0,500,3811,0,0,60,60
3811,107938,0,500,0,0,0,60,60
3813,99237,0,1000,3804,0,0,60,60
3814,107939,0,500,3815,0,0,60,60
3815,107940,0,500,3816,0,0,60,60
3816,107941,0,500,3817,0,0,60,60
3817,107942,0,500,0,0,0,60,60
3818,107943,0,500,0,0,0,60,60
3819,107944,0,500,0,0,0,60,60
3820,107945,0,3000,3742,0,0,60,60
3821,99181,0,1000,3822,0,0,60,60
3822,99182,0,1000,3748,0,0,60,60
3826,99243,0,1000,0,0,1,60,60
3828,99242,0,1000,3826,0,1,60,60
3832,111248,0,0,0,0,1,60,60
3833,107972,0,6000,0,0,0,60,60
3834,107973,0,6000,0,0,0,60,60
3835,107974,0,6000,0,0,0,60,60
3839,108821,0,500,0,0,0,60,60
3840,108807,0,500,0,0,0,60,60
3841,108019,0,1000,3843,0,0,60,60
3843,108020,0,500,3844,0,0,60,60
3844,108021,0,500,3845,0,0,60,60
3845,103686,0,500,3846,0,0,60,60
3846,0,0,500,0,0,0,60,60
3847,108024,0,500,0,0,0,60,60
3848,108025,0,500,0,0,0,60,60
3849,102991,0,500,4019,0,1,60,60
3850,102887,0,500,8132,0,1,60,60
3852,103054,0,500,8135,0,1,60,60
3854,0,0,0,0,0,0,60,60
3855,108054,0,500,0,0,0,60,60
3856,108056,0,500,0,0,0,60,60
3857,103732,0,500,3858,0,1,60,60
3858,103733,0,500,3859,0,1,60,60
3859,103734,0,4000,3860,0,1,60,60
3860,108059,0,500,0,0,1,60,60
3861,108063,0,500,0,0,0,60,60
3862,108065,0,500,0,0,0,60,60
3863,108070,0,500,0,0,0,60,60
3864,108071,0,500,0,0,0,60,60
3865,108075,0,500,0,0,0,60,60
3866,108076,0,500,0,0,0,60,60
3870,108085,0,500,0,0,0,60,60
3871,108086,0,500,0,0,0,60,60
3872,108102,0,500,0,0,0,60,60
3873,108104,0,500,0,0,0,60,60
3874,108116,0,1000,0,0,0,60,60
3875,108124,0,1000,0,0,0,60,60
3876,120297,0,500,7699,0,0,60,60
3878,0,0,0,7701,0,0,60,60
3879,118039,0,0,3881,0,0,60,60
3881,0,0,0,0,0,0,60,60
3882,108143,0,1000,0,0,0,60,60
3883,108164,0,500,0,0,0,60,60
3890,108179,0,1000,0,0,0,60,60
3891,108180,0,1000,0,0,0,60,60
3892,108182,0,1000,0,0,0,60,60
3893,108185,0,1000,0,0,0,60,60
3894,108192,0,500,0,0,0,60,60
3895,108193,0,500,0,0,0,60,60
3896,108194,0,500,0,0,0,60,60
3897,108195,0,1000,0,0,0,60,60
3898,108196,0,1000,0,0,0,60,60
3902,118038,0,500,7696,0,0,60,60
3903,0,0,0,7697,0,0,60,60
3904,118036,0,0,0,0,0,60,60
3906,108226,0,2000,3907,0,0,60,60
3907,108227,0,1000,0,0,0,60,60
3908,118035,0,500,7692,0,0,60,60
3909,0,0,0,7693,0,0,60,60
3910,118033,0,0,0,0,0,60,60
3924,108253,0,1000,7323,0,0,60,60
3925,108254,0,500,0,0,0,60,60
3926,108255,0,500,0,0,0,60,60
3927,108256,0,500,0,0,0,60,60
3928,108260,0,1000,3929,0,0,60,60
3929,107280,0,1000,0,0,0,60,60
3931,108265,0,500,0,0,0,60,60
3932,108266,0,500,0,0,0,60,60
3933,108267,0,500,0,0,0,60,60
3934,108268,0,500,0,0,0,60,60
3935,108294,0,500,0,0,0,60,60
3936,108295,0,500,0,0,0,60,60
3937,108297,0,1000,0,0,0,60,60
3938,118032,0,500,7688,0,0,60,60
3939,0,0,0,7689,0,0,60,60
3940,118030,0,0,0,0,0,60,60
3944,108355,0,1000,3945,0,0,60,60
3945,108359,0,1000,3946,0,0,60,60
3946,108365,0,1000,0,0,0,60,60
3947,108421,0,1000,0,0,0,60,60
3948,108422,0,500,0,0,0,60,60
3949,108423,0,500,0,0,0,60,60
3950,108426,0,3000,3174,0,0,60,60
3951,108428,0,1000,0,0,0,60,60
3952,108429,0,1000,0,0,0,60,60
3953,108430,0,500,0,0,0,60,60
3954,108431,0,500,0,0,0,60,60
3955,98468,0,1000,3957,0,0,60,60
3957,114753,0,1000,3958,0,0,60,60
3958,98471,0,1000,3959,0,0,60,60
3959,98472,0,1000,3960,0,0,60,60
3960,98473,0,1000,0,0,0,60,60
3961,108432,0,1000,3962,0,0,60,60
3962,108433,0,2000,8701,0,0,60,60
3963,108436,0,3000,8606,0,0,60,60
3964,108437,0,1000,0,0,0,60,60
3965,108440,0,500,0,0,0,60,60
3966,108441,0,500,0,0,0,60,60
3967,108445,0,1000,0,0,0,60,60
3968,102899,0,500,0,0,1,60,60
3970,114751,0,2000,3972,0,0,60,60
3972,114752,0,2000,3973,0,0,60,60
3973,98460,0,2000,0,0,0,60,60
3974,108464,0,1000,0,0,0,60,60
3975,108447,0,1000,3976,0,0,60,60
3976,108449,0,1000,0,0,0,60,60
3977,108451,0,1000,3978,0,0,60,60
3978,108452,0,1000,3979,0,0,60,60
3979,108453,0,1000,0,0,0,60,60
3980,108454,0,1000,3981,0,0,60,60
3981,108455,0,1000,0,0,0,60,60
3982,108457,0,1000,3983,0,0,60,60
3983,108458,0,1000,3984,0,0,60,60
3984,108459,0,1000,3985,0,0,60,60
3985,108460,0,1000,0,0,0,60,60
3986,108461,0,0,0,0,0,60,60
3987,108462,0,0,0,0,0,60,60
3988,108463,0,0,0,0,0,60,60
3989,108474,0,1000,0,0,0,60,60
3990,102940,0,500,3991,0,1,60,60
3991,102979,0,500,3992,0,1,60,60
3992,102983,0,500,0,0,1,60,60
3993,118014,0,500,7679,0,0,60,60
3995,108493,0,1000,0,0,0,60,60
3996,0,0,0,7680,0,0,60,60
3997,108494,0,1000,0,0,0,60,60
3998,108495,0,1000,0,0,0,60,60
3999,108503,0,6000,4018,0,0,60,60
4000,108511,0,500,0,0,0,60,60
4001,108513,0,500,0,0,0,60,60
4002,118010,0,500,7676,0,0,60,60
4003,0,0,0,7677,0,0,60,60
4004,118008,0,0,0,0,0,60,60
4005,118029,0,500,4006,0,0,60,60
4006,0,0,0,0,0,0,60,60
4009,108554,0,1000,0,0,0,60,60
4010,108559,0,0,0,0,1,60,60
4011,108560,0,1000,4012,0,1,60,60
4012,108561,0,1000,0,0,1,60,60
4013,108566,0,5000,4014,0,0,60,60
4014,108567,0,1000,0,0,0,60,60
4016,108564,0,1000,4017,0,0,60,60
4017,108565,0,1000,4641,0,0,60,60
4018,108578,0,1000,0,0,0,60,60
4019,103000,0,500,8133,0,1,60,60
4021,102917,0,500,0,0,0,60,60
4022,108587,0,1000,0,0,0,60,60
4023,103008,0,500,4024,0,1,60,60
4024,103011,0,500,4025,0,1,60,60
4025,103012,0,500,0,0,1,60,60
4026,108589,0,500,0,0,0,60,60
4027,108590,0,500,0,0,0,60,60
4028,108591,0,500,4029,0,0,60,60
4029,108592,0,500,4030,0,0,60,60
4030,108593,0,500,4031,0,0,60,60
4031,108594,0,500,4032,0,0,60,60
4032,108595,0,500,0,0,0,60,60
4033,108596,0,3000,0,0,1,60,60
4034,103665,0,2000,4035,0,0,60,60
4035,0,0,5000,0,0,0,60,60
4036,103046,0,500,4038,0,1,60,60
4037,103043,0,500,4036,0,1,60,60
4038,103047,0,500,0,0,1,60,60
4039,108607,0,500,0,0,0,60,60
4040,108608,0,500,0,0,0,60,60
4041,108612,0,1000,0,0,0,60,60
4042,108612,0,1000,0,0,0,60,60
4043,103048,0,500,0,0,1,60,60
4044,108624,0,4000,0,0,0,60,60
4045,108648,0,3000,4046,0,0,60,60
4046,108649,0,3000,4047,0,0,60,60
4047,108650,0,4000,4048,0,0,60,60
4048,108651,0,15000,4049,0,0,60,60
4049,108652,0,5000,4050,0,0,60,60
4050,108653,0,5000,4051,0,0,60,60
4051,108654,0,15000,4052,0,0,60,60
4052,108655,0,4000,4053,0,0,60,60
4053,108656,0,10000,4054,0,0,60,60
4054,108659,0,5000,4055,0,0,60,60
4055,108660,0,8000,4056,0,0,60,60
4056,108661,0,4000,0,0,0,60,60
4057,103057,0,500,4058,0,1,60,60
4058,103058,0,500,0,0,1,60,60
4060,103076,0,500,8139,0,1,60,60
4062,108711,0,500,0,0,0,60,60
4063,108712,0,500,0,0,0,60,60
4064,108717,0,0,0,0,0,60,60
4065,108718,0,0,0,0,0,60,60
4066,108721,0,500,4068,0,0,60,60
4068,108722,0,500,4069,0,0,60,60
4069,108723,0,500,4071,0,0,60,60
4071,108724,0,500,0,0,0,60,60
4072,108822,0,500,0,0,0,60,60
4073,108808,0,500,0,0,0,60,60
4074,108737,0,0,0,0,0,60,60
4075,108738,0,0,0,0,0,60,60
4076,108733,0,0,0,0,0,60,60
4077,108734,0,0,0,0,0,60,60
4078,108741,0,0,0,0,0,60,60
4079,108742,0,0,0,0,0,60,60
4080,108731,0,1000,4660,0,0,60,60
4081,108732,0,0,0,0,0,60,60
4082,108739,0,0,0,0,0,60,60
4083,108740,0,0,0,0,0,60,60
4084,108743,0,0,0,0,0,60,60
4085,108744,0,0,0,0,0,60,60
4086,108735,0,0,0,0,0,60,60
4087,108736,0,0,0,0,0,60,60
4090,108759,0,1000,0,0,0,60,60
4091,108760,0,1000,0,0,0,60,60
4092,108761,0,1000,0,0,0,60,60
4093,108762,0,1000,0,0,0,60,60
4094,108763,0,1000,0,0,0,60,60
4095,108764,0,1000,0,0,0,60,60
4096,108765,0,1000,0,0,0,60,60
4097,108766,0,1000,0,0,0,60,60
4098,108767,0,1000,0,0,0,60,60
4099,108769,0,500,4100,0,0,60,60
4100,108770,0,500,0,0,0,60,60
4101,108768,0,500,0,0,0,60,60
4102,108778,0,2000,0,0,1,60,60
4103,106171,0,500,0,0,0,60,60
4104,108819,0,500,0,0,0,60,60
4105,108824,0,500,0,0,0,60,60
4106,108825,0,500,0,0,0,60,60
4107,108843,0,500,4108,0,0,60,60
4108,108844,0,500,0,0,0,60,60
4109,108855,0,2000,0,0,1,60,60
4110,108857,0,2000,0,0,1,60,60
4112,120309,0,500,7368,0,0,60,60
4113,0,0,0,7369,0,0,60,60
4114,118214,0,0,0,0,0,60,60
4118,108868,0,500,4119,0,0,60,60
4119,108867,0,500,0,0,0,60,60
4120,118248,0,500,7372,0,0,60,60
4121,0,0,0,0,0,0,60,60
4122,118246,0,1000,6551,0,0,60,60
4123,118244,0,500,7380,0,0,60,60
4124,0,0,0,7382,0,0,60,60
4125,118241,0,0,0,0,0,60,60
4126,153810,0,500,7385,0,0,60,60
4128,153803,0,0,0,0,0,60,60
4129,206682,0,1200,7389,0,0,60,60
4131,206683,0,1500,0,0,0,60,60
4134,118213,0,500,7396,0,0,60,60
4135,0,0,0,7397,0,0,60,60
4136,118211,0,0,0,0,0,60,60
4137,118210,0,500,7399,0,0,60,60
4138,0,0,0,7400,0,0,60,60
4139,118208,0,0,0,0,0,60,60
4140,118233,0,0,4141,0,0,60,60
4141,0,0,0,0,0,0,60,60
4143,108887,0,2000,2837,0,0,60,60
4144,108888,0,2000,2838,0,0,60,60
4145,108892,0,1000,4148,0,0,60,60
4147,108900,0,1000,0,0,0,60,60
4148,108898,0,3000,4149,0,0,60,60
4149,108901,0,3000,4147,0,0,60,60
4150,108906,0,2000,0,0,1,60,60
4151,108908,0,1000,0,0,0,60,60
4154,108957,0,500,0,0,0,60,60
4155,108958,0,500,0,0,0,60,60
4156,108959,0,2000,0,0,1,60,60
4167,108992,0,1000,4168,0,0,60,60
4168,109001,0,1000,4169,0,0,60,60
4169,109004,0,1000,0,0,0,60,60
4170,109025,0,2000,4171,0,0,60,60
4171,109026,0,2000,4172,0,0,60,60
4172,109027,0,2000,4173,0,0,60,60
4173,109028,0,2000,0,0,0,60,60
4176,109012,0,1000,4177,0,0,60,60
4177,109015,0,1000,0,0,0,60,60
4178,109018,0,1000,4180,0,0,60,60
4180,109020,0,4000,4269,0,0,60,60
4181,120288,0,500,7667,0,0,60,60
4182,0,0,0,7668,0,0,60,60
4183,117854,0,0,0,0,0,60,60
4185,117853,0,500,7664,0,0,60,60
4186,0,0,0,0,0,0,60,60
4187,117851,0,0,4186,0,0,60,60
4188,117876,0,500,7661,0,0,60,60
4189,0,0,0,7662,0,0,60,60
4190,117874,0,0,0,0,0,60,60
4191,117873,0,1000,4192,0,0,60,60
4192,0,0,0,7658,0,0,60,60
4193,117872,0,0,0,0,0,60,60
4194,117871,0,0,0,0,0,60,60
4195,0,0,0,7653,0,0,60,60
4196,117870,0,500,7655,0,0,60,60
4200,0,0,0,7649,0,0,60,60
4201,117843,0,0,0,0,0,60,60
4202,117842,0,500,7643,0,0,60,60
4203,0,0,0,7644,0,0,60,60
4204,117840,0,0,0,0,0,60,60
4205,117868,0,500,4206,0,0,60,60
4206,0,0,0,0,0,0,60,60
4208,109059,0,500,4209,0,0,60,60
4209,109060,0,750,4210,0,0,60,60
4210,109061,0,500,0,0,0,60,60
4211,109145,0,1000,4212,0,0,60,60
4212,109146,0,1000,4213,0,0,60,60
4213,109147,0,1000,0,0,0,60,60
4214,109162,0,1000,4217,0,0,60,60
4215,109163,0,0,0,0,0,60,60
4216,109164,0,1000,0,0,0,60,60
4217,109165,0,0,0,0,0,60,60
4218,109166,0,0,0,0,0,60,60
4219,109167,0,0,0,0,0,60,60
4220,109176,0,1000,0,0,0,60,60
4221,109174,0,500,4222,0,0,60,60
4222,109178,0,500,4614,0,0,60,60
4223,109182,0,4000,4224,0,0,60,60
4224,109183,0,1000,0,0,0,60,60
4225,109154,0,500,4226,0,0,60,60
4226,109185,0,500,4230,0,0,60,60
4227,109155,0,500,0,0,0,60,60
4228,109187,0,4000,4229,0,0,60,60
4229,109190,0,1000,0,0,0,60,60
4230,0,0,0,4227,0,0,60,60
4231,109186,0,500,0,0,1,60,60
4233,0,0,0,4231,0,0,60,60
4235,109201,0,1000,0,0,0,60,60
4238,107578,0,5000,4240,0,0,60,60
4240,107580,0,2000,4241,0,0,60,60
4241,107581,0,3000,4242,0,0,60,60
4242,107582,0,6000,0,0,0,60,60
4245,107589,0,3000,4246,0,1,60,60
4246,107607,0,1000,0,0,0,60,60
4248,109203,0,2000,4249,0,0,60,60
4249,109204,0,500,0,0,0,60,60
4251,109206,0,2000,4252,0,0,60,60
4252,109208,0,1000,8142,0,0,60,60
4253,109209,0,500,4254,0,0,60,60
4254,109210,0,500,4255,0,0,60,60
4255,109211,0,500,4720,0,0,60,60
4257,109212,0,500,4258,0,0,60,60
4258,109213,0,500,4259,0,0,60,60
4259,109214,0,500,4260,0,0,60,60
4260,0,0,0,0,0,0,60,60
4261,109215,0,0,0,0,0,60,60
4262,109217,0,1000,4263,0,0,60,60
4263,109218,0,1000,0,0,0,60,60
4264,109219,0,0,0,0,0,60,60
4265,109221,0,2000,0,0,0,60,60
4266,109224,0,2000,0,0,0,60,60
4267,109225,0,2000,0,0,0,60,60
4268,109226,0,2000,0,0,0,60,60
4269,0,0,0,0,0,0,60,60
4270,109249,0,2000,0,0,0,60,60
4271,109253,0,2000,4273,0,1,60,60
4272,0,0,0,4274,0,0,60,60
4273,0,0,0,4272,0,0,60,60
4274,0,0,0,0,0,0,60,60
4275,109266,0,0,0,0,0,60,60
4276,109267,0,0,0,0,0,60,60
4277,109289,0,1000,4278,4509,0,60,60
4278,109290,0,0,0,4509,0,60,60
4279,109291,0,0,0,0,0,60,60
4280,109305,0,1000,0,0,1,60,60
4281,109337,0,1000,0,0,0,60,60
4282,109364,0,1000,0,0,1,60,60
4283,109192,0,500,4284,0,0,60,60
4284,109193,0,500,4285,0,0,60,60
4285,109194,0,500,4286,0,0,60,60
4286,109195,0,500,4288,0,0,60,60
4288,109197,0,500,4289,0,0,60,60
4289,109198,0,500,4290,0,0,60,60
4290,109199,0,500,0,0,0,60,60
4291,109367,0,1000,0,0,0,60,60
4292,109371,0,1000,4293,0,0,60,60
4293,109372,0,0,0,0,0,60,60
4294,109373,0,0,0,0,0,60,60
4295,109379,0,1000,0,0,0,60,60
4296,109381,0,1000,4297,0,0,60,60
4297,109382,0,1000,0,0,0,60,60
4298,109374,0,500,0,0,1,60,60
4299,108663,0,1170,4300,0,0,60,60
4300,108664,0,1103,4301,0,0,60,60
4301,108665,0,1838,4302,0,0,60,60
4302,108666,0,1644,4303,0,0,60,60
4303,108667,0,1351,4304,0,0,60,60
4304,108668,0,977,0,0,0,60,60
4305,108685,0,886,4306,0,0,60,60
4306,108686,0,1082,4307,0,0,60,60
4307,108687,0,1286,4308,0,0,60,60
4308,108688,0,1395,0,0,0,60,60
4309,109393,0,1000,0,0,0,60,60
4310,109394,0,1000,0,0,0,60,60
4311,109395,0,1000,0,0,0,60,60
4312,120305,0,500,7540,0,0,60,60
4313,0,0,0,0,0,0,60,60
4314,118159,0,0,4313,0,0,60,60
4315,118158,0,500,7537,0,0,60,60
4316,0,0,0,7538,0,0,60,60
4317,118156,0,0,0,0,0,60,60
4318,118155,0,500,7534,0,0,60,60
4319,0,0,0,7535,0,0,60,60
4320,118153,0,0,0,0,0,60,60
4322,109406,0,1000,4326,0,0,60,60
4323,109410,0,3000,4324,0,0,60,60
4324,0,0,2000,4395,0,0,60,60
4326,109407,0,1000,4323,0,0,60,60
4327,109413,0,4000,4328,0,0,60,60
4328,109414,0,3000,4329,0,0,60,60
4329,109415,0,1000,0,0,0,60,60
4331,109417,0,5000,4332,0,0,60,60
4332,109418,0,3000,4333,0,0,60,60
4333,109420,0,1000,0,0,0,60,60
4338,118152,0,1000,7532,0,0,60,60
4339,0,0,0,37687,0,0,60,60
4340,118151,0,0,4339,0,0,60,60
4343,118131,0,500,7527,0,0,60,60
4344,0,0,0,7528,0,0,60,60
4345,118129,0,0,0,0,0,60,60
4346,118128,0,500,7524,0,0,60,60
4347,0,0,0,7525,0,0,60,60
4348,118126,0,0,0,0,0,60,60
4349,109442,0,3000,4350,0,0,60,60
4350,109445,0,6000,4351,0,0,60,60
4351,109448,0,2000,4361,0,0,60,60
4352,118125,0,500,7521,0,0,60,60
4354,118123,0,0,0,0,0,60,60
4355,118147,0,0,4356,0,0,60,60
4356,0,0,0,0,0,0,60,60
4359,0,0,4000,0,0,0,60,60
4360,109426,0,1000,4366,0,1,60,60
4361,109449,0,2000,4362,0,0,60,60
4362,109450,0,2000,4363,0,0,60,60
4363,109451,0,7000,4364,0,0,60,60
4364,109452,0,1000,0,0,0,60,60
4365,109423,0,1000,4360,0,1,60,60
4366,109453,0,500,4367,0,0,60,60
4367,109429,0,1000,4368,0,1,60,60
4368,109446,0,1000,4369,0,0,60,60
4369,109430,0,1000,4370,0,1,60,60
4370,109447,0,500,4375,0,0,60,60
4373,115740,0,1000,4359,0,1,60,60
4375,109438,0,1000,5958,0,1,60,60
4376,109468,0,0,0,0,0,60,60
4377,109469,0,0,0,0,0,60,60
4378,109497,0,500,4379,0,0,60,60
4379,101603,0,500,4380,0,0,60,60
4380,109498,0,500,4381,0,0,60,60
4381,109499,0,500,0,0,0,60,60
4382,109500,0,4000,0,0,0,60,60
4383,109501,0,1000,0,0,1,60,60
4386,109502,0,1000,0,0,0,60,60
4387,109503,0,1000,0,0,0,60,60
4388,109540,0,1000,0,0,0,60,60
4389,109543,0,1000,0,0,0,60,60
4390,109545,0,1000,0,0,0,60,60
4391,109548,0,1000,0,0,0,60,60
4392,109573,0,2000,4393,0,0,60,60
4393,109574,0,8000,4394,0,0,60,60
4394,109576,0,1000,0,0,0,60,60
4395,0,0,2000,4365,0,0,60,60
4397,109616,0,3000,4398,0,0,60,60
4398,109618,0,1000,0,0,0,60,60
4399,109622,0,6000,0,0,1,60,60
4400,109668,0,2000,4402,0,0,60,60
4402,109677,0,2000,4403,0,0,60,60
4403,109678,0,1000,0,0,0,60,60
4404,109679,0,1000,0,0,0,60,60
4407,109682,0,2000,4408,0,0,60,60
4408,109683,0,1000,0,0,0,60,60
4409,109694,0,500,4410,0,0,60,60
4410,109695,0,500,4411,0,0,60,60
4411,109696,0,500,0,0,0,60,60
4412,110424,0,1000,7379,0,0,60,60
4413,110426,0,1000,21710,0,0,60,60
4415,110425,0,1000,7405,0,0,60,60
4417,118245,0,0,4121,0,0,60,60
4418,118242,0,1000,4124,0,0,60,60
4419,118235,0,2000,41247,0,0,60,60
4422,109773,0,1000,4423,0,0,60,60
4423,109774,0,0,0,0,0,60,60
4424,109775,0,0,0,0,0,60,60
4425,109791,0,500,0,0,0,60,60
4426,109792,0,500,0,0,0,60,60
4427,109680,0,7000,4428,0,0,60,60
4428,109681,0,1000,0,0,0,60,60
4429,109793,0,500,0,0,0,60,60
4430,109794,0,500,0,0,0,60,60
4431,109795,0,500,0,0,0,60,60
4432,109796,0,500,0,0,0,60,60
4433,109797,0,500,0,0,0,60,60
4434,109798,0,500,0,0,0,60,60
4435,109799,0,500,0,0,0,60,60
4436,109800,0,500,0,0,0,60,60
4437,108346,0,500,0,0,1,60,60
4438,108348,0,500,0,0,1,60,60
4439,109801,0,500,0,0,0,60,60
4440,109802,0,500,0,0,0,60,60
4441,108360,0,500,0,0,1,60,60
4442,108364,0,500,0,0,1,60,60
4443,108350,0,500,0,0,1,60,60
4445,109832,0,500,0,0,0,60,60
4446,109835,0,3000,4447,0,0,60,60
4447,109838,0,2000,4462,0,0,60,60
4455,110422,0,500,7673,0,0,60,60
4456,110433,0,500,7674,0,0,60,60
4460,110426,0,1000,7695,0,0,60,60
4461,110422,0,1000,7691,0,0,60,60
4462,109888,0,1000,0,0,0,60,60
4463,110433,0,500,7406,0,0,60,60
4465,110433,0,500,7641,0,0,60,60
4467,109890,0,2000,4468,0,0,60,60
4468,109892,0,1000,0,0,0,60,60
4469,109895,0,5000,4470,0,0,60,60
4470,109896,0,1000,0,0,0,60,60
4471,109907,0,500,0,0,0,60,60
4472,109908,0,500,0,0,0,60,60
4473,109910,0,500,0,0,0,60,60
4474,109911,0,500,0,0,0,60,60
4475,109916,0,500,0,0,0,60,60
4476,109912,0,500,4485,0,0,60,60
4477,109917,0,500,0,0,0,60,60
4478,109932,0,5000,4479,0,0,60,60
4479,109939,0,1000,0,0,0,60,60
4481,110426,0,1000,7660,0,0,60,60
4482,110424,0,1000,7657,0,0,60,60
4483,110433,0,500,7517,0,0,60,60
4485,109913,0,500,4486,0,0,60,60
4486,109914,0,200,4487,0,0,60,60
4487,109915,0,500,0,0,0,60,60
4488,110016,0,1000,0,0,0,60,60
4491,110020,0,2000,4494,0,0,60,60
4492,110018,0,500,0,0,0,60,60
4493,110019,0,500,0,0,0,60,60
4494,110021,0,1000,4495,0,0,60,60
4495,110022,0,1000,0,0,0,60,60
4496,110028,0,500,0,0,0,60,60
4497,110030,0,500,0,0,0,60,60
4498,110042,0,500,0,0,0,60,60
4499,118122,0,1000,4522,0,0,60,60
4501,118121,0,0,0,0,0,60,60
4502,110203,0,500,0,0,0,60,60
4503,110206,0,500,0,0,0,60,60
4504,110246,0,500,0,0,0,60,60
4505,104880,0,500,2847,0,0,60,60
4506,110248,0,500,0,0,0,60,60
4507,110255,0,500,0,0,0,60,60
4508,110256,0,500,0,0,0,60,60
4509,110259,0,0,0,4509,0,60,60
4510,110260,0,0,0,4509,0,60,60
4511,110261,0,0,0,4509,0,60,60
4521,110275,0,1000,0,0,0,60,60
4522,0,0,0,7519,0,0,60,60
4523,110277,0,500,0,0,0,60,60
4524,110279,0,500,0,0,0,60,60
4525,108917,0,500,4526,0,1,60,60
4526,108919,0,500,0,0,1,60,60
4527,110294,0,5000,4528,0,0,60,60
4528,0,0,1000,0,0,0,60,60
4530,110297,0,2000,4533,0,0,60,60
4533,110298,0,1000,4534,0,0,60,60
4534,110299,0,1000,0,0,0,60,60
4535,110300,0,2000,4539,0,0,60,60
4536,110313,0,500,4537,1267,0,60,60
4537,110314,0,500,0,1267,0,60,60
4538,110318,0,500,0,1267,0,60,60
4539,110319,0,1000,0,0,0,60,60
4540,107358,0,0,4541,0,0,60,60
4541,107359,0,0,4542,0,0,60,60
4542,107360,0,0,4543,0,0,60,60
4543,107361,0,0,4544,0,0,60,60
4544,107362,0,0,0,0,0,60,60
4545,110320,0,5000,0,0,0,60,60
4546,110321,0,1000,0,0,0,60,60
4547,110322,0,1000,0,0,0,60,60
4548,110323,0,5000,4549,0,0,60,60
4549,107364,0,0,0,0,0,60,60
4550,110324,0,3000,4551,0,0,60,60
4551,110325,0,1000,0,0,0,60,60
4552,110327,0,5000,4553,0,0,60,60
4553,110328,0,1000,0,0,0,60,60
4554,110336,0,5000,0,0,0,60,60
4555,110338,0,2000,4556,0,0,60,60
4556,110339,0,2000,4557,0,0,60,60
4557,110340,0,1000,0,0,0,60,60
4558,110341,0,1000,0,0,1,60,60
4559,110367,0,1000,0,0,0,60,60
4560,110368,0,5000,4564,0,0,60,60
4561,110354,0,500,4562,0,0,60,60
4562,110355,0,500,4563,0,0,60,60
4563,110356,0,500,0,0,0,60,60
4564,110369,0,1000,0,0,0,60,60
4565,110370,0,5000,4566,0,0,60,60
4566,110371,0,1000,0,0,0,60,60
4567,110372,0,1000,0,0,0,60,60
4568,110374,0,1000,0,0,0,60,60
4569,110405,0,1000,4570,0,0,60,60
4570,110406,0,0,0,0,0,60,60
4571,109286,0,500,0,0,1,60,60
4572,110407,0,0,0,0,0,60,60
4573,110923,0,1000,4574,0,0,60,60
4574,110922,0,1000,0,0,0,60,60
4575,120311,0,500,7341,0,0,60,60
4576,0,0,0,7342,0,0,60,60
4577,118281,0,0,6554,0,0,60,60
4578,118280,0,500,7344,0,0,60,60
4579,0,0,0,7345,0,0,60,60
4580,118278,0,0,0,0,0,60,60
4581,118277,0,1000,4582,0,0,60,60
4582,0,0,0,7347,0,0,60,60
4583,118276,0,0,0,0,0,60,60
4584,118275,0,1000,4585,0,0,60,60
4585,0,0,0,7349,0,0,60,60
4586,118274,0,0,0,0,0,60,60
4587,118273,0,500,7353,0,0,60,60
4588,0,0,0,7354,0,0,60,60
4589,118271,0,0,0,0,0,60,60
4592,118254,0,500,7356,0,0,60,60
4593,0,0,0,7357,0,0,60,60
4594,118252,0,0,0,0,0,60,60
4595,118251,0,500,7359,0,0,60,60
4596,0,0,0,7360,0,0,60,60
4597,118249,0,0,0,0,0,60,60
4598,110959,0,4000,4599,0,0,60,60
4599,110960,0,1000,4600,0,0,60,60
4600,110962,0,4000,4601,0,0,60,60
4601,110965,0,4000,4826,0,0,60,60
4602,110963,0,500,4603,0,1,60,60
4603,110971,0,500,0,0,1,60,60
4604,110425,0,1000,7362,0,0,60,60
4605,110433,0,500,7363,0,0,60,60
4606,118267,0,0,4607,0,0,60,60
4607,0,0,0,0,0,0,60,60
4612,110980,0,500,0,0,0,60,60
4613,110990,0,500,0,1267,0,60,60
4614,109188,0,500,0,0,0,60,60
4615,110999,0,4000,4619,0,0,60,60
4616,111002,0,3000,4620,0,0,60,60
4617,111003,0,500,0,0,0,60,60
4618,111006,0,500,0,0,0,60,60
4619,111001,0,2000,4616,0,0,60,60
4620,111004,0,3000,4621,0,0,60,60
4621,111005,0,1000,0,0,0,60,60
4622,111017,0,500,0,0,0,60,60
4623,111030,0,1000,0,0,0,60,60
4624,111031,0,1000,0,0,0,60,60
4626,111032,0,5000,4627,0,0,60,60
4627,111033,0,1000,0,0,0,60,60
4628,111043,0,500,0,0,0,60,60
4629,111068,0,500,0,0,0,60,60
4630,111069,0,500,0,0,0,60,60
4631,111070,0,500,0,0,0,60,60
4632,111071,0,500,0,0,0,60,60
4633,111072,0,500,0,0,0,60,60
4634,111073,0,500,0,0,0,60,60
4636,111079,0,1000,0,0,0,60,60
4637,111080,0,1000,0,0,0,60,60
4638,111081,0,1000,0,0,0,60,60
4639,111082,0,1000,0,0,0,60,60
4640,111083,0,1000,0,0,0,60,60
4641,111084,0,1000,0,0,0,60,60
4642,108349,0,500,0,0,1,60,60
4643,108357,0,500,0,0,1,60,60
4644,108358,0,500,0,0,1,60,60
4645,108351,0,500,0,0,1,60,60
4646,108352,0,500,0,0,1,60,60
4648,108354,0,500,0,0,1,60,60
4649,108356,0,500,0,0,1,60,60
4651,111098,0,500,0,0,0,60,60
4652,111101,0,500,0,0,0,60,60
4653,108361,0,500,0,0,1,60,60
4654,108362,0,500,0,0,1,60,60
4655,108363,0,500,0,0,1,60,60
4656,111104,0,1000,0,0,0,60,60
4657,111115,0,1000,4658,0,0,60,60
4658,111116,0,1000,0,0,0,60,60
4659,111117,0,2000,0,0,0,60,60
4660,111125,0,0,0,0,0,60,60
4661,111076,0,500,0,0,0,60,60
4662,111077,0,500,0,0,0,60,60
4663,111074,0,500,0,0,0,60,60
4664,111075,0,500,0,0,0,60,60
4665,111177,0,500,0,0,0,60,60
4667,111179,0,500,0,0,0,60,60
4668,111146,0,0,0,0,0,60,60
4669,111147,0,500,0,0,0,60,60
4670,111148,0,500,0,0,0,60,60
4671,111149,0,500,0,0,0,60,60
4672,111150,0,500,0,0,0,60,60
4673,111186,0,500,0,0,0,60,60
4674,111187,0,500,0,0,0,60,60
4675,111193,0,1000,4676,0,0,60,60
4676,111194,0,1000,4677,0,0,60,60
4677,111199,0,1000,4678,0,0,60,60
4678,111195,0,1000,4679,0,0,60,60
4679,0,0,0,4680,0,0,60,60
4680,111196,0,1000,4681,0,0,60,60
4681,111201,0,1000,4682,0,0,60,60
4682,111208,0,1000,4683,0,0,60,60
4683,111211,0,1000,0,0,0,60,60
4684,107949,0,1000,3780,0,1,60,60
4685,111245,0,1000,3781,0,1,60,60
4686,111246,0,1000,4687,0,1,60,60
4687,111255,0,1000,4688,0,1,60,60
4688,111256,0,1000,0,0,1,60,60
4696,111265,0,500,4697,0,0,60,60
4697,111272,0,500,4698,1267,0,60,60
4698,111275,0,500,0,1267,0,60,60
4699,111299,0,500,0,1267,0,60,60
4704,92346,0,1000,4705,0,0,60,60
4705,95092,0,1000,4706,0,0,60,60
4706,92791,0,500,0,0,0,60,60
4710,94618,0,500,4711,0,0,60,60
4711,94620,0,500,0,0,0,60,60
4712,98203,0,500,0,0,1,60,60
4713,98212,0,500,0,0,1,60,60
4714,98206,0,500,0,0,1,60,60
4715,98205,0,500,0,0,1,60,60
4716,107701,0,500,4717,0,0,60,60
4717,111397,0,500,4718,0,0,60,60
4718,111398,0,500,4719,0,0,60,60
4719,111399,0,500,0,0,0,60,60
4720,111402,0,500,0,0,0,60,60
4721,101735,0,2000,0,1298,1,65,70
4722,101736,0,2000,0,7552,1,65,70
4723,110421,0,2000,7371,0,0,60,60
4725,111598,0,500,4726,0,0,60,60
4726,111602,0,500,4727,0,0,60,60
4727,111603,0,500,0,0,0,60,60
4729,111563,0,1000,4730,0,0,60,60
4730,111564,0,1000,4731,0,0,60,60
4731,111565,0,1000,4732,0,0,60,60
4732,111566,0,1000,4733,0,0,60,60
4733,111586,0,1000,4734,0,0,60,60
4734,111590,0,1000,4735,0,0,60,60
4735,111610,0,1000,4737,0,0,60,60
4736,111611,0,1000,0,0,0,60,60
4737,111612,0,1000,4736,0,0,60,60
4740,98439,0,1000,4741,0,0,60,60
4741,98440,0,1000,4742,0,0,60,60
4742,98441,0,1000,4743,0,0,60,60
4743,98442,0,1000,0,0,0,60,60
4744,98448,0,500,0,0,0,60,60
4745,98449,0,500,0,0,0,60,60
4746,98450,0,500,0,0,0,60,60
4747,98487,0,500,0,0,0,60,60
4748,98489,0,2000,7170,0,0,60,60
4749,98491,0,500,0,0,0,60,60
4750,98492,0,500,0,0,0,60,60
4751,98493,0,500,0,0,0,60,60
4752,98495,0,500,0,0,0,60,60
4753,98498,0,0,0,0,0,60,60
4754,98499,0,2000,0,0,0,60,60
4755,98501,0,2000,0,0,0,60,60
4756,98503,0,2000,0,0,0,60,60
4757,111642,0,500,4758,0,0,60,60
4758,111643,0,500,0,0,0,60,60
4761,108869,0,0,4763,0,0,60,60
4763,108870,0,0,0,0,0,60,60
4765,109726,0,0,4761,0,0,60,60
4774,111679,0,0,4775,0,0,60,60
4775,111680,0,0,0,0,0,60,60
4776,111681,0,1000,4777,0,0,60,60
4777,111682,0,0,4778,0,0,60,60
4778,111683,0,0,4779,0,0,60,60
4779,111684,0,0,0,0,0,60,60
4780,111685,0,0,4781,0,0,60,60
4781,111687,0,0,0,0,0,60,60
4783,111660,0,2000,4784,0,1,60,60
4784,111671,0,250,4785,0,0,60,60
4785,111672,0,1000,4786,0,1,60,60
4786,111673,0,500,0,0,0,60,60
4787,111729,0,1000,4788,0,1,60,60
4788,111730,0,1000,4789,0,1,60,60
4789,111731,0,1000,0,0,1,60,60
4790,111676,0,1000,4792,0,1,60,60
4792,111727,0,1000,0,0,1,60,60
4794,111759,0,5000,8671,0,1,60,60
4795,111765,0,500,0,0,0,60,60
4796,111766,0,500,0,0,0,60,60
4797,111767,0,500,0,0,0,60,60
4798,111768,0,500,0,0,0,60,60
4799,111769,0,500,0,0,0,60,60
4801,111770,0,500,0,0,0,60,60
4802,111772,0,500,4804,0,0,60,60
4803,111774,0,500,0,0,0,60,60
4804,111773,0,500,0,0,0,60,60
4808,117846,0,500,7647,0,0,60,60
4809,111777,0,2000,0,7552,1,65,70
4814,111791,0,0,0,0,1,65,70
4818,111797,0,500,0,0,0,60,60
4819,111650,0,0,4820,0,0,60,60
4820,111818,0,0,4824,0,0,60,60
4822,111844,0,500,4823,0,0,60,60
4823,111845,0,2500,0,0,0,60,60
4824,111816,0,0,0,0,0,60,60
4826,110970,0,2000,0,0,0,60,60
4827,111887,0,500,0,0,0,60,60
4828,111888,0,500,0,0,0,60,60
4829,111906,0,500,4830,0,0,60,60
4830,111926,0,500,4843,0,0,60,60
4831,111956,0,500,4832,0,0,60,60
4832,111957,0,500,0,0,0,60,60
4833,111958,0,3000,4834,0,0,60,60
4834,111959,0,3000,4835,0,0,60,60
4835,111960,0,500,0,0,0,60,60
4837,111988,0,2000,4838,0,0,60,60
4838,111989,0,0,0,0,0,60,60
4839,111996,0,500,4840,0,0,60,60
4840,111997,0,0,0,0,0,60,60
4841,112062,0,2000,4842,0,0,60,60
4842,112075,0,0,0,0,0,60,60
4843,112269,0,500,0,0,0,60,60
4850,112386,0,500,0,0,0,60,60
4853,112463,0,1000,0,0,0,60,60
4854,112479,0,1000,4855,0,0,60,60
4855,112480,0,2000,0,0,0,60,60
4857,121602,0,500,0,0,0,60,60
4858,112543,0,500,0,0,0,60,60
4859,112536,0,500,0,0,0,60,60
4860,112560,0,500,0,0,0,60,60
4861,112567,0,4000,4862,0,0,60,60
4862,112570,0,5000,4863,0,0,60,60
4863,112569,0,3000,4864,0,0,60,60
4864,112568,0,500,0,0,0,60,60
4865,120295,0,500,7598,0,0,60,60
4866,0,0,0,0,0,0,60,60
4867,118004,0,0,4866,0,0,60,60
4868,118003,0,500,7595,0,0,60,60
4869,0,0,0,7596,0,0,60,60
4870,118001,0,0,0,0,0,60,60
4871,118000,0,500,7591,0,0,60,60
4872,0,0,0,7592,0,0,60,60
4873,117998,0,0,0,0,0,60,60
4874,117997,0,500,7587,0,0,60,60
4875,0,0,0,7588,0,0,60,60
4876,117995,0,0,0,0,0,60,60
4880,117975,0,500,7582,0,0,60,60
4881,0,0,0,7583,0,0,60,60
4882,117973,0,0,0,0,0,60,60
4883,117972,0,0,9187,0,0,60,60
4884,0,0,0,7580,0,0,60,60
4885,158212,0,0,0,0,0,60,60
4886,112575,0,500,0,0,0,60,60
4887,112573,0,2000,4888,0,0,60,60
4888,112584,0,1000,4889,0,0,60,60
4889,112588,0,1000,4890,0,0,60,60
4890,112587,0,1000,4891,0,0,60,60
4891,112589,0,1000,0,0,0,60,60
4892,110425,0,1000,7577,0,0,60,60
4893,110433,0,500,7578,0,0,60,60
4894,117988,0,500,4895,0,0,60,60
4895,0,0,0,0,0,0,60,60
4899,112626,0,500,0,0,0,60,60
4900,112816,0,2000,4909,0,0,60,60
4905,108961,0,3000,0,0,1,60,60
4906,112521,0,2000,0,0,1,60,60
4907,112520,0,2000,0,0,1,60,60
4908,112518,0,2000,0,0,1,60,60
4909,112818,0,2000,4910,0,0,60,60
4910,112819,0,1000,0,0,0,60,60
4911,112522,0,2000,0,0,1,60,60
4912,112822,0,3000,0,0,1,60,60
4913,112824,0,500,0,0,0,60,60
4914,112835,0,500,4915,0,0,60,60
4915,112836,0,500,0,0,0,60,60
4916,112933,0,5000,4917,0,0,60,60
4917,112934,0,3000,4918,0,0,60,60
4918,112935,0,3000,4919,0,0,60,60
4919,112936,0,2000,0,0,0,60,60
4920,112937,0,5000,4965,0,0,60,60
4921,112938,0,2000,4922,0,0,60,60
4922,112939,0,4000,4923,0,0,60,60
4923,112940,0,500,0,0,0,60,60
4924,107397,0,4000,0,0,1,60,60
4925,112974,0,500,4926,0,0,60,60
4926,112976,0,500,4927,0,0,60,60
4927,112977,0,500,4928,0,0,60,60
4928,112980,0,500,4929,0,0,60,60
4929,112983,0,500,0,0,0,60,60
4930,112971,0,1000,4931,0,1,60,60
4931,112975,0,1000,4932,0,1,60,60
4932,112979,0,1000,4933,0,1,60,60
4933,112982,0,1000,4960,0,1,60,60
4935,113007,0,500,0,0,1,60,60
4936,113012,0,500,0,0,1,60,60
4937,0,0,0,4938,0,0,60,60
4938,113026,0,1000,4939,0,0,60,60
4939,113027,0,0,0,0,0,60,60
4940,113030,0,500,4941,0,0,60,60
4941,113033,0,500,0,0,0,60,60
4943,113028,0,1000,4944,0,0,60,60
4944,113029,0,500,0,0,0,60,60
4946,113031,0,0,4947,0,0,60,60
4947,113032,0,0,0,0,0,60,60
4948,113043,0,500,0,0,0,60,60
4950,113049,0,500,0,0,0,60,60
4951,0,0,0,7522,0,0,60,60
4952,113053,0,2000,4953,0,0,60,60
4953,113051,0,2000,4954,0,0,60,60
4954,113054,0,2000,4955,0,0,60,60
4955,113056,0,2000,0,0,0,60,60
4956,113062,0,3000,5087,0,0,60,60
4957,113063,0,2000,5088,0,0,60,60
4958,110426,0,1000,7594,0,0,60,60
4959,110424,0,1000,7590,0,0,60,60
4960,0,0,0,0,0,0,60,60
4962,113079,0,1000,4963,4509,0,60,60
4963,113080,0,500,0,4509,0,60,60
4965,113096,0,500,8389,0,0,60,60
4966,113094,0,500,0,4509,0,60,60
4967,113095,0,500,0,0,0,60,60
4968,113092,0,500,4969,0,1,60,60
4969,113093,0,500,4970,0,0,60,60
4970,113104,0,500,0,0,0,60,60
4971,121693,0,500,7410,0,0,60,60
4972,0,0,0,7411,0,0,60,60
4973,118403,0,500,0,0,0,60,60
4974,118402,0,500,7414,0,0,60,60
4975,0,0,1000,7415,0,0,60,60
4976,118400,0,500,0,0,0,60,60
4977,118399,0,500,7423,0,0,60,60
4978,0,0,0,7424,0,0,60,60
4979,118397,0,0,0,0,0,60,60
4980,118392,0,500,7417,0,0,60,60
4981,0,0,0,0,0,0,60,60
4982,118389,0,0,4981,0,0,60,60
4983,118396,0,500,7426,0,0,60,60
4984,0,0,1000,7428,0,0,60,60
4985,118393,0,0,0,0,0,60,60
4986,118384,0,500,7430,0,0,60,60
4987,0,0,0,7432,0,0,60,60
4988,118423,0,0,0,0,0,60,60
4992,118433,0,500,7437,0,0,60,60
4993,0,0,1000,7438,0,0,60,60
4994,118431,0,0,0,0,0,60,60
4995,118430,0,500,7446,0,0,60,60
4996,0,0,2000,7447,0,0,60,60
4997,118428,0,0,0,0,0,60,60
4998,124830,0,0,4996,0,0,60,60
4999,113102,0,500,0,0,1,60,60
5000,110425,0,500,7443,0,0,60,60
5001,110433,0,500,7444,0,0,60,60
5002,118409,0,500,5003,0,0,60,60
5003,0,0,0,0,0,0,60,60
5007,113116,0,3000,5013,0,0,60,60
5013,113117,0,2000,5017,0,0,60,60
5014,113130,0,3000,5015,0,0,60,60
5015,102651,0,2000,0,0,0,60,60
5016,113131,0,4000,5007,0,0,60,60
5017,113132,0,1000,5018,0,0,60,60
5018,113133,0,3000,5021,0,0,60,60
5019,113134,0,1000,5022,0,0,60,60
5021,113141,0,500,0,0,0,60,60
5022,113135,0,1000,5023,0,0,60,60
5023,113136,0,1000,5024,0,0,60,60
5024,113137,0,1000,5025,0,0,60,60
5025,113138,0,1000,5026,0,0,60,60
5026,113140,0,0,0,0,0,60,60
5033,113146,0,500,0,0,0,60,60
5034,113149,0,500,0,0,0,60,60
5035,113151,0,500,0,0,0,60,60
5036,113152,0,500,0,0,0,60,60
5037,113161,0,3000,5040,0,0,60,60
5040,113166,0,2000,5048,0,0,60,60
5045,0,0,0,0,0,0,60,60
5046,113150,0,500,5047,4509,1,60,60
5047,113154,0,500,5054,4509,0,60,60
5048,113167,0,2000,5962,0,0,60,60
5051,113176,0,1000,0,0,0,60,60
5052,113177,0,1000,5053,4509,0,60,60
5053,113178,0,500,0,4509,0,60,60
5054,113179,0,500,0,4509,0,60,60
5055,113191,0,500,5057,0,0,60,60
5057,113193,0,500,5058,0,0,60,60
5058,0,0,0,0,0,0,60,60
5060,0,0,0,0,0,0,60,60
5062,0,0,0,0,0,0,60,60
5063,113208,0,1000,0,0,1,60,60
5064,113209,0,1000,0,0,1,60,60
5065,113210,0,1000,0,0,1,60,60
5066,113211,0,1000,0,0,1,60,60
5067,113212,0,1000,0,0,1,60,60
5068,113227,0,25000,5069,0,0,60,60
5069,113228,0,25000,5070,0,0,60,60
5070,113229,0,25000,0,0,0,60,60
5071,113236,0,3000,5089,0,0,60,60
5072,113237,0,2000,5090,0,0,60,60
5075,113267,0,500,0,0,0,60,60
5076,113286,0,4000,5077,0,0,60,60
5077,113287,0,1000,0,0,0,60,60
5078,106024,0,500,5079,0,0,60,60
5079,113250,0,500,5080,0,0,60,60
5080,113251,0,500,5081,0,0,60,60
5081,113253,0,500,5082,0,0,60,60
5082,113255,0,500,0,0,0,60,60
5083,113291,0,1000,0,0,0,60,60
5084,113292,0,5000,5085,0,0,60,60
5085,113293,0,1000,0,0,0,60,60
5086,113297,0,0,0,0,0,60,60
5087,113300,0,2000,4957,0,0,60,60
5088,113301,0,2000,0,0,0,60,60
5089,113302,0,2000,5072,0,0,60,60
5090,113303,0,2000,0,0,0,60,60
5091,108351,0,500,0,0,1,60,60
5092,108352,0,500,0,0,1,60,60
5093,108354,0,500,0,0,1,60,60
5094,108356,0,500,0,0,1,60,60
5095,113320,0,0,8143,0,0,60,60
5096,112329,0,0,0,0,0,60,60
5097,105395,0,500,5098,0,0,60,60
5098,105394,0,500,5099,0,0,60,60
5099,92890,0,500,5100,0,0,60,60
5100,92878,0,500,0,0,0,60,60
5101,92876,0,500,5102,0,0,60,60
5102,92873,0,500,0,0,0,60,60
5103,113341,0,0,0,0,0,60,60
5104,118401,0,500,4975,0,0,60,60
5105,118388,0,500,6481,0,0,60,60
5106,110426,0,1000,7413,0,0,60,60
5107,110424,0,1000,7422,0,0,60,60
5109,114489,0,4000,5110,0,1,60,60
5110,113348,0,6000,0,0,1,60,60
5112,113351,0,1000,0,0,1,60,60
5113,113352,0,1000,0,0,0,60,60
5114,113355,0,1000,0,0,1,60,60
5115,113353,0,500,5116,0,0,60,60
5116,113354,0,1000,5117,0,0,60,60
5117,113356,0,2000,0,0,0,60,60
5119,113368,0,0,8390,0,0,60,60
5120,113361,0,1000,0,0,0,60,60
5121,113376,0,4000,5122,0,1,60,60
5122,113378,0,6000,0,0,1,60,60
5123,113383,0,4000,0,0,1,60,60
5124,113397,0,500,0,0,0,60,60
5125,113398,0,500,0,0,0,60,60
5126,113399,0,500,0,0,0,60,60
5127,113400,0,500,0,0,0,60,60
5129,113429,0,1000,5130,0,0,60,60
5130,113430,0,500,0,0,0,60,60
5132,113442,0,500,0,0,0,60,60
5133,113501,0,1000,0,0,0,60,60
5134,113276,0,1000,5136,0,0,60,60
5136,113516,0,1000,5216,0,0,60,60
5138,113527,0,1000,0,0,0,60,60
5139,113528,0,1000,0,0,0,60,60
5140,113535,0,500,5141,0,0,60,60
5141,113536,0,500,5215,0,0,60,60
5142,113562,0,4000,5143,0,0,60,60
5143,113563,0,1000,0,0,0,60,60
5144,113564,0,1000,0,0,0,60,60
5145,113565,0,1000,0,0,0,60,60
5147,113567,0,1000,0,0,0,60,60
5148,113568,0,4000,5149,0,0,60,60
5149,113569,0,1000,0,0,0,60,60
5150,113570,0,1000,0,0,0,60,60
5151,113571,0,3000,5152,0,0,60,60
5152,113572,0,1000,0,0,0,60,60
5153,113583,0,4000,0,0,1,60,60
5154,113594,0,1000,5155,0,0,60,60
5155,113591,0,1000,0,0,0,60,60
5156,113634,0,500,5157,0,0,60,60
5157,113635,0,500,0,0,0,60,60
5158,113636,0,500,0,0,0,60,60
5159,113637,0,500,5160,0,0,60,60
5160,113638,0,500,0,0,0,60,60
5161,113639,0,500,0,0,0,60,60
5162,97806,0,500,0,0,0,60,60
5163,113685,0,3000,0,0,1,60,60
5164,113686,0,2000,0,0,1,60,60
5165,113687,0,1000,0,0,0,60,60
5166,113691,0,1000,0,0,0,60,60
5167,113692,0,1000,0,0,0,60,60
5168,113693,0,1000,0,0,0,60,60
5169,113694,0,1000,0,0,0,60,60
5170,113695,0,1000,0,0,0,60,60
5171,113696,0,1000,0,0,0,60,60
5172,100751,0,500,1461,0,0,60,60
5173,100810,0,500,0,0,0,60,60
5174,0,0,2000,5172,0,0,60,60
5175,113698,0,3000,5176,0,0,60,60
5176,113699,0,1000,0,0,0,60,60
5177,113700,0,1000,0,0,0,60,60
5178,113706,0,2000,0,0,1,60,60
5179,113796,0,1000,0,0,0,60,60
5181,113799,0,3000,5182,0,0,60,60
5182,113800,0,1000,0,0,0,60,60
5184,120300,0,500,7570,0,0,60,60
5185,118071,0,500,5186,0,0,60,60
5186,0,0,1000,6543,0,0,60,60
5187,118070,0,500,7571,0,0,60,60
5188,118069,0,500,7567,0,0,60,60
5189,0,0,1000,7568,0,0,60,60
5190,118067,0,500,37684,0,0,60,60
5191,118066,0,500,7564,0,0,60,60
5192,0,0,0,7565,0,0,60,60
5193,118064,0,500,0,0,0,60,60
5197,118048,0,500,7559,0,0,60,60
5199,118046,0,500,0,0,0,60,60
5200,118052,0,500,7554,0,0,60,60
5201,0,0,0,7556,0,0,60,60
5202,118049,0,500,0,0,0,60,60
5203,118045,0,500,7551,0,0,60,60
5204,0,0,0,7552,0,0,60,60
5205,118043,0,0,0,0,0,60,60
5206,110425,0,1000,7548,0,0,60,60
5207,110433,0,500,7549,0,0,60,60
5208,118063,0,0,5209,0,0,60,60
5209,0,0,0,0,0,0,60,60
5213,113880,0,3000,5214,0,0,60,60
5214,113881,0,3000,8391,0,0,60,60
5215,0,0,0,5134,0,0,60,60
5216,0,0,0,0,0,0,60,60
5217,113277,0,500,8586,9926,1,60,60
5218,113934,0,4000,5219,0,0,60,60
5219,113935,0,1000,0,0,0,60,60
5220,113936,0,1000,0,0,0,60,60
5224,113940,0,1000,5225,0,0,60,60
5225,113941,0,1000,5226,0,0,60,60
5226,113946,0,1000,5227,0,0,60,60
5227,113942,0,1000,5228,0,0,60,60
5228,113948,0,1000,5229,0,0,60,60
5229,113943,0,1000,5230,0,0,60,60
5230,113959,0,1000,5231,0,0,60,60
5231,113965,0,1000,0,0,0,60,60
5236,0,0,6000,5224,0,0,60,60
5237,0,0,1000,1439,0,0,60,60
5238,113993,0,0,5239,0,0,60,60
5239,113995,0,0,5240,0,0,60,60
5240,113996,0,1000,5241,0,1,60,60
5241,113997,0,0,5242,0,0,60,60
5242,113998,0,1000,5243,0,1,60,60
5243,113999,0,0,5245,0,0,60,60
5244,114000,0,0,0,0,1,60,60
5245,114001,0,2000,5244,0,0,60,60
5246,0,0,1000,5238,0,0,60,60
5247,114003,0,500,0,0,0,60,60
5248,114004,0,500,0,0,0,60,60
5249,114074,0,1000,7558,0,0,60,60
5250,114031,0,500,0,0,0,60,60
5251,114033,0,500,0,0,0,60,60
5255,114044,0,500,0,0,0,60,60
5256,114045,0,500,0,0,0,60,60
5257,114042,0,1000,0,0,0,60,60
5258,114050,0,1000,0,0,0,60,60
5259,122406,0,0,8140,0,0,60,60
5260,0,0,0,7560,0,0,60,60
5261,114069,0,1000,0,0,1,60,60
5262,114071,0,1000,0,0,1,60,60
5263,114072,0,3000,5264,0,0,60,60
5264,114073,0,3000,5265,0,0,60,60
5265,114075,0,3000,5266,0,0,60,60
5266,114076,0,3000,0,0,0,60,60
5267,114077,0,5000,0,0,0,60,60
5268,114078,0,1000,0,0,0,60,60
5269,114091,0,1000,0,0,1,60,60
5270,114129,0,500,0,0,0,60,60
5271,114135,0,500,0,0,0,60,60
5272,91809,0,3000,5273,0,0,60,60
5273,91810,0,500,0,0,0,60,60
5274,93448,0,3000,0,0,0,60,60
5275,91813,0,3000,0,0,0,60,60
5276,92193,0,3000,0,0,0,60,60
5277,91817,0,3000,0,0,0,60,60
5278,91819,0,3000,5279,0,0,60,60
5279,91818,0,3000,0,0,0,60,60
5280,114147,0,500,0,0,0,60,60
5281,93460,0,3000,0,0,0,60,60
5283,120292,0,500,7449,0,0,60,60
5285,117968,0,0,0,0,0,60,60
5286,110421,0,1000,7452,0,0,60,60
5287,117967,0,500,7453,0,0,60,60
5288,0,0,0,0,0,0,60,60
5289,117965,0,0,5288,0,0,60,60
5290,117964,0,500,7456,0,0,60,60
5291,0,0,0,7457,0,0,60,60
5292,117962,0,0,0,0,0,60,60
5293,117961,0,500,7459,0,0,60,60
5294,0,0,0,7460,0,0,60,60
5295,117959,0,0,0,0,0,60,60
5296,117957,0,500,7462,0,0,60,60
5297,0,0,0,7463,0,0,60,60
5298,117955,0,0,0,0,0,60,60
5302,114148,0,500,0,0,0,60,60
5303,114149,0,500,0,0,0,60,60
5304,114150,0,500,0,0,0,60,60
5305,114151,0,500,0,0,0,60,60
5306,0,0,1000,1494,0,0,60,60
5307,0,0,1000,1489,0,0,60,60
5308,122407,0,0,8141,0,0,60,60
5309,114259,0,500,0,0,0,60,60
5310,122421,0,8000,0,0,0,60,60
5311,108578,0,1000,0,0,0,60,60
5312,114273,0,500,0,0,0,60,60
5313,114274,0,500,0,0,0,60,60
5314,114275,0,500,0,0,0,60,60
5315,114276,0,500,0,0,0,60,60
5316,114277,0,500,0,0,0,60,60
5317,114278,0,500,0,0,0,60,60
5318,114279,0,500,0,0,0,60,60
5319,114280,0,500,0,0,0,60,60
5320,114281,0,2000,0,0,1,60,60
5321,114282,0,2000,0,0,1,60,60
5322,114283,0,2000,0,0,1,60,60
5323,114284,0,2000,0,0,1,60,60
5324,114285,0,2000,0,0,1,60,60
5325,117932,0,500,7468,0,0,60,60
5326,0,0,0,7470,0,0,60,60
5327,117929,0,0,0,0,0,60,60
5328,117928,0,500,7472,0,0,60,60
5329,0,0,0,7474,0,0,60,60
5330,117925,0,0,0,0,0,60,60
5331,117924,0,500,7477,0,0,60,60
5332,0,0,0,7478,0,0,60,60
5333,117922,0,0,0,0,0,60,60
5334,110425,0,1000,7483,0,0,60,60
5335,110433,0,500,7484,0,0,60,60
5336,117948,0,500,5337,0,0,60,60
5337,0,0,0,0,0,0,60,60
5341,114300,0,500,0,0,0,60,60
5342,114301,0,500,0,0,0,60,60
5343,94515,0,1000,5344,0,1,60,60
5344,94516,0,1000,5345,0,1,60,60
5345,94517,0,0,0,0,1,60,60
5347,114319,0,500,5348,0,0,60,60
5348,114315,0,3000,0,0,0,60,60
5349,114326,0,500,0,0,0,60,60
5352,93997,0,15000,5353,0,0,60,60
5353,114358,0,15000,5354,0,0,60,60
5354,114359,0,15000,5355,0,0,60,60
5355,114360,0,15000,5356,0,0,60,60
5356,114361,0,15000,0,0,0,60,60
5357,114382,0,500,0,0,0,60,60
5358,114383,0,500,0,0,0,60,60
5359,114395,0,500,0,0,0,60,60
5360,114396,0,0,8384,0,0,60,60
5361,114388,0,1000,0,0,0,60,60
5362,114397,0,1000,0,0,0,60,60
5363,114399,0,500,0,0,0,60,60
5364,98427,0,1500,5365,0,0,60,60
5365,98428,0,0,0,0,0,60,60
5366,0,0,2000,5364,0,0,60,60
5367,114440,0,2000,2040,0,0,60,60
5368,114459,0,500,0,0,0,60,60
5369,114460,0,500,0,0,0,60,60
5371,114314,0,1000,5372,0,0,60,60
5372,114317,0,1000,5373,0,0,60,60
5373,114320,0,1000,5374,0,0,60,60
5374,114322,0,1000,0,0,0,60,60
5375,114466,0,500,0,0,0,60,60
5376,114467,0,500,0,0,0,60,60
5377,114468,0,1000,0,0,0,60,60
5378,98424,0,0,0,0,0,60,60
5379,98425,0,0,0,0,0,60,60
5380,0,0,0,7473,0,0,60,60
5381,117926,0,500,5329,0,0,60,60
5382,0,0,0,7458,0,0,60,60
5383,114469,0,1000,0,0,0,60,60
5385,110423,0,1000,7476,0,0,60,60
5386,114470,0,5000,0,0,0,60,60
5387,122911,0,0,8383,0,0,60,60
5388,114471,0,5000,0,0,0,60,60
5389,114476,0,1000,0,0,0,60,60
5390,114484,0,500,0,0,0,60,60
5391,114485,0,500,0,0,0,60,60
5392,114486,0,500,0,0,0,60,60
5393,114487,0,500,0,0,0,60,60
5394,114474,0,500,5395,0,0,60,60
5395,114475,0,500,0,0,0,60,60
5396,114492,0,500,0,0,0,60,60
5397,114493,0,500,0,0,0,60,60
5405,114508,0,500,0,0,0,60,60
5406,114506,0,500,0,0,0,60,60
5407,114507,0,500,0,0,0,60,60
5408,114509,0,500,0,0,0,60,60
5409,114510,0,0,0,0,0,60,60
5411,114511,0,500,0,0,0,60,60
5412,114514,0,500,0,0,0,60,60
5413,114513,0,500,0,0,0,60,60
5414,114516,0,500,0,0,0,60,60
5415,114519,0,500,0,0,0,60,60
5416,114523,0,3000,0,0,1,60,60
5418,114524,0,3000,0,0,1,60,60
5420,114525,0,4000,0,0,1,60,60
5421,114526,0,4000,0,0,1,60,60
5422,114527,0,3000,0,0,1,60,60
5423,114528,0,3000,0,0,1,60,60
5424,114529,0,4000,0,0,1,60,60
5425,114530,0,4000,0,0,1,60,60
5426,98448,0,0,5427,0,0,60,60
5427,98449,0,0,5428,0,0,60,60
5428,98450,0,0,0,0,0,60,60
5429,114543,0,1000,0,0,0,60,60
5430,114544,0,4000,0,0,1,60,60
5431,114545,0,4000,0,0,1,60,60
5432,120303,0,500,7512,0,0,60,60
5433,0,0,0,7513,0,0,60,60
5434,118118,0,0,0,0,0,60,60
5435,118117,0,500,7509,0,0,60,60
5436,0,0,0,7510,0,0,60,60
5437,118115,0,0,0,0,0,60,60
5438,118114,0,500,7505,0,0,60,60
5439,0,0,0,7507,0,0,60,60
5440,118111,0,0,6549,0,0,60,60
5441,118110,0,1000,5442,0,0,60,60
5442,0,0,0,7503,0,0,60,60
5443,118109,0,0,0,0,0,60,60
5444,118108,0,500,7500,0,0,60,60
5445,0,0,0,7501,0,0,60,60
5446,118106,0,0,0,0,0,60,60
5447,118105,0,500,7497,0,0,60,60
5448,0,0,0,7498,0,0,60,60
5449,118103,0,0,0,0,0,60,60
5453,118076,0,500,7492,0,0,60,60
5455,118074,0,0,0,0,0,60,60
5456,110425,0,500,7489,0,0,60,60
5457,110433,0,500,7490,0,0,60,60
5458,118093,0,0,5459,0,0,60,60
5459,0,0,0,0,0,0,60,60
5463,114551,0,500,0,0,0,60,60
5464,109809,0,500,5465,0,0,60,60
5465,114552,0,500,5466,0,0,60,60
5466,114553,0,500,0,0,0,60,60
5467,114554,0,4000,0,0,1,60,60
5468,114555,0,4000,0,0,1,60,60
5469,114556,0,4000,0,0,1,60,60
5470,114557,0,4000,0,0,1,60,60
5471,114559,0,4000,0,0,1,60,60
5472,114563,0,3000,0,0,1,60,60
5473,114564,0,3000,0,0,1,60,60
5474,96576,0,500,0,0,0,60,60
5475,96577,0,500,0,0,0,60,60
5476,96578,0,500,0,0,0,60,60
5478,0,0,1000,7493,0,0,60,60
5479,118116,0,500,5436,0,0,60,60
5480,118112,0,1000,5439,0,0,60,60
5481,112519,0,2000,0,0,1,60,60
5482,112520,0,2000,0,0,1,60,60
5483,112523,0,2000,0,0,1,60,60
5484,112514,0,2000,0,0,1,60,60
5485,112515,0,2000,0,0,1,60,60
5486,112510,0,2000,0,0,1,60,60
5487,112511,0,2000,0,0,1,60,60
5488,112512,0,2000,0,0,1,60,60
5489,112513,0,2000,0,0,1,60,60
5490,112530,0,2000,0,0,1,60,60
5491,112531,0,2000,0,0,1,60,60
5492,112526,0,2000,0,0,1,60,60
5493,112527,0,2000,0,0,1,60,60
5494,112528,0,2000,0,0,1,60,60
5495,112529,0,2000,0,0,1,60,60
5500,114646,0,15000,5501,0,0,60,60
5501,114647,0,15000,5502,0,0,60,60
5502,114648,0,15000,0,0,0,60,60
5503,114655,0,1250,5504,0,0,60,60
5504,114656,0,1250,5505,0,0,60,60
5505,114657,0,1250,5506,0,0,60,60
5506,114658,0,1500,5507,0,0,60,60
5507,114659,0,1500,5508,0,0,60,60
5508,114661,0,1500,5509,0,0,60,60
5509,114662,0,1000,0,0,0,60,60
5514,114670,0,1000,0,0,0,60,60
5515,114677,0,15000,5516,0,0,60,60
5516,114678,0,15000,5517,0,0,60,60
5517,114679,0,15000,0,0,0,60,60
5518,98291,0,1000,0,0,0,60,60
5519,114709,0,1000,5520,0,1,60,60
5520,114710,0,1000,5521,0,1,60,60
5521,114711,0,500,5522,0,1,60,60
5522,0,0,0,0,0,0,60,60
5523,114716,0,1000,5524,0,0,60,60
5524,114717,0,1000,5525,0,0,60,60
5525,114718,0,250,5526,0,0,60,60
5526,114719,0,1000,5527,0,0,60,60
5527,114720,0,1000,5528,0,1,60,60
5528,114721,0,1000,5529,0,1,60,60
5529,114722,0,1000,5530,0,0,60,60
5530,114723,0,500,5531,0,0,60,60
5531,0,0,0,0,0,0,60,60
5532,114741,0,1000,0,0,0,60,60
5533,114742,0,1000,0,0,0,60,60
5534,114743,0,1000,0,0,0,60,60
5535,114743,0,1000,0,0,0,60,60
5536,114745,0,500,0,0,0,60,60
5537,114746,0,500,0,0,0,60,60
5538,114754,0,500,5539,0,0,60,60
5539,114755,0,500,0,0,0,60,60
5540,114756,0,500,5541,0,0,60,60
5541,114757,0,500,5542,0,0,60,60
5542,114758,0,500,5543,0,0,60,60
5543,114759,0,500,0,0,0,60,60
5544,114770,0,7000,5545,0,1,60,60
5545,114771,0,7000,5546,0,1,60,60
5546,114772,0,1000,0,0,1,60,60
5547,114786,0,500,5548,0,1,60,60
5548,114787,0,500,0,0,1,60,60
5549,114820,0,10000,5550,0,1,60,60
5550,114821,0,7000,5551,0,1,60,60
5551,114822,0,5000,0,0,1,60,60
5553,114611,0,500,0,0,0,60,60
5554,120271,0,500,7632,0,0,60,60
5555,0,0,0,7635,0,0,60,60
5556,117771,0,500,0,0,0,60,60
5557,110421,0,1000,7628,0,0,60,60
5558,117770,0,500,7629,0,0,60,60
5559,0,0,0,0,0,0,60,60
5560,117767,0,500,5559,0,0,60,60
5561,117766,0,500,7625,0,0,60,60
5562,0,0,500,7626,0,0,60,60
5563,117764,0,500,0,0,0,60,60
5564,114839,0,500,5565,0,1,60,60
5565,114840,0,0,0,0,1,60,60
5566,114841,0,1000,5567,0,1,60,60
5567,114842,0,1000,5568,0,1,60,60
5568,114843,0,1000,5569,0,1,60,60
5569,114844,0,1000,0,0,1,60,60
5570,113892,0,-1000,5571,0,0,60,60
5571,114845,0,2000,0,0,0,60,60
5573,117763,0,500,7622,0,0,60,60
5574,0,0,0,0,0,0,60,60
5576,98443,0,500,5577,0,0,60,60
5577,98444,0,500,5578,0,0,60,60
5578,98445,0,500,5579,0,0,60,60
5579,98445,0,0,0,0,0,60,60
5580,117759,0,500,5581,0,0,60,60
5581,0,0,500,7619,0,0,60,60
5582,117757,0,500,0,0,0,60,60
5586,117731,0,500,7611,0,0,60,60
5587,0,0,1000,7612,0,0,60,60
5588,117729,0,500,0,0,0,60,60
5589,117727,0,500,7608,0,0,60,60
5590,0,0,0,7609,0,0,60,60
5591,117724,0,500,0,0,0,60,60
5592,110425,0,500,7605,0,0,60,60
5593,110433,0,500,7606,0,0,60,60
5594,117748,0,500,5595,0,0,60,60
5595,0,0,0,0,0,0,60,60
5599,114848,0,1000,0,0,0,60,60
5600,114849,0,1000,0,0,0,60,60
5601,114855,0,1000,0,0,0,60,60
5602,114856,0,1000,0,0,0,60,60
5603,114857,0,1000,0,0,0,60,60
5604,114907,0,500,5605,0,0,60,60
5605,114908,0,500,5606,0,0,60,60
5606,114910,0,500,5607,0,0,60,60
5607,114911,0,500,0,0,0,60,60
5608,114909,0,1000,5609,4509,1,60,60
5609,0,0,0,0,0,0,60,60
5610,0,0,0,5587,0,0,60,60
5613,114923,0,500,0,0,0,60,60
5614,98479,0,500,0,0,0,60,60
5615,114936,0,500,5616,0,1,60,60
5616,114937,0,2000,0,0,0,60,60
5617,114946,0,500,5604,0,0,60,60
5618,114974,0,1000,0,0,0,60,60
5619,114944,0,500,0,0,1,60,60
5620,114986,0,1000,0,0,0,60,60
5621,114945,0,500,0,0,1,60,60
5622,114947,0,500,0,0,1,60,60
5623,115043,0,500,5624,0,0,60,60
5624,115044,0,500,5625,0,0,60,60
5625,115045,0,500,0,0,0,60,60
5626,115046,0,500,5628,0,0,60,60
5628,115048,0,500,5629,0,0,60,60
5629,115049,0,500,5630,0,0,60,60
5630,115050,0,500,5632,0,0,60,60
5632,115052,0,500,5633,0,0,60,60
5633,115053,0,500,5657,0,0,60,60
5635,115055,0,500,5636,0,0,60,60
5636,115056,0,500,5637,0,0,60,60
5637,115057,0,500,5638,0,0,60,60
5638,115058,0,500,0,0,0,60,60
5639,115059,0,3000,0,0,1,60,60
5640,115060,0,2000,0,0,1,60,60
5641,115061,0,2000,5643,0,1,60,60
5642,115063,0,3000,0,0,1,60,60
5643,115062,0,2000,0,0,1,60,60
5644,115064,0,2000,0,0,1,60,60
5650,115065,0,2000,0,0,1,60,60
5651,115067,0,3000,0,0,1,60,60
5654,115069,0,3000,0,0,1,60,60
5655,115076,0,1000,0,0,0,60,60
5656,115096,0,1000,0,0,0,60,60
5657,115116,0,500,0,0,0,60,60
5658,115117,0,500,5659,0,0,60,60
5659,115118,0,500,5660,0,0,60,60
5660,115119,0,500,0,0,0,60,60
5661,115124,0,3000,0,0,1,60,60
5662,115125,0,3000,0,0,1,60,60
5663,115129,0,2000,0,0,1,60,60
5664,115131,0,2000,0,0,1,60,60
5665,115132,0,2000,5666,0,1,60,60
5666,115133,0,2000,0,0,1,60,60
5667,115134,0,2000,5668,0,1,60,60
5668,115135,0,2000,0,0,1,60,60
5669,115146,0,3000,0,0,1,60,60
5670,115148,0,3000,0,0,1,60,60
5671,115149,0,2000,0,0,1,60,60
5672,115150,0,2000,0,0,1,60,60
5673,115151,0,3000,0,0,1,60,60
5674,115136,0,500,0,0,0,60,60
5675,115137,0,500,0,0,0,60,60
5676,115138,0,500,0,0,0,60,60
5677,115153,0,3000,0,0,1,60,60
5678,115143,0,500,0,0,0,60,60
5679,115155,0,2000,0,0,1,60,60
5680,115156,0,2000,0,0,1,60,60
5681,115157,0,3000,0,0,1,60,60
5682,115158,0,3000,0,0,1,60,60
5683,115159,0,3000,0,0,1,60,60
5684,115160,0,3000,0,0,1,60,60
5685,115161,0,2000,0,0,1,60,60
5686,115162,0,2000,0,0,1,60,60
5687,115163,0,2000,0,0,1,60,60
5688,115164,0,2000,0,0,1,60,60
5689,115165,0,2000,0,0,1,60,60
5690,115136,0,500,0,0,0,60,60
5691,115166,0,2000,0,0,1,60,60
5692,115137,0,500,0,0,0,60,60
5693,115138,0,500,0,0,0,60,60
5694,115143,0,500,0,0,0,60,60
5695,115167,0,2000,0,0,1,60,60
5696,115168,0,2000,0,0,1,60,60
5697,115169,0,2000,0,0,1,60,60
5698,115170,0,2000,0,0,1,60,60
5699,115171,0,2000,0,0,1,60,60
5700,115172,0,2000,0,0,1,60,60
5701,115174,0,2000,0,0,1,60,60
5702,115175,0,2000,0,0,1,60,60
5703,115176,0,3000,0,0,1,60,60
5704,115177,0,3000,0,0,1,60,60
5705,115178,0,2000,0,0,1,60,60
5706,115179,0,2000,0,0,1,60,60
5707,115181,0,2000,0,0,1,60,60
5708,115182,0,2000,0,0,1,60,60
5709,115183,0,2000,0,0,1,60,60
5710,115185,0,2000,0,0,1,60,60
5711,115184,0,1000,5712,0,0,60,60
5712,115186,0,1000,0,0,0,60,60
5713,115189,0,3000,0,0,1,60,60
5714,115191,0,3000,0,0,1,60,60
5715,115194,0,3000,0,0,1,60,60
5716,115195,0,3000,0,0,1,60,60
5717,115196,0,2000,0,0,1,60,60
5718,115197,0,2000,0,0,1,60,60
5719,115198,0,2000,0,0,1,60,60
5720,115199,0,2000,0,0,1,60,60
5722,115203,0,1000,0,0,0,60,60
5723,115209,0,1000,5724,0,1,60,60
5724,115211,0,1000,5766,0,1,60,60
5737,115216,0,500,0,4509,1,60,60
5738,115245,0,2000,5739,0,0,60,60
5739,115246,0,500,0,0,0,60,60
5740,115250,0,2000,5741,0,0,60,60
5741,115255,0,1000,5742,0,0,60,60
5742,115251,0,1000,5743,0,0,60,60
5743,115256,0,1000,5744,0,0,60,60
5744,115252,0,1000,5745,0,0,60,60
5745,115253,0,1000,5746,0,0,60,60
5746,115257,0,1000,5747,0,0,60,60
5747,115254,0,1000,5748,0,0,60,60
5748,115258,0,1000,0,0,0,60,60
5749,115212,0,1000,5750,0,0,60,60
5750,115213,0,1000,5751,0,0,60,60
5751,0,0,0,5752,0,0,60,60
5752,115214,0,1000,5753,0,0,60,60
5753,115215,0,1000,5754,0,0,60,60
5754,0,0,0,0,0,0,60,60
5755,115286,0,2000,0,0,1,60,60
5756,115288,0,500,5757,0,0,60,60
5757,115289,0,500,0,0,0,60,60
5758,115301,0,1000,0,4509,1,60,60
5759,115249,0,500,5938,0,0,60,60
5760,115302,0,500,5761,0,0,60,60
5761,115308,0,500,5775,0,0,60,60
5762,115309,0,500,5763,0,0,60,60
5763,115310,0,500,5764,0,0,60,60
5764,115311,0,500,5765,0,0,60,60
5765,0,0,0,0,0,0,60,60
5766,0,0,0,5749,0,0,60,60
5767,115319,0,500,5768,9926,1,60,60
5768,115320,0,500,0,9926,1,60,60
5769,115324,0,0,0,0,0,60,60
5771,115325,0,1000,5772,0,0,60,60
5772,115327,0,0,0,0,0,60,60
5775,0,0,0,5762,0,0,60,60
5776,115330,0,1000,5777,0,0,60,60
5777,115331,0,1000,0,0,0,60,60
5778,115332,0,1500,0,0,0,60,60
5779,115336,0,500,0,0,0,60,60
5781,115343,0,1000,5782,0,0,60,60
5782,115344,0,1000,0,0,0,60,60
5783,115361,0,2000,5808,0,0,60,60
5785,0,0,0,5810,0,0,60,60
5786,115370,0,500,0,0,0,60,60
5787,113979,0,5000,0,0,0,60,60
5788,110276,0,1500,5789,0,0,60,60
5789,110278,0,1500,5794,0,0,60,60
5794,115265,0,1500,5795,0,0,60,60
5795,115266,0,1500,5797,0,0,60,60
5797,115268,0,1500,5798,0,0,60,60
5798,115269,0,1500,0,0,0,60,60
5800,100926,0,15000,5801,0,0,60,60
5801,115393,0,15000,5802,0,0,60,60
5802,115394,0,15000,5803,0,0,60,60
5803,115395,0,15000,5804,0,0,60,60
5804,115396,0,15000,0,0,0,60,60
5806,115415,0,500,0,0,0,60,60
5807,115418,0,500,0,0,1,60,60
5808,115422,0,500,5785,0,0,60,60
5810,115362,0,500,0,0,0,60,60
5811,115431,0,500,5812,0,0,60,60
5812,115432,0,500,5813,0,0,60,60
5813,115433,0,500,0,0,0,60,60
5817,115458,0,1000,5818,0,1,60,60
5818,115459,0,1000,5821,0,1,60,60
5819,115460,0,500,5820,9926,1,60,60
5820,115461,0,500,5923,9926,1,60,60
5821,0,0,0,0,0,0,60,60
5822,115464,0,500,0,0,1,60,60
5823,115468,0,1000,0,0,0,60,60
5824,115474,0,500,5825,0,1,60,60
5825,115475,0,500,0,0,1,60,60
5826,115478,0,1000,0,0,1,60,60
5827,115489,0,500,5828,0,0,60,60
5828,115490,0,500,0,0,0,60,60
5829,115491,0,500,0,4509,0,60,60
5830,115492,0,500,0,4509,0,60,60
5831,115493,0,500,0,4509,0,60,60
5832,115494,0,500,0,4509,0,60,60
5833,115495,0,500,0,4509,0,60,60
5834,115496,0,500,0,4509,0,60,60
5835,115497,0,500,0,0,0,60,60
5836,115498,0,500,0,0,0,60,60
5837,115499,0,500,0,0,0,60,60
5838,115500,0,500,0,0,0,60,60
5839,115501,0,500,0,0,0,60,60
5840,115502,0,500,0,0,0,60,60
5841,115503,0,500,0,4509,0,60,60
5842,115504,0,500,0,4509,0,60,60
5843,115505,0,500,0,4509,0,60,60
5844,115506,0,500,0,4509,0,60,60
5845,115507,0,500,0,4509,0,60,60
5846,115508,0,500,0,4509,0,60,60
5847,115509,0,500,0,4509,0,60,60
5848,115531,0,1000,0,0,0,60,60
5849,115510,0,500,0,0,0,60,60
5850,115511,0,500,0,0,0,60,60
5851,115512,0,500,0,0,0,60,60
5852,115513,0,500,0,0,0,60,60
5853,115514,0,500,0,0,0,60,60
5854,115515,0,500,0,0,0,60,60
5855,115516,0,500,0,0,0,60,60
5856,115517,0,500,0,4509,0,60,60
5857,115518,0,500,0,4509,0,60,60
5858,115519,0,500,0,4509,0,60,60
5859,115520,0,500,0,4509,0,60,60
5860,115521,0,500,0,4509,0,60,60
5861,115522,0,500,0,4509,0,60,60
5862,115523,0,500,0,4509,0,60,60
5863,115524,0,500,0,0,0,60,60
5864,115525,0,500,0,0,0,60,60
5865,115526,0,500,0,0,0,60,60
5866,115527,0,500,0,0,0,60,60
5867,115528,0,500,0,0,0,60,60
5868,115529,0,500,0,0,0,60,60
5869,115530,0,500,0,0,0,60,60
5870,115483,0,1500,5871,0,1,60,60
5871,115484,0,1500,5985,0,1,60,60
5872,115532,0,500,5873,0,0,60,60
5873,115533,0,500,5874,0,0,60,60
5874,115534,0,500,0,0,0,60,60
5875,115457,0,1000,0,4509,1,60,60
5876,117761,0,500,5574,0,0,60,60
5877,117758,0,1000,7620,0,0,60,60
5878,115535,0,500,5879,0,0,60,60
5879,115536,0,500,0,0,0,60,60
5881,115542,0,1500,5882,0,0,60,60
5882,115543,0,1500,5884,0,0,60,60
5884,115545,0,1500,5886,0,0,60,60
5885,115546,0,1500,5887,0,0,60,60
5886,115547,0,1500,5885,0,0,60,60
5887,115548,0,1500,5888,0,0,60,60
5888,115549,0,1500,5889,0,0,60,60
5889,115550,0,1500,0,0,0,60,60
5890,115555,0,1500,5986,0,0,60,60
5891,115556,0,1500,5892,0,0,60,60
5892,115559,0,1500,5987,0,0,60,60
5895,115562,0,2000,5896,0,0,60,60
5896,115563,0,2000,5897,0,0,60,60
5897,115564,0,2000,5898,0,0,60,60
5898,115565,0,2000,6062,0,0,60,60
5899,115566,0,2000,5900,0,0,60,60
5900,115567,0,2000,6738,0,0,60,60
5901,115568,0,2000,5902,0,0,60,60
5902,115569,0,2000,5903,0,0,60,60
5903,115570,0,2000,5904,0,0,60,60
5904,115571,0,2000,0,0,0,60,60
5905,115574,0,5000,5906,0,0,60,60
5906,115575,0,5000,5907,0,0,60,60
5907,115576,0,5000,5908,0,0,60,60
5908,115577,0,5000,5909,0,0,60,60
5909,115578,0,5000,5910,0,0,60,60
5910,115579,0,5000,5911,0,0,60,60
5911,115580,0,5000,5912,0,0,60,60
5912,115582,0,5000,5913,0,0,60,60
5913,115583,0,7000,5914,0,0,60,60
5914,115584,0,10000,5915,0,0,60,60
5915,115585,0,5000,5916,0,0,60,60
5916,115586,0,5000,5917,0,0,60,60
5917,115587,0,5000,5918,0,0,60,60
5918,115588,0,3000,5919,0,0,60,60
5919,115589,0,3000,5920,0,0,60,60
5920,0,0,0,0,0,0,60,60
5923,0,0,0,0,0,0,60,60
5924,98516,0,0,5925,0,0,60,60
5925,98517,0,0,0,0,0,60,60
5926,98518,0,0,0,0,0,60,60
5927,98528,0,500,5928,0,0,60,60
5928,98529,0,0,0,0,0,60,60
5931,98531,0,500,0,0,0,60,60
5932,0,0,2000,8114,0,0,60,60
5933,115539,0,500,5934,0,0,60,60
5934,115540,0,500,0,0,0,60,60
5935,115699,0,1000,5936,0,1,60,60
5936,115700,0,1000,5937,0,1,60,60
5937,115701,0,1000,0,0,1,60,60
5938,0,0,0,5760,0,0,60,60
5939,115722,0,3000,5957,9926,0,60,60
5953,115720,0,1000,5954,0,1,60,60
5954,115721,0,1000,5955,0,1,60,60
5955,0,0,3000,0,0,0,60,60
5957,0,0,0,0,0,0,60,60
5958,109439,0,1000,4373,0,1,60,60
5959,115751,0,500,5960,0,0,60,60
5960,115752,0,500,5961,0,0,60,60
5961,115753,0,500,0,0,0,60,60
5962,115746,0,1000,0,0,0,60,60
5963,114664,0,1500,5964,0,0,60,60
5964,114665,0,1500,5965,0,0,60,60
5965,114666,0,1500,5966,0,0,60,60
5966,114667,0,500,0,0,0,60,60
5967,115840,0,500,0,0,0,60,60
5974,114313,0,1000,5371,0,0,60,60
5975,115871,0,1000,5976,0,0,60,60
5976,115874,0,1000,5978,0,0,60,60
5977,115872,0,1000,5979,0,0,60,60
5978,115875,0,1000,5977,0,0,60,60
5979,115873,0,1000,0,0,0,60,60
5980,115794,0,500,0,0,0,60,60
5981,94596,0,1000,0,0,1,60,60
5982,94597,0,1000,0,0,1,60,60
5983,115909,0,500,5984,0,0,60,60
5984,115910,0,500,0,0,0,60,60
5985,0,0,0,0,0,0,60,60
5986,0,0,0,5891,0,0,60,60
5987,0,0,0,5895,0,0,60,60
5989,0,0,0,0,0,0,60,60
5990,115989,0,500,0,0,1,60,60
5991,115932,0,500,5992,0,0,60,60
5992,115933,0,500,0,0,0,60,60
5993,115940,0,1000,5994,0,1,60,60
5994,115941,0,1000,5995,0,1,60,60
5995,115942,0,1000,5996,0,1,60,60
5996,115943,0,1000,5997,0,1,60,60
5997,115944,0,1000,5998,0,1,60,60
5998,115945,0,1000,5999,0,1,60,60
5999,115946,0,500,6000,0,1,60,60
6000,115947,0,500,6001,0,1,60,60
6001,0,0,0,0,0,0,60,60
6002,115957,0,934,6016,0,0,60,60
6003,115974,0,500,6004,0,0,60,60
6004,115975,0,500,6005,0,0,60,60
6005,115976,0,500,6006,0,0,60,60
6006,115977,0,500,6007,0,0,60,60
6007,115978,0,500,6008,0,0,60,60
6008,115979,0,500,6009,0,0,60,60
6009,115980,0,500,0,0,0,60,60
6015,115929,0,500,5990,0,1,60,60
6016,116001,0,1080,6033,0,0,60,60
6017,115959,0,569,6018,0,0,60,60
6018,115960,0,1175,6019,0,0,60,60
6019,115961,0,582,0,0,0,60,60
6020,115963,0,671,6021,0,0,60,60
6021,115964,0,733,0,0,0,60,60
6022,115967,0,641,6023,0,0,60,60
6023,115968,0,1251,0,0,0,60,60
6024,115971,0,605,6025,0,0,60,60
6025,115972,0,476,0,0,0,60,60
6026,115958,0,500,0,0,0,60,60
6027,115962,0,0,0,0,0,60,60
6028,115965,0,0,0,0,0,60,60
6030,115969,0,617,6031,0,0,60,60
6031,115970,0,197,0,0,0,60,60
6032,115973,0,0,0,0,0,60,60
6033,116002,0,520,0,0,0,60,60
6037,116006,0,1000,6038,0,0,60,60
6038,116007,0,1000,6040,0,0,60,60
6040,116009,0,1000,6055,0,0,60,60
6042,116010,0,500,0,5163,1,60,60
6043,116114,0,500,6044,0,0,60,60
6044,116115,0,500,0,0,0,60,60
6045,116142,0,500,6046,0,0,60,60
6046,116147,0,500,6047,0,0,60,60
6047,116151,0,500,0,0,0,60,60
6050,116205,0,1000,6051,0,0,60,60
6051,116206,0,1000,0,0,0,60,60
6052,116237,0,500,6053,0,0,60,60
6053,116239,0,500,6054,0,0,60,60
6054,116240,0,500,0,0,0,60,60
6055,0,0,1000,0,0,0,60,60
6056,116301,0,2000,6057,0,0,60,60
6057,116302,0,1000,0,0,0,60,60
6058,116202,0,500,6059,0,0,60,60
6059,116213,0,500,6060,0,0,60,60
6060,115365,0,500,6061,0,0,60,60
6061,115407,0,500,0,0,0,60,60
6062,116311,0,2000,5899,0,0,60,60
6063,114230,0,1000,0,0,0,60,60
6065,116323,0,1000,0,0,0,60,60
6066,97107,0,2000,0,0,0,60,60
6067,116344,0,500,0,0,0,60,60
6068,116324,0,2000,6065,0,0,60,60
6069,116350,0,1000,6070,0,1,60,60
6070,116357,0,1000,0,0,1,60,60
6071,116381,0,1000,6072,0,0,60,60
6072,116382,0,1000,6073,0,0,60,60
6073,116383,0,1000,6074,0,0,60,60
6074,116385,0,1000,6075,0,0,60,60
6075,116387,0,1000,0,0,0,60,60
6076,116389,0,0,0,0,0,60,60
6077,116388,0,0,0,0,0,60,60
6078,116348,0,1000,0,0,0,60,60
6079,116351,0,1000,0,0,0,60,60
6080,116398,0,500,6104,0,0,60,60
6081,116400,0,1000,0,0,0,60,60
6085,116391,0,4000,6086,0,0,60,60
6086,116392,0,5000,0,0,0,60,60
6087,115994,0,500,6092,0,1,60,60
6092,116466,0,500,0,0,1,60,60
6093,116467,0,1000,6095,0,0,60,60
6094,116468,0,1000,6096,0,0,60,60
6095,116470,0,1000,6094,0,0,60,60
6096,0,0,1000,6097,0,0,60,60
6097,116471,0,1000,6099,0,0,60,60
6099,116473,0,1000,6100,0,0,60,60
6100,116474,0,1000,6101,0,0,60,60
6101,116472,0,1000,6102,0,0,60,60
6102,0,0,0,0,0,0,60,60
6103,0,0,0,6050,0,0,60,60
6104,116401,0,500,6105,0,0,60,60
6105,116402,0,500,6106,0,0,60,60
6106,116403,0,500,6107,0,0,60,60
6107,116399,0,500,0,0,0,60,60
6108,116156,0,500,6109,0,0,60,60
6109,116164,0,500,0,0,0,60,60
6110,116491,0,500,6111,0,1,60,60
6111,116490,0,500,0,0,1,60,60
6112,116712,0,500,0,0,0,60,60
6120,116803,0,500,6121,0,0,60,60
6121,116804,0,500,6122,0,0,60,60
6122,116808,0,500,0,0,0,60,60
6123,116821,0,5000,6124,0,0,60,60
6124,116822,0,5000,6126,0,0,60,60
6125,116823,0,3000,6163,0,0,60,60
6126,0,0,100,6130,0,0,60,60
6129,116713,0,500,0,0,0,60,60
6130,0,0,0,0,0,0,60,60
6131,116922,0,500,6132,0,1,60,60
6132,116923,0,500,6133,0,1,60,60
6133,116924,0,500,0,0,1,60,60
6138,116933,0,500,0,0,0,60,60
6139,0,0,0,6140,0,0,60,60
6140,110103,0,500,0,0,0,60,60
6141,116939,0,500,0,0,0,60,60
6142,116941,0,500,0,0,0,60,60
6143,116922,0,5000,6144,0,1,60,60
6144,0,0,0,0,0,0,60,60
6150,116942,0,5000,6151,0,0,60,60
6151,116943,0,5000,6152,0,0,60,60
6152,116944,0,0,0,0,0,60,60
6153,116922,0,5000,6154,0,1,60,60
6154,0,0,0,6155,0,0,60,60
6155,116923,0,5000,6156,0,1,60,60
6156,0,0,0,6157,0,0,60,60
6157,116924,0,5000,6158,0,1,60,60
6158,116922,0,5000,6159,0,1,60,60
6159,116926,0,5000,0,0,1,60,60
6160,0,0,0,6161,0,0,60,60
6161,116922,0,5000,0,0,1,60,60
6162,116961,0,500,0,0,0,60,60
6163,0,0,0,0,0,0,60,60
6164,117058,0,500,6165,0,0,60,60
6165,117060,0,500,6166,0,0,60,60
6166,117059,0,500,6167,0,0,60,60
6167,117061,0,500,6217,0,0,60,60
6168,117063,0,1000,0,0,0,60,60
6169,117065,0,1000,0,0,0,60,60
6170,116922,0,6000,6171,0,1,60,60
6171,116924,0,0,6172,0,1,60,60
6172,116923,0,6000,6173,0,1,60,60
6173,116922,0,0,6174,0,1,60,60
6174,116926,0,0,0,0,1,60,60
6176,117126,0,500,0,0,0,60,60
6177,117120,0,500,0,0,0,60,60
6178,117118,0,500,0,0,0,60,60
6179,117129,0,500,0,0,0,60,60
6180,117125,0,500,0,0,0,60,60
6181,117121,0,500,0,0,0,60,60
6182,117124,0,500,0,0,0,60,60
6183,117119,0,500,0,0,0,60,60
6184,117122,0,500,0,0,0,60,60
6185,117138,0,1000,0,0,1,60,60
6186,117196,0,2000,0,0,1,60,60
6187,117197,0,2000,0,0,1,60,60
6188,117199,0,2000,0,0,1,60,60
6189,117200,0,2000,0,0,1,60,60
6190,117201,0,2000,0,0,1,60,60
6191,117203,0,2000,0,0,1,60,60
6192,117204,0,2000,0,0,1,60,60
6193,117205,0,2000,0,0,1,60,60
6194,94504,0,500,0,0,0,60,60
6196,117275,0,2000,6197,0,0,60,60
6197,117283,0,2000,6198,0,0,60,60
6198,117286,0,3000,6204,0,0,60,60
6199,117342,0,500,6200,0,0,60,60
6200,117351,0,500,6201,0,0,60,60
6201,117359,0,500,0,0,0,60,60
6203,117441,0,500,0,0,0,60,60
6204,117268,0,500,0,0,0,60,60
6205,117774,0,500,7633,0,0,60,60
6206,117773,0,500,7634,0,0,60,60
6207,117772,0,500,5555,0,0,60,60
6208,117769,0,500,6480,0,0,60,60
6209,117765,0,500,5562,0,0,60,60
6210,117762,0,500,7623,0,0,60,60
6211,117730,0,500,5610,0,0,60,60
6212,117726,0,500,5590,0,0,60,60
6213,117751,0,500,7614,0,0,60,60
6214,117750,0,500,6945,0,0,60,60
6215,0,0,2000,7615,0,0,60,60
6216,117749,0,500,0,0,0,60,60
6217,117574,0,500,0,0,0,60,60
6218,117969,0,1000,8585,0,0,60,60
6219,117966,0,1000,6532,0,0,60,60
6220,117963,0,500,5291,0,0,60,60
6221,117960,0,1000,5294,0,0,60,60
6222,117956,0,1000,5297,0,0,60,60
6223,117931,0,500,7469,0,0,60,60
6224,117930,0,1000,5326,0,0,60,60
6225,117927,0,1000,5380,0,0,60,60
6226,117923,0,1000,5332,0,0,60,60
6227,117598,0,500,0,0,0,60,60
6228,117601,0,500,0,0,0,60,60
6229,118404,0,500,4972,0,0,60,60
6230,118398,0,500,4978,0,0,60,60
6231,118391,0,500,7419,0,0,60,60
6233,118395,0,500,7427,0,0,60,60
6234,118394,0,500,4984,0,0,60,60
6235,118425,0,500,7431,0,0,60,60
6236,118424,0,500,4987,0,0,60,60
6237,118432,0,500,4993,0,0,60,60
6238,118429,0,500,9184,0,0,60,60
6239,117855,0,1000,4182,0,0,60,60
6240,117852,0,1000,6482,0,0,60,60
6241,117875,0,1000,4189,0,0,60,60
6242,160888,0,1250,4195,0,0,60,60
6243,117845,0,500,7648,0,0,60,60
6244,117844,0,1000,4200,0,0,60,60
6245,117841,0,1000,4203,0,0,60,60
6246,118006,0,500,7599,0,0,60,60
6247,118005,0,1000,6533,0,0,60,60
6248,118002,0,1000,4869,0,0,60,60
6249,117999,0,1000,4872,0,0,60,60
6250,117996,0,1000,4875,0,0,60,60
6251,117974,0,1000,4881,0,0,60,60
6252,118119,0,1000,5433,0,0,60,60
6253,118113,0,500,7506,0,0,60,60
6254,118107,0,1000,5445,0,0,60,60
6255,118104,0,1000,5448,0,0,60,60
6256,118075,0,1000,5478,0,0,60,60
6258,118161,0,1000,6550,0,0,60,60
6259,118157,0,1000,4316,0,0,60,60
6260,118154,0,1000,4319,0,0,60,60
6261,118130,0,1000,4344,0,0,60,60
6262,118127,0,1000,4347,0,0,60,60
6263,118124,0,500,9185,0,0,60,60
6264,118041,0,500,7700,0,0,60,60
6265,118040,0,1000,3878,0,0,60,60
6266,118037,0,1000,3903,0,0,60,60
6267,118034,0,1000,3909,0,0,60,60
6268,118031,0,1000,3939,0,0,60,60
6269,118013,0,1000,3996,0,0,60,60
6270,118009,0,1000,4003,0,0,60,60
6271,118072,0,500,7572,0,0,60,60
6272,118068,0,500,5189,0,0,60,60
6273,118065,0,1000,5192,0,0,60,60
6274,118047,0,1000,5260,0,0,60,60
6275,118051,0,500,7555,0,0,60,60
6276,118050,0,1000,5201,0,0,60,60
6277,118044,0,1000,5204,0,0,60,60
6278,118215,0,1000,4113,0,0,60,60
6279,118247,0,500,7373,0,0,60,60
6280,118243,0,500,7381,0,0,60,60
6281,153802,0,1000,41249,0,0,60,60
6282,206686,0,1200,7390,0,0,60,60
6283,118212,0,1000,4135,0,0,60,60
6284,118209,0,1000,4138,0,0,60,60
6285,118282,0,500,4576,0,0,60,60
6286,118279,0,1000,4579,0,0,60,60
6287,118272,0,1000,4588,0,0,60,60
6288,118253,0,1000,4593,0,0,60,60
6289,118250,0,1000,4596,0,0,60,60
6290,118522,0,1000,0,0,0,60,60
6291,118524,0,2000,6292,0,0,60,60
6292,118525,0,2000,6293,0,0,60,60
6293,118526,0,3000,6294,0,0,60,60
6294,118527,0,500,0,0,0,60,60
6295,118523,0,1000,0,0,0,60,60
6296,118532,0,1000,6297,0,0,60,60
6297,118533,0,1000,6319,0,0,60,60
6298,118534,0,1000,6299,0,0,60,60
6299,118535,0,1000,6300,0,0,60,60
6300,118536,0,1000,6301,0,0,60,60
6301,118537,0,1000,6302,0,0,60,60
6302,118538,0,1000,6303,0,0,60,60
6303,118539,0,1000,6304,0,0,60,60
6304,0,0,0,0,0,0,60,60
6305,118551,0,1000,0,0,1,60,60
6306,118552,0,500,0,0,0,60,60
6307,118553,0,500,0,0,0,60,60
6308,116935,0,500,0,0,0,60,60
6309,116963,0,500,0,0,0,60,60
6310,116964,0,500,0,0,0,60,60
6311,116965,0,500,6313,0,0,60,60
6312,116966,0,500,0,0,0,60,60
6313,116966,0,500,0,0,0,60,60
6314,97620,0,2500,6315,0,0,60,60
6315,97621,0,2500,6316,0,0,60,60
6316,97622,0,2800,6317,0,0,60,60
6317,97623,0,3750,6318,0,0,60,60
6318,97624,0,500,0,0,0,60,60
6319,118573,0,1000,6298,0,0,60,60
6320,118581,0,500,6321,0,0,60,60
6321,118582,0,500,6322,0,0,60,60
6322,118584,0,500,0,0,0,60,60
6323,0,0,1000,5817,0,0,60,60
6324,118633,0,0,0,0,0,60,60
6326,118650,0,1000,6327,0,0,60,60
6327,118651,0,1000,0,0,0,60,60
6328,118652,0,500,0,0,0,60,60
6329,117107,0,500,6330,0,0,60,60
6330,117109,0,500,6331,0,0,60,60
6331,117110,0,500,6332,0,0,60,60
6332,117145,0,500,6333,0,0,60,60
6333,118556,0,500,0,0,0,60,60
6334,118728,0,3000,6335,0,0,60,60
6335,118729,0,5000,6336,0,0,60,60
6336,118730,0,3000,0,0,0,60,60
6337,118733,0,0,0,0,0,60,60
6338,0,0,3000,6337,0,0,60,60
6339,118745,0,500,6340,0,0,60,60
6340,115335,0,500,6341,0,0,60,60
6341,118746,0,500,0,0,0,60,60
6343,98604,0,500,6344,0,0,60,60
6344,98605,0,0,0,0,0,60,60
6345,98611,0,500,6346,0,0,60,60
6346,98612,0,500,6347,0,0,60,60
6347,98613,0,0,0,0,0,60,60
6348,0,0,1000,6345,0,0,60,60
6350,118797,0,500,0,0,1,60,60
6351,118798,0,500,0,0,0,60,60
6352,118802,0,500,0,0,0,60,60
6353,118809,0,1000,6354,0,0,60,60
6354,118636,0,1000,0,0,0,60,60
6356,98641,0,500,6357,0,0,60,60
6357,98646,0,0,0,0,0,60,60
6360,118845,0,500,6361,0,0,60,60
6361,118846,0,500,6362,0,0,60,60
6362,118847,0,500,6363,0,0,60,60
6363,118848,0,500,0,0,0,60,60
6365,98652,0,500,6366,0,0,60,60
6366,98651,0,0,0,0,0,60,60
6367,118852,0,2000,0,0,1,60,60
6368,118853,0,2000,0,0,1,60,60
6369,118854,0,2000,0,0,1,60,60
6370,118855,0,2000,0,0,1,60,60
6371,118856,0,2000,0,0,1,60,60
6372,118857,0,2000,0,0,1,60,60
6373,118858,0,2000,0,0,1,60,60
6374,118860,0,2000,0,0,1,60,60
6375,118861,0,2000,0,0,1,60,60
6376,118862,0,2000,0,0,1,60,60
6377,118863,0,2000,0,0,1,60,60
6378,118864,0,2000,0,0,1,60,60
6379,118865,0,2000,0,0,1,60,60
6380,118867,0,2000,0,0,1,60,60
6381,118872,0,2000,0,0,1,60,60
6382,118876,0,2000,0,0,1,60,60
6383,118880,0,1000,6414,0,0,60,60
6384,118879,0,500,8297,0,0,60,60
6385,112539,0,2000,0,0,1,60,60
6386,112540,0,2000,0,0,1,60,60
6387,112534,0,2000,0,0,1,60,60
6388,112535,0,2000,0,0,1,60,60
6389,112537,0,2000,0,0,1,60,60
6390,112538,0,2000,0,0,1,60,60
6391,118895,0,4000,8700,0,1,60,60
6392,118898,0,500,0,0,1,60,60
6393,118899,0,500,0,0,1,60,60
6394,118901,0,500,0,0,1,60,60
6395,112544,0,2000,0,0,1,60,60
6396,112545,0,2000,0,0,1,60,60
6397,112548,0,2000,0,0,1,60,60
6398,112549,0,2000,0,0,1,60,60
6399,112552,0,2000,0,0,1,60,60
6400,112553,0,2000,0,0,1,60,60
6401,112554,0,2000,0,0,1,60,60
6402,112555,0,2000,0,0,1,60,60
6403,112546,0,2000,0,0,1,60,60
6404,112547,0,2000,0,0,1,60,60
6405,112550,0,2000,0,0,1,60,60
6406,112551,0,2000,0,0,1,60,60
6407,118930,0,500,6408,0,1,60,60
6408,118939,0,500,6409,0,0,60,60
6409,118932,0,500,0,0,0,60,60
6410,107997,0,500,6411,0,1,60,60
6411,107998,0,0,0,0,1,60,60
6412,108089,0,500,6413,0,1,60,60
6413,108090,0,0,0,0,1,60,60
6414,118981,0,1000,0,0,0,60,60
6415,118866,0,500,6416,0,0,60,60
6416,118868,0,500,0,0,0,60,60
6417,118869,0,500,6418,0,0,60,60
6418,118870,0,500,0,0,0,60,60
6419,118871,0,500,6420,0,0,60,60
6420,118873,0,500,0,0,0,60,60
6421,118995,0,1000,6422,0,0,60,60
6422,118996,0,1000,0,0,0,60,60
6423,118874,0,500,6424,0,0,60,60
6424,118875,0,500,6425,0,0,60,60
6425,118877,0,500,0,0,0,60,60
6426,119143,0,2000,6443,0,0,60,60
6428,119020,0,3000,0,0,0,60,60
6429,0,0,3000,6428,0,0,60,60
6430,119037,0,3000,6431,0,0,60,60
6431,119038,0,3000,0,0,0,60,60
6433,119039,0,3000,0,0,0,60,60
6436,119054,0,3000,6437,0,0,60,60
6437,119055,0,3000,6440,0,0,60,60
6438,119056,0,3000,6439,0,0,60,60
6439,119057,0,3000,0,0,0,60,60
6440,0,0,0,6438,0,0,60,60
6441,119058,0,3000,6442,0,0,60,60
6442,0,0,0,0,0,0,60,60
6443,119144,0,1000,0,0,0,60,60
6458,119210,0,3000,6460,0,0,60,60
6460,120030,0,1000,6465,0,0,60,60
6462,120031,0,1000,6687,0,0,60,60
6465,119211,0,1000,7049,0,0,60,60
6468,119212,0,1000,0,0,0,60,60
6469,120033,0,1000,6468,0,0,60,60
6470,0,0,0,0,0,0,60,60
6471,104134,0,1500,6472,0,0,60,60
6472,104135,0,1500,6473,0,0,60,60
6473,104136,0,1500,6474,0,0,60,60
6474,0,0,1000,0,0,0,60,60
6475,119042,0,500,0,0,1,60,60
6476,119066,0,500,6477,0,1,60,60
6477,119067,0,1000,6478,0,0,60,60
6478,119071,0,500,0,0,0,60,60
6479,119292,0,500,0,0,0,60,60
6480,0,0,0,7630,0,0,60,60
6481,0,0,1000,7420,0,0,60,60
6482,0,0,0,7665,0,0,60,60
6483,119297,0,6000,0,0,0,60,60
6484,119298,0,6000,0,0,0,60,60
6485,119299,0,6000,0,0,0,60,60
6486,119300,0,6000,0,0,0,60,60
6487,119301,0,6000,0,0,0,60,60
6488,119302,0,6000,0,0,0,60,60
6489,119303,0,6000,0,0,0,60,60
6490,119304,0,6000,0,0,0,60,60
6493,119320,0,1500,6494,0,0,60,60
6494,119321,0,1500,6497,0,0,60,60
6497,119325,0,1500,8103,0,0,60,60
6498,119327,0,500,6499,0,0,60,60
6499,119329,0,500,6547,0,0,60,60
6500,119337,0,500,0,0,0,60,60
6501,119338,0,500,0,0,0,60,60
6502,119339,0,500,0,0,0,60,60
6503,119340,0,500,0,0,0,60,60
6504,119341,0,500,0,0,0,60,60
6505,119342,0,500,0,0,0,60,60
6506,119343,0,500,0,0,0,60,60
6507,119344,0,500,0,0,0,60,60
6508,119345,0,500,0,0,0,60,60
6509,119346,0,500,0,0,0,60,60
6510,119347,0,500,0,0,0,60,60
6511,119348,0,500,0,0,0,60,60
6512,119349,0,500,0,0,0,60,60
6513,119350,0,500,0,0,0,60,60
6514,119351,0,500,0,0,0,60,60
6515,119352,0,500,0,0,0,60,60
6516,119353,0,500,0,0,0,60,60
6517,119354,0,500,0,0,0,60,60
6518,119355,0,500,0,0,0,60,60
6519,119356,0,500,0,0,0,60,60
6520,119357,0,500,0,0,0,60,60
6521,119358,0,500,0,0,0,60,60
6522,119359,0,500,0,0,0,60,60
6523,119360,0,500,0,0,0,60,60
6524,119361,0,500,0,0,0,60,60
6525,119362,0,500,0,0,0,60,60
6526,119363,0,500,0,0,0,60,60
6527,119364,0,500,0,0,0,60,60
6528,119366,0,500,0,0,0,60,60
6529,119367,0,500,0,0,0,60,60
6530,119368,0,500,0,0,0,60,60
6531,119369,0,500,0,0,0,60,60
6532,0,0,0,7454,0,0,60,60
6533,0,0,0,7600,0,0,60,60
6534,119375,0,500,0,0,0,60,60
6535,119376,0,500,0,0,0,60,60
6536,119377,0,500,0,0,0,60,60
6537,119378,0,500,0,0,0,60,60
6538,119379,0,500,0,0,0,60,60
6539,119380,0,500,0,0,0,60,60
6540,119384,0,5000,6541,0,0,60,60
6541,119385,0,0,0,0,0,60,60
6542,106808,0,500,0,0,0,60,60
6543,0,0,0,0,0,0,60,60
6544,119390,0,500,0,0,0,60,60
6545,119391,0,500,0,0,0,60,60
6546,119392,0,500,0,0,0,60,60
6547,119329,0,500,0,0,0,60,60
6548,119393,0,500,0,0,0,60,60
6549,0,0,0,0,0,0,60,60
6550,0,0,0,7541,0,0,60,60
6551,0,0,0,7374,0,0,60,60
6554,0,0,0,0,0,0,60,60
6555,119292,0,500,2300,0,0,60,60
6556,119463,0,6000,0,0,0,60,60
6557,119464,0,6000,0,0,0,60,60
6558,119465,0,6000,0,0,0,60,60
6559,119480,0,500,6560,0,0,60,60
6560,119481,0,500,6561,0,0,60,60
6561,119482,0,500,0,0,0,60,60
6562,119476,0,500,6563,0,0,60,60
6563,119477,0,500,6564,0,0,60,60
6564,119478,0,500,6565,0,0,60,60
6565,119485,0,500,0,0,0,60,60
6566,119520,0,1000,6567,0,0,60,60
6567,119521,0,500,0,0,0,60,60
6568,119522,0,1000,6570,0,0,60,60
6570,119524,0,1000,6571,0,0,60,60
6571,119526,0,1000,6572,0,0,60,60
6572,119527,0,1000,6573,0,0,60,60
6573,119528,0,1000,6576,0,0,60,60
6574,119529,0,1000,6575,0,0,60,60
6575,0,0,0,0,0,0,60,60
6576,119523,0,1000,6574,0,0,60,60
6577,119555,0,500,0,0,0,60,60
6578,119562,0,500,0,0,0,60,60
6579,119563,0,500,0,0,0,60,60
6580,119565,0,500,0,0,0,60,60
6581,119567,0,500,0,0,0,60,60
6582,119578,0,500,0,0,0,60,60
6583,119579,0,500,0,0,0,60,60
6584,119580,0,500,0,0,0,60,60
6585,119581,0,500,0,0,0,60,60
6586,119582,0,500,0,0,0,60,60
6587,118012,0,0,0,0,0,60,60
6588,118207,0,1000,6589,0,0,60,60
6589,0,0,0,7408,0,0,60,60
6590,118205,0,0,6591,0,0,60,60
6591,0,0,0,0,0,0,60,60
6596,119649,0,4000,6597,0,0,60,60
6597,119650,0,4000,6598,0,0,60,60
6598,119651,0,1000,0,0,0,60,60
6599,119410,0,500,0,0,0,60,60
6600,119412,0,500,0,0,0,60,60
6601,119411,0,500,0,0,0,60,60
6602,119717,0,1000,0,0,0,60,60
6603,119733,0,1000,6604,0,0,60,60
6604,119734,0,1000,0,0,0,60,60
6605,119147,0,1000,0,0,0,60,60
6606,119156,0,1000,0,0,0,60,60
6607,119741,0,500,6609,0,0,60,60
6608,119742,0,500,6607,0,0,60,60
6609,119745,0,500,6611,0,0,60,60
6610,119744,0,500,6608,0,0,60,60
6611,119869,0,500,7329,0,0,60,60
6612,119746,0,500,6610,0,0,60,60
6614,119765,0,500,0,0,0,60,60
6615,119766,0,500,0,0,0,60,60
6616,116977,0,500,6617,0,0,60,60
6617,116940,0,500,6618,0,0,60,60
6618,116959,0,500,0,0,0,60,60
6619,119152,0,1000,0,0,0,60,60
6620,119148,0,1000,0,0,0,60,60
6621,119164,0,1000,0,0,0,60,60
6622,119774,0,1000,0,0,0,60,60
6623,115080,0,500,6624,0,0,60,60
6624,115109,0,500,0,0,0,60,60
6626,115095,0,500,0,0,0,60,60
6627,115081,0,500,0,0,0,60,60
6628,115091,0,500,6629,0,0,60,60
6629,115100,0,500,0,0,0,60,60
6630,117011,0,500,6631,0,0,60,60
6631,117012,0,500,0,0,0,60,60
6632,115090,0,500,6633,0,0,60,60
6633,115097,0,500,0,0,0,60,60
6634,115092,0,1000,6635,0,0,60,60
6635,115101,0,6000,8387,0,0,60,60
6636,115107,0,500,0,0,0,60,60
6637,115108,0,500,0,0,0,60,60
6638,117127,0,500,6639,0,0,60,60
6639,117642,0,500,6640,0,0,60,60
6640,117130,0,500,0,0,0,60,60
6641,117150,0,500,6642,0,0,60,60
6642,117151,0,500,6643,0,0,60,60
6643,117651,0,500,0,0,0,60,60
6644,117148,0,500,6645,0,0,60,60
6645,117149,0,500,6646,0,0,60,60
6646,118567,0,500,0,0,0,60,60
6647,117135,0,500,6648,0,0,60,60
6648,117136,0,500,8185,0,0,60,60
6650,119778,0,1000,0,0,0,60,60
6651,117179,0,500,6652,0,0,60,60
6652,117180,0,500,6653,0,0,60,60
6653,117636,0,500,0,0,0,60,60
6654,117156,0,500,6655,0,0,60,60
6655,117158,0,500,6656,0,0,60,60
6656,117159,0,500,0,0,0,60,60
6657,117182,0,500,6658,0,0,60,60
6658,117183,0,500,6659,0,0,60,60
6659,117184,0,500,0,0,0,60,60
6660,117169,0,500,6661,0,0,60,60
6661,117171,0,500,6662,0,0,60,60
6662,118284,0,500,0,0,0,60,60
6663,117175,0,500,6664,0,0,60,60
6664,117176,0,500,6665,0,0,60,60
6665,117178,0,500,0,0,0,60,60
6666,117162,0,500,6667,0,0,60,60
6667,117164,0,500,6668,0,0,60,60
6668,117165,0,500,0,0,0,60,60
6669,117153,0,500,6670,0,0,60,60
6670,117154,0,500,6671,0,0,60,60
6671,117155,0,500,0,0,0,60,60
6672,117185,0,500,6673,0,0,60,60
6673,117186,0,500,6674,0,0,60,60
6674,117187,0,500,0,0,0,60,60
6675,119787,0,500,0,0,0,60,60
6678,119193,0,2000,6679,0,0,60,60
6679,119185,0,1000,0,0,0,60,60
6680,119832,0,500,0,0,0,60,60
6681,119833,0,500,0,0,0,60,60
6682,119184,0,1000,0,0,0,60,60
6683,119195,0,1000,6684,0,0,60,60
6684,119190,0,1000,0,0,0,60,60
6685,119194,0,1000,8724,0,0,60,60
6686,119190,0,1000,0,0,0,60,60
6687,120032,0,1000,8785,0,0,60,60
6688,119842,0,0,0,0,0,60,60
6689,119844,0,0,0,0,0,60,60
6690,119846,0,0,0,0,0,60,60
6691,119848,0,0,0,0,0,60,60
6692,119843,0,0,0,0,0,60,60
6693,119845,0,0,0,0,0,60,60
6694,119847,0,0,0,0,0,60,60
6695,119849,0,0,0,0,0,60,60
6696,119270,0,1000,0,0,0,60,60
6697,119269,0,1000,0,0,0,60,60
6698,119859,0,500,0,0,0,60,60
6699,119860,0,500,0,0,0,60,60
6700,119862,0,500,0,0,0,60,60
6701,119864,0,500,6702,0,1,60,60
6702,119865,0,500,0,0,1,60,60
6703,119273,0,1000,6704,0,0,60,60
6704,119274,0,1000,0,0,0,60,60
6705,119280,0,1000,0,0,0,60,60
6706,119868,0,500,6707,0,0,60,60
6707,119903,0,1000,6708,0,0,60,60
6708,119904,0,500,0,0,0,60,60
6710,119277,0,1000,0,0,0,60,60
6715,119874,0,500,0,0,0,60,60
6717,119909,0,1000,6718,0,0,60,60
6718,119910,0,1000,6719,0,0,60,60
6719,119911,0,1000,6720,0,0,60,60
6720,119908,0,500,0,0,0,60,60
6721,119912,0,0,0,0,0,60,60
6722,119913,0,500,0,0,0,60,60
6723,119915,0,500,0,0,0,60,60
6724,119916,0,500,0,0,0,60,60
6725,119917,0,500,0,0,0,60,60
6726,119880,0,500,6727,0,0,60,60
6727,119881,0,500,6728,0,0,60,60
6728,119882,0,500,6729,0,0,60,60
6729,119884,0,500,0,0,0,60,60
6730,119888,0,500,6731,0,0,60,60
6731,119889,0,500,6732,0,0,60,60
6732,119890,0,500,0,0,0,60,60
6734,119945,0,1000,6735,0,0,60,60
6735,119946,0,1000,6736,0,0,60,60
6736,119947,0,1000,6737,0,0,60,60
6737,119948,0,1000,8198,0,0,60,60
6738,0,0,0,5901,0,0,60,60
6739,119954,0,500,0,0,0,60,60
6740,119949,0,1000,6741,0,0,60,60
6741,119950,0,1000,6742,0,0,60,60
6742,119951,0,1000,6743,0,0,60,60
6743,119952,0,1000,8200,0,0,60,60
6744,119955,0,500,0,0,0,60,60
6745,119958,0,1000,6746,0,0,60,60
6746,119960,0,1000,6747,0,0,60,60
6747,119961,0,1000,8202,0,0,60,60
6748,119962,0,1000,6749,0,0,60,60
6749,119963,0,1000,6750,0,0,60,60
6750,119964,0,1000,6751,0,0,60,60
6751,119965,0,1000,6752,0,0,60,60
6752,119966,0,1000,8204,0,0,60,60
6753,119967,0,500,0,0,0,60,60
6754,119968,0,500,0,0,0,60,60
6755,119970,0,500,0,0,0,60,60
6756,119971,0,500,0,0,0,60,60
6757,119972,0,500,0,0,0,60,60
6758,119973,0,500,0,0,0,60,60
6759,119870,0,500,6760,0,0,60,60
6760,119871,0,500,6761,0,0,60,60
6761,119872,0,500,0,0,0,60,60
6762,119974,0,500,0,0,0,60,60
6763,119975,0,500,0,0,0,60,60
6764,119976,0,500,0,0,0,60,60
6765,119977,0,500,0,0,0,60,60
6766,119978,0,500,0,0,0,60,60
6767,119979,0,500,0,0,0,60,60
6768,119980,0,500,0,0,0,60,60
6769,119981,0,500,0,0,0,60,60
6770,119599,0,500,6771,4509,0,60,60
6771,119924,0,500,6772,4509,0,60,60
6772,119925,0,500,6773,4509,0,60,60
6773,119928,0,500,6798,4509,0,60,60
6779,119413,0,500,0,0,0,60,60
6780,119985,0,1000,6781,0,0,60,60
6781,119986,0,1000,6782,0,0,60,60
6782,119987,0,1000,6783,0,0,60,60
6783,119988,0,1000,8182,0,0,60,60
6784,119558,0,500,6785,0,1,60,60
6785,119559,0,2000,6786,0,0,60,60
6786,119570,0,1500,6787,0,0,60,60
6787,120001,0,500,0,0,0,60,60
6792,116925,0,500,6793,1298,1,60,60
6793,116926,0,500,6794,0,1,60,60
6794,119601,0,500,0,4509,1,60,60
6796,120017,0,500,0,0,0,60,60
6797,120018,0,500,0,0,0,60,60
6798,119930,0,500,7306,4509,0,60,60
6799,119283,0,1000,0,0,0,60,60
6800,119282,0,1000,0,0,0,60,60
6801,120034,0,1000,6802,0,0,60,60
6802,120035,0,1000,0,0,0,60,60
6803,120037,0,1000,6804,0,0,60,60
6804,120038,0,1000,0,0,0,60,60
6805,120040,0,1000,6806,0,0,60,60
6806,120041,0,1000,0,0,0,60,60
6807,120042,0,1000,6808,0,0,60,60
6808,120043,0,1000,6809,0,0,60,60
6809,120044,0,1000,6810,0,0,60,60
6810,120046,0,1000,0,0,0,60,60
6811,119286,0,2000,7325,0,0,60,60
6812,119296,0,1000,0,0,0,60,60
6813,120092,0,1000,0,0,0,60,60
6814,120102,0,0,0,0,0,60,60
6815,120103,0,0,0,0,0,60,60
6816,108094,0,500,6817,0,1,60,60
6817,108095,0,0,6818,0,1,60,60
6818,108096,0,0,8706,0,1,60,60
6819,0,0,0,0,0,1,60,60
6820,119480,0,500,6821,0,0,60,60
6821,119481,0,500,6822,0,0,60,60
6822,120124,0,500,0,0,0,60,60
6823,103115,0,2000,6824,0,0,60,60
6824,120125,0,1000,0,0,0,60,60
6825,119896,0,500,6826,0,0,60,60
6826,119897,0,500,6827,0,0,60,60
6827,120129,0,500,6828,0,0,60,60
6828,120130,0,500,6882,0,0,60,60
6829,120132,0,1000,6830,0,0,60,60
6830,120134,0,0,0,0,0,60,60
6831,120145,0,1000,7322,0,0,60,60
6832,121498,0,1000,6833,0,0,60,60
6833,120146,0,1000,6831,0,0,60,60
6834,120148,0,500,6835,0,0,60,60
6835,120149,0,500,6836,0,0,60,60
6836,120150,0,500,6837,0,0,60,60
6837,120151,0,500,6838,0,0,60,60
6838,120152,0,500,0,0,0,60,60
6839,120155,0,500,0,0,0,60,60
6840,110042,0,500,0,0,0,60,60
6841,120169,0,500,0,0,0,60,60
6842,120170,0,500,0,0,0,60,60
6843,120179,0,6000,0,0,0,60,60
6844,120181,0,1000,0,0,0,60,60
6845,119309,0,1000,0,0,0,60,60
6852,120179,0,6000,0,4514,0,60,60
6853,120179,0,6000,0,11537,0,60,60
6854,120212,0,500,6855,0,0,60,60
6855,120213,0,2000,6856,0,0,60,60
6856,120214,0,2000,0,0,0,60,60
6857,120231,0,0,6858,0,1,60,60
6858,120235,0,0,6859,0,1,60,60
6859,120232,0,0,6860,0,1,60,60
6860,120236,0,0,6879,0,1,60,60
6861,120237,0,2000,6862,0,1,60,60
6862,120233,0,2000,6863,0,1,60,60
6863,120238,0,2000,6864,0,1,60,60
6864,120234,0,2000,6880,0,1,60,60
6865,120250,0,500,0,0,0,60,60
6866,120244,0,500,6867,0,0,60,60
6867,120245,0,500,6868,0,0,60,60
6868,120246,0,500,6869,0,0,60,60
6869,120247,0,500,6870,0,0,60,60
6870,120248,0,3000,6881,0,0,60,60
6872,120251,0,500,0,0,0,60,60
6873,120253,0,2000,0,0,1,60,60
6874,0,0,2000,6873,0,0,60,60
6876,120209,0,500,6878,593,1,60,60
6878,0,0,0,0,0,0,60,60
6879,0,0,0,0,0,0,60,60
6880,0,0,0,0,0,0,60,60
6881,120318,0,500,0,0,0,60,60
6882,120319,0,500,0,0,0,60,60
6883,120344,0,500,6884,0,0,60,60
6884,120345,0,500,6885,0,0,60,60
6885,120346,0,500,6886,0,0,60,60
6886,120354,0,500,6887,0,0,60,60
6887,120351,0,500,6888,0,0,60,60
6888,120349,0,500,6897,0,0,60,60
6889,120365,0,500,6898,0,0,60,60
6890,120367,0,500,6899,0,0,60,60
6891,120368,0,500,6892,0,0,60,60
6892,120350,0,500,6900,0,0,60,60
6893,120366,0,500,6894,0,0,60,60
6894,120348,0,500,0,0,0,60,60
6895,119416,0,1000,0,0,0,60,60
6896,119417,0,1000,0,0,0,60,60
6897,120353,0,5000,6889,0,0,60,60
6898,120352,0,5000,6890,0,0,60,60
6899,120347,0,4000,6891,0,0,60,60
6900,120355,0,5000,6893,0,0,60,60
6901,120371,0,500,0,0,0,60,60
6902,120372,0,500,0,0,0,60,60
6903,120374,0,500,0,0,0,60,60
6904,120375,0,500,0,0,0,60,60
6905,120382,0,500,0,0,0,60,60
6906,120384,0,500,0,0,0,60,60
6907,109342,0,500,6908,0,1,60,60
6908,109340,0,500,0,0,1,60,60
6909,109343,0,500,6910,0,1,60,60
6910,109341,0,500,0,0,1,60,60
6911,120386,0,500,0,0,0,60,60
6912,120387,0,500,0,0,0,60,60
6913,120398,0,500,0,0,0,60,60
6914,120399,0,500,0,0,0,60,60
6915,120400,0,500,0,0,0,60,60
6916,120401,0,500,0,0,0,60,60
6917,109319,0,500,0,4509,0,60,60
6918,120417,0,500,0,0,0,60,60
6919,120418,0,500,0,0,0,60,60
6920,120420,0,500,0,0,0,60,60
6921,112893,0,500,6922,0,0,60,60
6922,113966,0,500,0,0,0,60,60
6923,120421,0,500,0,0,0,60,60
6924,112893,0,500,6925,0,0,60,60
6925,113977,0,500,0,0,0,60,60
6926,120422,0,500,0,0,0,60,60
6927,120425,0,500,0,0,0,60,60
6928,120423,0,1500,6929,0,0,60,60
6929,0,0,1000,6930,0,0,60,60
6930,0,0,1000,0,0,0,60,60
6931,120426,0,500,0,0,0,60,60
6932,120427,0,500,0,0,0,60,60
6933,112893,0,500,6934,0,0,60,60
6934,120428,0,500,0,0,0,60,60
6935,120429,0,500,0,0,0,60,60
6936,120430,0,500,0,0,0,60,60
6937,120431,0,500,0,0,0,60,60
6938,112893,0,500,0,0,0,60,60
6939,120432,0,500,0,0,0,60,60
6940,120434,0,500,0,0,0,60,60
6941,120435,0,500,0,0,0,60,60
6942,120436,0,500,0,0,0,60,60
6943,120440,0,500,0,0,0,60,60
6944,120441,0,500,0,0,0,60,60
6945,120442,0,0,6215,0,0,60,60
6946,120443,0,500,0,0,0,60,60
6947,120444,0,500,0,0,0,60,60
6948,119896,0,500,6949,0,0,60,60
6949,119897,0,500,6950,0,0,60,60
6950,120129,0,500,6951,0,0,60,60
6951,120130,0,500,6968,0,0,60,60
6952,120445,0,500,0,0,0,60,60
6953,120446,0,500,0,0,0,60,60
6954,112893,0,500,6955,0,0,60,60
6955,113964,0,500,0,0,0,60,60
6956,120450,0,1000,6969,4772,1,60,60
6957,112893,0,500,6958,0,0,60,60
6958,113973,0,500,0,0,0,60,60
6959,120449,0,500,0,4772,1,60,60
6960,112893,0,500,6961,0,0,60,60
6961,113975,0,500,0,0,0,60,60
6962,112893,0,500,6963,0,0,60,60
6963,113976,0,500,0,0,0,60,60
6964,112893,0,500,6965,0,0,60,60
6965,113971,0,500,0,0,0,60,60
6966,120452,0,500,0,0,0,60,60
6967,120453,0,500,0,0,0,60,60
6968,120454,0,500,0,0,0,60,60
6969,120455,0,2000,7048,602,1,60,60
6970,113813,0,500,6971,0,0,60,60
6971,113827,0,500,0,0,0,60,60
6972,113813,0,500,6973,0,0,60,60
6973,113854,0,500,0,0,0,60,60
6975,113847,0,500,0,0,0,60,60
6976,113813,0,500,6977,0,0,60,60
6977,113826,0,500,0,0,0,60,60
6978,113813,0,500,6979,0,0,60,60
6979,120419,0,500,0,0,0,60,60
6980,113813,0,500,6981,0,0,60,60
6981,120419,0,500,0,0,0,60,60
6982,113813,0,500,6983,0,0,60,60
6983,113853,0,500,0,0,0,60,60
6984,113813,0,500,6985,0,0,60,60
6985,113828,0,500,0,0,0,60,60
6986,113825,0,500,0,0,0,60,60
6987,120464,0,1000,6988,0,0,60,60
6988,120465,0,1000,6989,0,0,60,60
6989,120466,0,1000,0,0,0,60,60
6990,113653,0,500,6991,0,0,60,60
6991,113651,0,500,0,0,0,60,60
6992,113646,0,500,6993,0,0,60,60
6993,113807,0,500,0,0,0,60,60
6994,113776,0,500,6995,0,0,60,60
6995,113651,0,500,0,0,0,60,60
6996,113648,0,500,6997,0,0,60,60
6997,113651,0,500,0,0,0,60,60
6998,113645,0,500,6999,0,0,60,60
6999,113769,0,500,0,0,0,60,60
7000,113779,0,500,7001,0,0,60,60
7001,113651,0,500,0,0,0,60,60
7002,113646,0,500,7003,0,0,60,60
7003,113780,0,500,0,0,0,60,60
7004,113768,0,500,7005,0,0,60,60
7005,113651,0,500,0,0,0,60,60
7006,113645,0,500,0,0,0,60,60
7007,113862,0,500,7008,0,0,60,60
7008,113866,0,500,0,0,0,60,60
7009,113862,0,500,7010,0,0,60,60
7010,113949,0,500,0,0,0,60,60
7011,113926,0,500,7012,0,0,60,60
7012,113928,0,500,0,0,0,60,60
7013,113864,0,500,7014,0,0,60,60
7014,113861,0,500,0,0,0,60,60
7015,113829,0,500,7016,0,0,60,60
7016,113861,0,500,0,0,0,60,60
7017,113862,0,500,7018,0,0,60,60
7018,113931,0,500,0,0,0,60,60
7019,113862,0,500,7020,0,0,60,60
7020,113932,0,500,0,0,0,60,60
7021,113862,0,500,7022,0,0,60,60
7022,113868,0,500,0,0,0,60,60
7023,113960,0,500,0,0,0,60,60
7024,112912,0,500,0,0,0,60,60
7026,120486,0,2000,0,4772,1,60,60
7029,115328,0,0,7030,0,0,60,60
7030,115329,0,0,0,0,0,60,60
7031,112909,0,500,7032,0,0,60,60
7032,112898,0,500,0,0,0,60,60
7033,112904,0,500,0,0,0,60,60
7035,112913,0,500,0,0,0,60,60
7037,112915,0,500,0,0,0,60,60
7039,112898,0,500,7040,0,0,60,60
7040,112919,0,500,0,0,0,60,60
7041,112911,0,500,0,0,0,60,60
7043,112916,0,500,0,0,0,60,60
7045,112897,0,500,0,0,0,60,60
7046,120518,0,500,0,0,0,60,60
7047,120519,0,500,0,0,0,60,60
7048,0,0,0,0,0,0,60,60
7049,0,0,0,6462,0,0,60,60
7051,120544,0,2000,0,0,1,60,60
7052,120545,0,2000,0,0,1,60,60
7053,120546,0,2000,0,0,1,60,60
7054,120596,0,500,7055,0,0,60,60
7055,120612,0,500,7056,0,0,60,60
7056,120597,0,500,7057,0,0,60,60
7057,120598,0,500,7058,0,0,60,60
7058,120599,0,500,7059,0,0,60,60
7059,120600,0,500,7060,0,0,60,60
7060,120601,0,500,7124,0,0,60,60
7061,120690,0,3000,7125,0,0,60,60
7064,109557,0,1000,7065,0,0,60,60
7065,109538,0,1000,7066,0,1,60,60
7066,109558,0,1000,7067,0,0,60,60
7067,109559,0,1000,7068,0,1,60,60
7068,109539,0,1000,0,0,1,60,60
7069,120623,0,500,7070,0,0,60,60
7070,120624,0,500,7071,0,0,60,60
7071,120625,0,500,7079,0,0,60,60
7072,120627,0,1000,7073,0,0,60,60
7073,120629,0,1000,7074,0,0,60,60
7074,120628,0,1000,7075,0,0,60,60
7075,120630,0,1000,0,0,0,60,60
7076,120634,0,500,0,0,0,60,60
7077,120633,0,500,0,0,0,60,60
7078,120635,0,500,0,0,0,60,60
7079,120626,0,0,0,0,0,60,60
7081,120636,0,500,0,0,0,60,60
7082,120638,0,2000,0,0,1,60,60
7083,119484,0,1000,0,0,0,60,60
7084,119479,0,1000,0,0,0,60,60
7085,120639,0,2000,0,0,1,60,60
7086,120640,0,2000,0,0,1,60,60
7087,119486,0,1000,0,0,0,60,60
7088,119492,0,1000,0,0,0,60,60
7089,120641,0,2000,0,0,1,60,60
7090,120642,0,2000,0,0,1,60,60
7091,120643,0,2000,0,0,1,60,60
7092,120644,0,2000,0,0,1,60,60
7093,120646,0,2000,0,0,1,60,60
7094,120647,0,2000,0,0,1,60,60
7095,120648,0,2000,0,0,1,60,60
7096,120649,0,2000,0,0,1,60,60
7097,120650,0,2000,0,0,1,60,60
7100,120651,0,2000,0,0,1,60,60
7101,120652,0,2000,0,0,1,60,60
7102,120653,0,2000,0,0,1,60,60
7103,120654,0,2000,0,0,1,60,60
7104,120655,0,2000,0,0,1,60,60
7105,120656,0,2000,0,0,1,60,60
7106,120657,0,2000,0,0,1,60,60
7107,120658,0,2000,0,0,1,60,60
7108,120659,0,2000,0,0,1,60,60
7109,120662,0,500,0,0,0,60,60
7110,120663,0,500,0,0,0,60,60
7111,115231,0,500,0,0,0,60,60
7112,120668,0,500,0,0,0,60,60
7113,120669,0,500,0,0,0,60,60
7115,119497,0,2000,7375,0,0,60,60
7116,119512,0,1000,7890,0,0,60,60
7117,120684,0,500,7118,0,0,60,60
7118,120685,0,500,7119,0,0,60,60
7119,120686,0,500,7120,0,0,60,60
7120,120687,0,500,7121,0,0,60,60
7121,120688,0,500,7122,0,0,60,60
7122,120689,0,500,7123,0,0,60,60
7123,0,0,1000,0,0,0,60,60
7124,120602,0,4000,7061,0,0,60,60
7125,120691,0,2000,7127,0,0,60,60
7127,120693,0,500,7128,0,0,60,60
7128,0,0,0,0,0,0,60,60
7129,120694,0,500,0,0,0,60,60
7130,120695,0,500,0,0,0,60,60
7131,109553,0,1000,7132,0,1,60,60
7132,109549,0,1000,0,0,1,60,60
7133,109554,0,1000,7134,0,1,60,60
7134,109550,0,1000,0,0,1,60,60
7135,109551,0,1000,7136,0,1,60,60
7136,109555,0,1000,0,0,1,60,60
7137,109552,0,1000,7138,0,1,60,60
7138,109556,0,1000,0,0,1,60,60
7139,120726,0,500,0,0,0,60,60
7140,120727,0,500,0,0,0,60,60
7141,28415,0,4000,7142,0,0,60,60
7142,30937,0,4000,7143,0,0,60,60
7143,25622,0,4000,7144,0,0,60,60
7144,25322,0,4000,0,0,0,60,60
7145,120734,0,500,0,0,0,60,60
7146,120735,0,500,0,0,0,60,60
7148,120745,0,1500,7149,0,0,60,60
7149,120747,0,1500,7150,0,0,60,60
7150,120748,0,1500,7151,0,0,60,60
7151,120750,0,2000,7918,0,0,60,60
7152,120751,0,2000,7872,0,0,60,60
7153,120752,0,2000,7152,0,0,60,60
7154,120753,0,1500,0,0,0,60,60
7156,120760,0,500,0,0,0,60,60
7157,121192,0,500,0,0,0,60,60
7158,119165,0,8000,7159,0,0,60,60
7159,119167,0,1000,7160,0,0,60,60
7160,119168,0,1000,0,0,0,60,60
7161,109541,0,1000,7162,0,1,60,60
7162,109560,0,1000,0,0,1,60,60
7163,109544,0,1000,7164,0,1,60,60
7164,109561,0,1000,7165,0,1,60,60
7165,109567,0,1000,7166,0,1,60,60
7166,109546,0,1000,7167,0,1,60,60
7167,109568,0,1000,7168,0,1,60,60
7168,109547,0,1000,7169,0,1,60,60
7169,109562,0,1000,0,0,1,60,60
7170,120831,0,1000,0,0,0,60,60
7171,107014,0,1000,0,0,1,60,60
7172,120833,0,4000,0,0,0,60,60
7173,107015,0,1000,0,0,1,60,60
7174,119188,0,6000,7175,0,0,60,60
7175,119835,0,8000,7176,0,0,60,60
7176,119836,0,3000,7177,0,0,60,60
7177,119189,0,1000,0,0,0,60,60
7178,120836,0,1000,0,11608,0,60,60
7179,120992,0,1000,7180,0,0,60,60
7180,120993,0,1000,7181,0,0,60,60
7181,120994,0,1000,7182,0,0,60,60
7182,120995,0,1000,0,0,0,60,60
7183,0,0,10000,7178,0,0,60,60
7184,121674,0,1000,7185,0,0,60,60
7185,121022,0,1000,7186,0,0,60,60
7186,121024,0,1000,7187,0,0,60,60
7187,121021,0,1000,7188,0,0,60,60
7188,121023,0,1000,7189,0,0,60,60
7189,121025,0,1000,0,0,0,60,60
7190,121027,0,1000,0,11608,0,60,60
7191,121027,0,1000,0,11608,1,60,60
7192,121035,0,1000,0,11641,0,60,60
7193,121039,0,1000,0,11608,0,60,60
7194,115620,0,1000,7195,0,0,60,60
7195,120402,0,1000,7196,0,0,60,60
7196,120403,0,1000,7200,0,0,60,60
7197,107197,0,500,7198,0,0,60,60
7198,107198,0,500,7199,0,0,60,60
7199,107199,0,0,0,0,0,60,60
7200,0,0,0,0,0,0,60,60
7201,120404,0,1000,7202,0,0,60,60
7202,120405,0,1000,0,0,0,60,60
7203,120406,0,1000,7204,0,0,60,60
7204,120407,0,1000,7205,0,0,60,60
7205,120408,0,1000,0,0,0,60,60
7206,120409,0,1000,0,0,0,60,60
7207,120410,0,1000,0,0,0,60,60
7208,120411,0,1000,0,0,0,60,60
7209,120412,0,1000,0,0,0,60,60
7210,120413,0,1000,0,0,0,60,60
7211,120415,0,1000,0,0,0,60,60
7212,120414,0,1000,0,0,0,60,60
7213,120416,0,1000,0,0,0,60,60
7214,0,0,0,0,0,0,60,60
7215,121054,0,500,0,0,0,60,60
7216,121055,0,500,0,0,0,60,60
7217,99530,0,1000,7218,0,0,60,60
7218,101995,0,500,7219,0,0,60,60
7219,101999,0,1000,0,0,0,60,60
7220,121097,0,1000,8788,0,0,60,60
7222,119997,0,500,7683,0,0,60,60
7223,119996,0,1000,7224,0,0,60,60
7224,0,0,0,7684,0,0,60,60
7225,119995,0,0,0,0,0,60,60
7226,121105,0,1000,0,11608,0,60,60
7228,121111,0,1000,0,11608,0,60,60
7231,121196,0,6000,0,0,1,60,60
7232,121195,0,6000,0,0,1,60,60
7233,121198,0,6000,0,0,1,60,60
7234,121199,0,6000,0,0,1,60,60
7235,121219,0,500,0,0,0,60,60
7236,121220,0,500,0,0,0,60,60
7237,121221,0,500,0,0,0,60,60
7238,121223,0,500,0,0,0,60,60
7239,121226,0,500,0,0,0,60,60
7240,121227,0,500,0,0,0,60,60
7241,121228,0,500,0,0,0,60,60
7242,121229,0,500,0,0,0,60,60
7243,121230,0,500,0,0,0,60,60
7244,121231,0,500,0,0,0,60,60
7245,121232,0,500,0,0,0,60,60
7246,121233,0,500,0,0,0,60,60
7247,121234,0,500,0,0,0,60,60
7248,121236,0,500,0,0,0,60,60
7249,121235,0,3000,7250,0,0,60,60
7250,121240,0,1000,0,0,0,60,60
7251,107440,0,500,7252,0,0,60,60
7252,107441,0,0,0,0,0,60,60
7253,107380,0,0,0,0,0,60,60
7254,107381,0,0,0,0,0,60,60
7255,107382,0,0,0,0,0,60,60
7256,121244,0,500,0,0,0,60,60
7257,121246,0,500,0,0,0,60,60
7258,121238,0,500,0,0,0,60,60
7259,121239,0,500,0,0,0,60,60
7260,121280,0,1000,7261,0,0,60,60
7261,121282,0,1000,7263,0,0,60,60
7262,121284,0,1000,7264,0,0,60,60
7263,121283,0,1000,7262,0,0,60,60
7264,121285,0,1000,7265,0,0,60,60
7265,121287,0,1000,7266,0,0,60,60
7266,121288,0,1000,0,0,0,60,60
7267,108340,0,1000,7268,0,0,60,60
7268,108341,0,1000,7269,0,0,60,60
7269,108342,0,1000,7270,0,0,60,60
7270,108343,0,1000,0,0,0,60,60
7271,121299,0,1000,0,0,1,60,60
7276,121357,0,1000,0,11608,0,60,60
7277,121359,0,1000,0,11608,0,60,60
7278,121360,0,1000,0,11608,1,60,60
7279,121362,0,1000,0,0,0,60,60
7280,121365,0,5000,7281,0,0,60,60
7281,121366,0,1000,0,0,1,60,60
7282,121367,0,5000,7283,0,0,60,60
7283,121368,0,5000,7284,0,0,60,60
7284,121369,0,5000,7285,0,0,60,60
7285,121370,0,5000,7286,0,0,60,60
7286,121371,0,1000,0,0,0,60,60
7287,121372,0,5000,7288,0,0,60,60
7288,121373,0,5000,7289,0,0,60,60
7289,121374,0,5000,7290,0,0,60,60
7290,121375,0,5000,7291,0,0,60,60
7291,121376,0,5000,7292,0,0,60,60
7292,121377,0,1000,0,0,0,60,60
7293,104517,0,1000,0,0,1,60,60
7294,120818,0,500,0,0,0,60,60
7296,104518,0,1000,0,0,1,60,60
7297,121405,0,500,7298,0,0,60,60
7298,121406,0,500,7299,0,0,60,60
7299,121407,0,500,7300,0,0,60,60
7300,121410,0,500,7301,0,0,60,60
7301,121409,0,1000,0,0,0,60,60
7302,121413,0,1000,7303,0,0,60,60
7303,121414,0,1000,0,0,0,60,60
7304,121105,0,1000,0,11608,0,60,60
7306,0,0,0,0,0,0,60,60
7307,120692,0,500,7308,0,0,60,60
7308,120610,0,500,7309,0,0,60,60
7309,121444,0,500,7310,0,0,60,60
7310,121445,0,500,0,0,0,60,60
7312,121448,0,1000,0,0,0,60,60
7317,121449,0,5000,7318,0,0,60,60
7318,121450,0,5000,7319,0,0,60,60
7319,121453,0,1000,0,0,0,60,60
7320,119836,0,3000,7321,0,0,60,60
7321,119189,0,1000,0,0,0,60,60
7322,0,0,1000,0,0,0,60,60
7323,121500,0,1000,7324,0,0,60,60
7324,121501,0,1000,0,0,0,60,60
7325,119287,0,1000,0,0,0,60,60
7327,120249,0,500,7328,0,0,60,60
7328,119747,0,500,0,0,0,60,60
7329,121517,0,1000,0,0,0,60,60
7330,121291,0,2000,0,0,1,60,60
7336,121537,0,0,7337,0,1,60,60
7337,121538,0,0,7887,0,1,60,60
7338,121337,0,4000,7339,0,0,60,60
7339,104007,0,2000,0,0,0,60,60
7340,120310,0,500,8170,0,0,60,60
7341,117717,0,500,6285,0,0,60,60
7342,109814,0,0,4577,0,0,60,60
7343,109816,0,500,4578,0,0,60,60
7344,117718,0,1000,6286,0,0,60,60
7345,109817,0,0,4580,0,0,60,60
7346,109820,0,1000,4581,0,0,60,60
7347,109821,0,0,4583,0,0,60,60
7348,109823,0,1000,4584,0,0,60,60
7349,109824,0,0,4586,0,0,60,60
7352,109827,0,500,4587,0,0,60,60
7353,117719,0,1000,6287,0,0,60,60
7354,109828,0,0,4589,0,0,60,60
7355,109834,0,500,4592,0,0,60,60
7356,117721,0,1000,6288,0,0,60,60
7357,109836,0,0,4594,0,0,60,60
7358,109842,0,500,4595,0,0,60,60
7359,117722,0,1000,6289,0,0,60,60
7360,109843,0,0,4597,0,0,60,60
7361,109723,0,1000,4604,0,0,60,60
7362,109056,0,500,4605,0,0,60,60
7363,109851,0,0,4606,0,0,60,60
7367,120308,0,500,8158,0,0,60,60
7368,117711,0,1000,6278,0,0,60,60
7369,108870,0,0,4114,0,0,60,60
7370,109724,0,2000,4723,0,0,60,60
7371,108871,0,500,4120,0,0,60,60
7372,117707,0,500,6279,0,0,60,60
7373,108872,0,1000,4122,0,0,60,60
7374,109709,0,0,4417,0,0,60,60
7375,119498,0,2000,7376,0,0,60,60
7376,119499,0,1000,7652,0,0,60,60
7378,109720,0,1000,4412,0,0,60,60
7379,108873,0,500,4123,0,0,60,60
7380,117708,0,500,6280,0,0,60,60
7381,108874,0,1000,4418,0,0,60,60
7382,109712,0,0,4125,0,0,60,60
7383,109721,0,1000,4413,0,0,60,60
7384,153809,0,500,4126,0,0,60,60
7385,153801,0,1000,6281,0,0,60,60
7386,153804,0,0,4128,0,0,60,60
7388,206681,0,1200,4129,0,0,60,60
7389,206685,0,1200,6282,0,0,60,60
7390,108878,0,1000,4419,0,0,60,60
7391,206684,0,1500,4131,0,0,60,60
7395,108881,0,500,4134,0,0,60,60
7396,117712,0,1000,6283,0,0,60,60
7397,108882,0,0,4136,0,0,60,60
7398,108883,0,500,4137,0,0,60,60
7399,117713,0,1000,6284,0,0,60,60
7400,108884,0,0,4139,0,0,60,60
7404,109723,0,1000,4415,0,0,60,60
7405,109056,0,500,4463,0,0,60,60
7406,109889,0,0,4140,0,0,60,60
7407,109734,0,1000,6588,0,0,60,60
7408,109736,0,0,6590,0,0,60,60
7409,120272,0,500,8156,0,0,60,60
7410,117605,0,500,6229,0,0,60,60
7411,110044,0,500,4973,0,0,60,60
7412,109721,0,1000,5106,0,0,60,60
7413,110047,0,500,4974,0,0,60,60
7414,110048,0,500,5104,0,0,60,60
7415,110049,0,500,4976,0,0,60,60
7416,110055,0,500,4980,0,0,60,60
7417,117609,0,500,6231,0,0,60,60
7419,110056,0,500,5105,0,0,60,60
7420,110057,0,0,4982,0,0,60,60
7421,109720,0,1000,5107,0,0,60,60
7422,110050,0,500,4977,0,0,60,60
7423,117606,0,500,6230,0,0,60,60
7424,110051,0,0,4979,0,0,60,60
7425,110059,0,500,4983,0,0,60,60
7426,117607,0,500,6233,0,0,60,60
7427,117608,0,500,6234,0,0,60,60
7428,110060,0,0,4985,0,0,60,60
7429,110067,0,500,4986,0,0,60,60
7430,117613,0,500,6235,0,0,60,60
7431,117614,0,500,6236,0,0,60,60
7432,110068,0,0,4988,0,0,60,60
7436,110071,0,500,4992,0,0,60,60
7437,117621,0,500,6237,0,0,60,60
7438,110072,0,0,4994,0,0,60,60
7442,109723,0,500,5000,0,0,60,60
7443,109056,0,500,5001,0,0,60,60
7444,110029,0,500,5002,0,0,60,60
7445,110073,0,500,4995,0,0,60,60
7446,117622,0,500,6238,0,0,60,60
7447,110074,0,0,4997,0,0,60,60
7448,120291,0,500,8152,0,0,60,60
7449,117569,0,1000,6218,0,0,60,60
7450,110145,0,0,5285,0,0,60,60
7451,109724,0,1000,5286,0,0,60,60
7452,110146,0,500,5287,0,0,60,60
7453,117570,0,1000,6219,0,0,60,60
7454,110147,0,0,5289,0,0,60,60
7455,110149,0,500,5290,0,0,60,60
7456,117571,0,500,6220,0,0,60,60
7457,110150,0,0,5292,0,0,60,60
7458,110151,0,500,5293,0,0,60,60
7459,117572,0,1000,6221,0,0,60,60
7460,110152,0,0,5295,0,0,60,60
7461,110157,0,500,5296,0,0,60,60
7462,117575,0,1000,6222,0,0,60,60
7463,110158,0,0,5298,0,0,60,60
7467,110159,0,500,5325,0,0,60,60
7468,117579,0,500,6223,0,0,60,60
7469,117580,0,1000,6224,0,0,60,60
7470,110160,0,0,5327,0,0,60,60
7471,110161,0,500,5328,0,0,60,60
7472,117581,0,1000,6225,0,0,60,60
7473,110162,0,500,5381,0,0,60,60
7474,110163,0,0,5330,0,0,60,60
7475,109722,0,1000,5385,0,0,60,60
7476,110164,0,500,5331,0,0,60,60
7477,117583,0,1000,6226,0,0,60,60
7478,110165,0,0,5333,0,0,60,60
7482,109723,0,1000,5334,0,0,60,60
7483,109056,0,500,5335,0,0,60,60
7484,112612,0,500,5336,0,0,60,60
7488,109723,0,500,5456,0,0,60,60
7489,109056,0,500,5457,0,0,60,60
7490,112769,0,0,5458,0,0,60,60
7491,112772,0,500,5453,0,0,60,60
7492,117659,0,1000,6256,0,0,60,60
7493,112771,0,0,5455,0,0,60,60
7496,112774,0,500,5447,0,0,60,60
7497,117655,0,1000,6255,0,0,60,60
7498,112773,0,0,5449,0,0,60,60
7499,112776,0,500,5444,0,0,60,60
7500,117654,0,1000,6254,0,0,60,60
7501,112775,0,0,5446,0,0,60,60
7502,112778,0,1000,5441,0,0,60,60
7503,112777,0,0,5443,0,0,60,60
7504,112781,0,500,5438,0,0,60,60
7505,117653,0,500,6253,0,0,60,60
7506,112780,0,1000,5480,0,0,60,60
7507,112779,0,0,5440,0,0,60,60
7508,112784,0,500,5435,0,0,60,60
7509,112783,0,500,5479,0,0,60,60
7510,112782,0,0,5437,0,0,60,60
7511,120301,0,500,8168,0,0,60,60
7512,117650,0,1000,6252,0,0,60,60
7513,112785,0,0,5434,0,0,60,60
7516,109056,0,500,4483,0,0,60,60
7517,109443,0,0,4355,0,0,60,60
7518,110273,0,1000,4499,0,0,60,60
7519,109989,0,0,4501,0,0,60,60
7520,109440,0,500,4352,0,0,60,60
7521,117665,0,500,6263,0,0,60,60
7522,109441,0,0,4354,0,0,60,60
7523,109436,0,500,4346,0,0,60,60
7524,117664,0,1000,6262,0,0,60,60
7525,109437,0,0,4348,0,0,60,60
7526,109434,0,500,4343,0,0,60,60
7527,117663,0,1000,6261,0,0,60,60
7528,109435,0,0,4345,0,0,60,60
7531,109424,0,1000,4338,0,0,60,60
7532,109425,0,0,4340,0,0,60,60
7533,109403,0,500,4318,0,0,60,60
7534,117662,0,1000,6260,0,0,60,60
7535,109404,0,0,4320,0,0,60,60
7536,109401,0,500,4315,0,0,60,60
7537,117661,0,1000,6259,0,0,60,60
7538,109402,0,0,4317,0,0,60,60
7539,120304,0,500,8160,0,0,60,60
7540,117660,0,1000,6258,0,0,60,60
7541,109400,0,0,4314,0,0,60,60
7547,109723,0,1000,5206,0,0,60,60
7548,109056,0,500,5207,0,0,60,60
7549,109943,0,0,5208,0,0,60,60
7550,109940,0,500,5203,0,0,60,60
7551,117706,0,1000,6277,0,0,60,60
7552,109941,0,0,5205,0,0,60,60
7553,109933,0,500,5200,0,0,60,60
7554,117703,0,500,6275,0,0,60,60
7555,117704,0,1000,6276,0,0,60,60
7556,109934,0,500,5202,0,0,60,60
7557,111581,0,1000,5249,0,0,60,60
7558,109936,0,500,5197,0,0,60,60
7559,117705,0,1000,6274,0,0,60,60
7560,109937,0,500,5199,0,0,60,60
7563,109927,0,500,5191,0,0,60,60
7564,117702,0,1000,6273,0,0,60,60
7565,109928,0,500,5193,0,0,60,60
7566,109923,0,500,5188,0,0,60,60
7567,117701,0,500,6272,0,0,60,60
7568,109924,0,500,5190,0,0,60,60
7569,120298,0,500,8166,0,0,60,60
7570,117700,0,500,6271,0,0,60,60
7571,109919,0,500,5185,0,0,60,60
7572,109920,0,500,5187,0,0,60,60
7576,109723,0,1000,4892,0,0,60,60
7577,109056,0,500,4893,0,0,60,60
7578,112585,0,500,4894,0,0,60,60
7579,158209,0,1000,4883,0,0,60,60
7580,158211,0,1000,4885,0,0,60,60
7581,109966,0,500,4880,0,0,60,60
7582,117648,0,1000,6251,0,0,60,60
7583,109967,0,0,4882,0,0,60,60
7586,109962,0,500,4874,0,0,60,60
7587,117643,0,1000,6250,0,0,60,60
7588,109963,0,0,4876,0,0,60,60
7589,109720,0,1000,4959,0,0,60,60
7590,109959,0,500,4871,0,0,60,60
7591,117641,0,1000,6249,0,0,60,60
7592,109960,0,0,4873,0,0,60,60
7593,109721,0,1000,4958,0,0,60,60
7594,109955,0,500,4868,0,0,60,60
7595,117649,0,1000,6248,0,0,60,60
7596,109956,0,0,4870,0,0,60,60
7597,120294,0,500,8164,0,0,60,60
7598,117639,0,500,6246,0,0,60,60
7599,117640,0,1000,6247,0,0,60,60
7600,109952,0,0,4867,0,0,60,60
7604,109723,0,500,5592,0,0,60,60
7605,109056,0,500,5593,0,0,60,60
7606,110121,0,500,5594,0,0,60,60
7607,110119,0,500,5589,0,0,60,60
7608,117555,0,500,6212,0,0,60,60
7609,110120,0,500,5591,0,0,60,60
7610,110116,0,500,5586,0,0,60,60
7611,117554,0,500,6211,0,0,60,60
7612,110117,0,500,5588,0,0,60,60
7613,110128,0,500,6213,0,0,60,60
7614,117553,0,500,6214,0,0,60,60
7615,110129,0,500,6216,0,0,60,60
7618,110112,0,500,5580,0,0,60,60
7619,110113,0,1000,5877,0,0,60,60
7620,110114,0,500,5582,0,0,60,60
7621,110108,0,500,5573,0,0,60,60
7622,117550,0,500,6210,0,0,60,60
7623,110110,0,500,5876,0,0,60,60
7624,110106,0,500,5561,0,0,60,60
7625,117549,0,500,6209,0,0,60,60
7626,110107,0,500,5563,0,0,60,60
7627,109724,0,1000,5557,0,0,60,60
7628,110104,0,500,5558,0,0,60,60
7629,117548,0,500,6208,0,0,60,60
7630,110105,0,500,5560,0,0,60,60
7631,120270,0,500,8154,0,0,60,60
7632,117545,0,500,6205,0,0,60,60
7633,117546,0,500,6206,0,0,60,60
7634,117547,0,500,6207,0,0,60,60
7635,110103,0,500,5556,0,0,60,60
7640,109056,0,500,4465,0,0,60,60
7641,109053,0,500,4205,0,0,60,60
7642,109051,0,500,4202,0,0,60,60
7643,117632,0,1000,6245,0,0,60,60
7644,109052,0,0,4204,0,0,60,60
7646,109049,0,500,4808,0,0,60,60
7647,117631,0,500,6243,0,0,60,60
7648,117634,0,1000,6244,0,0,60,60
7649,109050,0,0,4201,0,0,60,60
7652,0,0,0,0,0,0,60,60
7653,109045,0,0,4194,0,0,60,60
7654,109046,0,500,4196,0,0,60,60
7655,160885,0,1250,6242,0,0,60,60
7656,109720,0,1000,4482,0,0,60,60
7657,109043,0,1000,4191,0,0,60,60
7658,109044,0,0,4193,0,0,60,60
7659,109721,0,1000,4481,0,0,60,60
7660,109041,0,500,4188,0,0,60,60
7661,117623,0,1000,6241,0,0,60,60
7662,109042,0,0,4190,0,0,60,60
7663,109039,0,500,4185,0,0,60,60
7664,117628,0,1000,6240,0,0,60,60
7665,109040,0,0,4187,0,0,60,60
7666,120284,0,500,8150,0,0,60,60
7667,117626,0,1000,6239,0,0,60,60
7668,109038,0,0,4183,0,0,60,60
7672,109837,0,500,4455,0,0,60,60
7673,109056,0,500,4456,0,0,60,60
7674,109054,0,500,4005,0,0,60,60
7675,108522,0,500,4002,0,0,60,60
7676,117685,0,1000,6270,0,0,60,60
7677,108523,0,0,4004,0,0,60,60
7678,108491,0,500,3993,0,0,60,60
7679,117684,0,1000,6269,0,0,60,60
7680,108492,0,0,6587,0,0,60,60
7682,119992,0,500,7222,0,0,60,60
7683,119993,0,1000,7223,0,0,60,60
7684,119994,0,0,7225,0,0,60,60
7687,108334,0,500,3938,0,0,60,60
7688,117683,0,1000,6268,0,0,60,60
7689,108335,0,0,3940,0,0,60,60
7690,109837,0,1000,4461,0,0,60,60
7691,108232,0,500,3908,0,0,60,60
7692,117682,0,1000,6267,0,0,60,60
7693,108233,0,0,3910,0,0,60,60
7694,109721,0,1000,4460,0,0,60,60
7695,108228,0,500,3902,0,0,60,60
7696,117681,0,1000,6266,0,0,60,60
7697,108229,0,0,3904,0,0,60,60
7698,120296,0,500,8162,0,0,60,60
7699,117679,0,500,6264,0,0,60,60
7700,117680,0,1000,6265,0,0,60,60
7701,108133,0,0,3879,0,0,60,60
7705,105088,0,500,2913,0,0,60,60
7706,105086,0,500,2909,0,0,60,60
7709,121294,0,13000,7710,0,0,60,60
7710,121352,0,2000,0,0,0,60,60
7711,105240,0,3000,7712,0,0,60,60
7712,103742,0,2000,0,0,0,60,60
7713,103765,0,1000,0,0,0,60,60
7723,120276,0,500,7724,0,0,60,60
7724,118500,0,500,7726,0,0,60,60
7725,110213,0,500,7723,0,0,60,60
7726,120277,0,500,7727,0,0,60,60
7727,117592,0,500,7728,0,0,60,60
7728,118507,0,500,7729,0,0,60,60
7729,0,0,0,7730,0,0,60,60
7730,110214,0,500,7731,0,0,60,60
7731,118499,0,500,0,0,0,60,60
7732,110215,0,500,7733,0,0,60,60
7733,118498,0,500,7734,0,0,60,60
7734,117593,0,500,7735,0,0,60,60
7735,118506,0,500,7736,0,0,60,60
7736,110217,0,1000,7737,0,0,60,60
7737,118496,0,1000,7738,0,0,60,60
7738,0,0,0,7739,0,0,60,60
7739,110216,0,0,7740,0,0,60,60
7740,118497,0,0,0,0,0,60,60
7742,193537,0,500,7743,0,0,60,60
7743,193538,0,500,7744,0,0,60,60
7744,193541,0,1000,7745,0,0,60,60
7745,193543,0,1000,7748,0,0,60,60
7746,193544,0,0,7747,0,0,60,60
7747,193545,0,0,0,0,0,60,60
7748,0,0,0,7746,0,0,60,60
7751,110220,0,500,7752,0,0,60,60
7752,118493,0,500,7753,0,0,60,60
7753,196160,0,1000,7754,0,0,60,60
7754,196161,0,1000,7757,0,0,60,60
7755,196158,0,0,7756,0,0,60,60
7756,196159,0,0,0,0,0,60,60
7757,0,0,0,7755,0,0,60,60
7769,110230,0,500,7770,0,0,60,60
7770,118485,0,500,7771,0,0,60,60
7771,193556,0,500,7772,0,0,60,60
7772,193557,0,500,7775,0,0,60,60
7773,193559,0,0,7774,0,0,60,60
7774,193563,0,0,0,0,0,60,60
7775,0,0,2000,7773,0,0,60,60
7778,121565,0,0,7779,0,1,60,60
7779,121566,0,20000,7798,0,0,60,60
7780,110073,0,500,7781,0,0,60,60
7781,118430,0,500,7782,0,0,60,60
7782,117622,0,500,7783,0,0,60,60
7783,118429,0,500,9189,0,0,60,60
7785,0,0,0,7786,0,0,60,60
7786,110074,0,0,7787,0,0,60,60
7787,118428,0,0,0,0,0,60,60
7788,110223,0,500,7789,0,0,60,60
7789,118491,0,500,7790,0,0,60,60
7790,117604,0,500,7791,0,0,60,60
7791,118501,0,500,8329,0,0,60,60
7793,0,0,0,0,0,0,60,60
7794,110224,0,0,7795,0,0,60,60
7795,118490,0,0,7793,0,0,60,60
7796,121561,0,0,7797,0,0,60,60
7797,121560,0,0,0,0,1,60,60
7798,121558,0,0,0,0,1,60,60
7799,120306,0,500,7800,0,0,60,60
7800,120307,0,500,7801,0,0,60,60
7801,110186,0,500,7802,0,0,60,60
7802,118196,0,500,7804,0,0,60,60
7803,0,0,0,7866,0,0,60,60
7804,196587,0,1000,7865,0,0,60,60
7805,196578,0,0,7806,0,0,60,60
7806,0,0,0,0,0,0,60,60
7807,199276,0,500,7808,0,0,60,60
7808,199277,0,500,7809,0,0,60,60
7809,117667,0,1000,7810,0,0,60,60
7810,118192,0,1000,7811,0,0,60,60
7811,0,0,0,7812,0,0,60,60
7812,110189,0,0,7813,0,0,60,60
7813,118191,0,0,0,0,0,60,60
7815,196645,0,500,7816,0,0,60,60
7816,196646,0,500,7817,0,0,60,60
7817,196647,0,1000,7818,0,0,60,60
7818,196648,0,1000,7819,0,0,60,60
7819,0,0,0,7820,0,0,60,60
7820,110191,0,0,7821,0,0,60,60
7821,118188,0,0,0,0,0,60,60
7823,196669,0,500,7824,0,0,60,60
7824,196722,0,500,7825,0,0,60,60
7825,196715,0,1000,7826,0,0,60,60
7826,196723,0,1000,7827,0,0,60,60
7827,0,0,0,7828,0,0,60,60
7828,196759,0,0,7829,0,0,60,60
7829,196762,0,0,0,0,0,60,60
7831,110195,0,500,7832,0,0,60,60
7832,118165,0,500,7833,0,0,60,60
7833,117671,0,1000,7834,0,0,60,60
7834,118164,0,1000,7835,0,0,60,60
7835,0,0,0,7836,0,0,60,60
7836,124294,0,0,7837,0,0,60,60
7837,124293,0,0,0,0,0,60,60
7839,110193,0,0,7840,0,0,60,60
7840,118185,0,0,7841,0,0,60,60
7841,110194,0,500,7842,0,0,60,60
7842,118184,0,500,7843,0,0,60,60
7843,0,0,0,0,0,0,60,60
7846,109440,0,0,7847,0,0,60,60
7847,118125,0,0,7848,0,0,60,60
7848,117665,0,500,7849,0,0,60,60
7849,118124,0,500,7850,0,0,60,60
7850,0,0,0,7851,0,0,60,60
7851,109441,0,0,7852,0,0,60,60
7852,118123,0,0,9191,0,0,60,60
7854,109056,0,500,7855,0,0,60,60
7855,110433,0,500,7856,0,0,60,60
7856,110166,0,0,7857,0,0,60,60
7857,118178,0,0,7858,0,0,60,60
7858,0,0,0,0,0,0,60,60
7865,196588,0,1000,7803,0,0,60,60
7866,196577,0,0,7805,0,0,60,60
7867,119501,0,3000,7868,0,0,60,60
7868,119502,0,1000,0,0,0,60,60
7869,120458,0,1000,0,0,0,60,60
7870,120459,0,1000,0,0,0,60,60
7871,108348,0,500,0,0,1,60,60
7872,121598,0,2000,1967,0,0,60,60
7873,119503,0,4000,7874,0,0,60,60
7874,119504,0,4000,7875,0,0,60,60
7875,119508,0,4000,7876,0,0,60,60
7876,119509,0,1000,0,0,0,60,60
7877,108350,0,500,0,0,1,60,60
7878,120464,0,1000,7879,0,0,60,60
7879,120465,0,1000,7880,0,0,60,60
7880,120466,0,1000,0,0,0,60,60
7887,121667,0,0,7888,0,1,60,60
7888,121668,0,5000,0,0,1,60,60
7889,119510,0,1000,0,0,0,60,60
7890,119512,0,1000,0,0,0,60,60
7891,119511,0,1000,0,0,0,60,60
7892,121685,0,500,0,0,0,60,60
7893,121686,0,500,0,0,0,60,60
7895,121681,0,4000,7896,0,0,60,60
7896,121682,0,4000,7897,0,0,60,60
7897,121695,0,6000,7898,0,0,60,60
7898,121711,0,1000,0,0,0,60,60
7899,121728,0,1000,0,0,1,60,60
7900,121740,0,500,0,0,0,60,60
7901,121741,0,500,0,0,0,60,60
7903,121743,0,0,7904,0,1,60,60
7904,121744,0,1000,7905,0,1,60,60
7905,121745,0,1000,7906,0,1,60,60
7906,121746,0,1000,7907,0,1,60,60
7907,121747,0,1000,7908,0,1,60,60
7908,121748,0,1000,0,0,1,60,60
7909,121733,0,0,0,0,1,60,60
7910,121727,0,0,7911,0,1,60,60
7911,121758,0,0,7912,0,1,60,60
7912,121731,0,0,7913,0,1,60,60
7913,121759,0,0,0,0,1,60,60
7914,121760,0,0,0,0,1,60,60
7918,121772,0,2000,7153,0,0,60,60
7919,121562,0,5000,7920,0,0,60,60
7920,121556,0,10000,7921,0,0,60,60
7921,121553,0,8000,7922,0,1,60,60
7922,121557,0,2000,0,0,0,60,60
7923,99329,0,1000,7924,0,1,60,60
7924,99330,0,1000,0,0,1,60,60
7925,121510,0,1000,7926,0,0,60,60
7926,121511,0,0,0,0,0,60,60
7927,121840,0,1000,6854,0,0,60,60
7928,99328,0,1000,0,0,1,60,60
7929,99331,0,1000,7930,0,1,60,60
7930,99332,0,1000,0,0,1,60,60
7931,99327,0,1000,0,0,1,60,60
7932,99334,0,1000,0,0,1,60,60
7933,99340,0,1000,0,0,1,60,60
7934,99335,0,1000,0,0,1,60,60
7935,99336,0,1000,7936,0,1,60,60
7936,99337,0,1000,7937,0,1,60,60
7937,99341,0,1000,0,0,1,60,60
7938,99338,0,1000,7939,0,1,60,60
7939,99339,0,1000,0,0,1,60,60
7940,99342,0,1000,7941,0,1,60,60
7941,99343,0,1000,0,0,1,60,60
7942,99344,0,1000,7943,0,1,60,60
7943,99345,0,1000,7944,0,0,60,60
7944,99346,0,1000,7945,0,0,60,60
7945,99347,0,1000,7946,0,0,60,60
7946,99348,0,1000,0,0,0,60,60
7947,99349,0,1000,7948,0,0,60,60
7948,99350,0,1000,7949,0,0,60,60
7949,99351,0,1000,0,0,0,60,60
7950,99355,0,1000,7951,0,1,60,60
7951,99356,0,1000,0,0,1,60,60
7952,99357,0,1000,7953,0,0,60,60
7953,99358,0,1000,7954,0,0,60,60
7954,99359,0,1000,7955,0,0,60,60
7955,99360,0,1000,7956,0,0,60,60
7956,99361,0,1000,0,0,1,60,60
7957,99362,0,1000,0,0,1,60,60
7958,99363,0,1000,7959,0,0,60,60
7959,99364,0,1000,7960,0,0,60,60
7960,99365,0,1000,7961,0,0,60,60
7961,99366,0,1000,0,0,0,60,60
7962,99367,0,1000,7963,0,0,60,60
7963,99368,0,1000,7964,0,0,60,60
7964,99369,0,1000,7965,0,0,60,60
7965,99370,0,1000,0,0,1,60,60
7966,99236,0,1000,3813,0,1,60,60
7967,99241,0,1000,3828,0,1,60,60
7968,121956,0,1000,7969,0,0,60,60
7969,121957,0,1000,0,0,0,60,60
7970,121727,0,1000,0,0,1,60,60
7971,121673,0,1000,7972,0,0,60,60
7972,121958,0,1000,7973,0,0,60,60
7973,121020,0,1000,7974,0,0,60,60
7974,121959,0,1000,7975,0,0,60,60
7975,121675,0,1000,7976,0,0,60,60
7976,121960,0,1000,7977,0,0,60,60
7977,121676,0,1000,7980,0,0,60,60
7978,121963,0,1000,0,0,0,60,60
7979,121677,0,1000,7978,0,0,60,60
7980,121961,0,1000,7979,0,0,60,60
7981,121669,0,1000,7982,0,0,60,60
7982,121670,0,1000,0,0,0,60,60
7983,121671,0,0,0,0,0,60,60
7984,121672,0,1000,0,0,0,60,60
7986,113503,0,2000,0,0,0,60,60
7987,121678,0,0,0,0,0,60,60
7989,122033,0,1000,0,0,0,60,60
7990,122034,0,1000,0,0,0,60,60
7991,122037,0,1000,7992,0,0,60,60
7992,122038,0,1000,0,0,0,60,60
7993,122042,0,1000,7994,0,0,60,60
7994,122043,0,1000,0,0,0,60,60
7995,122045,0,1000,7996,0,0,60,60
7996,122048,0,1000,0,0,0,60,60
7997,122049,0,1000,0,0,0,60,60
7998,122051,0,1000,7999,0,0,60,60
7999,122052,0,1000,8007,0,0,60,60
8000,122070,0,1000,0,0,0,60,60
8001,99261,0,1000,8002,0,1,60,60
8002,99262,0,1000,8008,0,1,60,60
8003,99274,0,1000,8004,0,1,60,60
8004,99275,0,1000,0,0,1,60,60
8005,99272,0,1000,8006,0,1,60,60
8006,99273,0,1000,0,0,1,60,60
8007,122053,0,1000,8000,0,0,60,60
8008,99263,0,1000,0,0,1,60,60
8009,99276,0,1000,8010,0,1,60,60
8010,99277,0,1000,8011,0,1,60,60
8011,99278,0,1000,0,0,1,60,60
8012,99280,0,1000,8021,0,0,60,60
8013,99279,0,1000,8012,0,0,60,60
8014,99282,0,1000,0,0,0,60,60
8015,107272,0,1000,8016,0,0,60,60
8016,107273,0,1000,8017,0,0,60,60
8017,107624,0,1000,8018,0,0,60,60
8018,107625,0,1000,8019,0,0,60,60
8019,107626,0,1000,8020,0,0,60,60
8020,107627,0,1000,0,0,0,60,60
8021,99281,0,1000,8014,0,0,60,60
8022,122084,0,2000,8023,0,0,60,60
8023,122086,0,2000,8024,0,0,60,60
8024,122087,0,2000,8025,0,0,60,60
8025,122088,0,2000,0,0,0,60,60
8027,99286,0,1000,8028,0,0,60,60
8028,99287,0,1000,8029,0,0,60,60
8029,99288,0,1000,0,0,1,60,60
8030,99289,0,1000,8031,0,1,60,60
8031,99290,0,1000,0,0,1,60,60
8032,99291,0,1000,8033,0,1,60,60
8033,99292,0,1000,8034,0,1,60,60
8034,99293,0,1000,0,0,1,60,60
8035,99298,0,1000,8036,0,1,60,60
8036,99299,0,1000,0,0,1,60,60
8037,0,0,4000,5935,0,0,60,60
8038,97224,0,0,8039,0,0,60,60
8039,97225,0,0,8040,0,0,60,60
8040,97226,0,0,8041,0,0,60,60
8041,97227,0,0,0,0,0,60,60
8042,0,0,3000,8043,0,0,60,60
8043,0,0,0,0,0,0,60,60
8044,0,0,5000,8045,0,0,60,60
8045,0,0,0,0,0,0,60,60
8049,122202,0,500,8050,0,0,60,60
8050,122209,0,500,8051,0,0,60,60
8051,122204,0,500,8052,0,0,60,60
8052,122205,0,500,8053,0,0,60,60
8053,122206,0,500,8205,0,0,60,60
8056,120617,0,500,8057,0,0,60,60
8057,120617,0,500,0,0,0,60,60
8058,94207,0,1000,8059,0,0,60,60
8059,94219,0,1000,8060,0,0,60,60
8060,94220,0,1000,8067,0,0,60,60
8061,94223,0,1000,8062,0,0,60,60
8062,94230,0,1000,8063,0,0,60,60
8063,94231,0,1000,8068,0,0,60,60
8064,94234,0,1000,8065,0,0,60,60
8065,94238,0,1000,0,0,0,60,60
8066,94239,0,16000,8064,0,0,60,60
8067,94221,0,1000,0,0,0,60,60
8068,94232,0,1000,0,0,0,60,60
8069,112984,0,1000,0,0,1,60,60
8070,112986,0,1000,0,0,1,60,60
8072,108497,0,1000,8089,0,1,60,60
8074,108496,0,1000,8087,0,1,60,60
8076,108498,0,1000,0,0,1,60,60
8078,106102,0,1000,0,0,1,60,60
8080,112992,0,1000,8081,0,1,60,60
8081,112993,0,1000,0,0,1,60,60
8082,112995,0,1000,8083,0,1,60,60
8083,112996,0,1000,0,0,1,60,60
8086,112990,0,1000,0,0,1,60,60
8087,0,0,0,0,0,0,60,60
8088,112990,0,1000,0,0,1,60,60
8089,0,0,0,0,0,0,60,60
8090,112991,0,1000,0,0,1,60,60
8092,112991,0,1000,0,0,1,60,60
8094,112999,0,1000,8095,0,1,60,60
8095,113000,0,1000,8096,0,1,60,60
8096,113001,0,1000,0,0,1,60,60
8097,108991,0,1000,8098,0,1,60,60
8098,0,0,0,0,0,0,60,60
8099,92869,0,500,8100,0,0,60,60
8100,92870,0,500,8101,0,0,60,60
8101,92871,0,500,8102,0,0,60,60
8102,92874,0,500,0,0,0,60,60
8103,122249,0,1500,0,0,0,60,60
8104,113002,0,1000,8105,0,1,60,60
8105,113003,0,1000,0,0,1,60,60
8106,113004,0,1000,8107,0,1,60,60
8107,113006,0,1000,0,0,1,60,60
8108,122268,0,1000,8109,0,0,60,60
8109,122269,0,0,0,0,0,60,60
8110,113008,0,1000,8111,0,1,60,60
8111,113009,0,1000,8112,0,1,60,60
8112,113010,0,1000,0,0,1,60,60
8113,103699,0,1000,0,0,1,60,60
8114,122281,0,500,5931,0,0,60,60
8115,122290,0,0,0,9927,0,60,60
8116,122294,0,1000,0,3804,0,60,60
8118,98437,0,1000,0,0,0,60,60
8119,98436,0,1000,0,0,0,60,60
8122,101303,0,0,8123,0,1,60,60
8123,101304,0,0,8125,0,0,60,60
8124,112997,0,1000,0,0,1,60,60
8125,101305,0,0,8126,0,0,60,60
8126,101306,0,0,8127,0,0,60,60
8127,0,0,0,0,0,0,60,60
8128,122384,0,2000,8129,4509,0,60,60
8129,122385,0,2000,8130,4509,0,60,60
8130,122387,0,2000,0,4509,0,60,60
8131,109398,0,500,0,0,0,60,60
8132,102896,0,1000,0,0,1,60,60
8133,103001,0,1000,0,0,1,60,60
8134,114260,0,8000,0,0,0,60,60
8135,103055,0,1000,0,0,1,60,60
8136,102918,0,1000,0,0,1,60,60
8137,103059,0,1000,0,0,1,60,60
8138,103075,0,1000,4060,0,1,60,60
8139,103077,0,1000,0,0,1,60,60
8140,114060,0,0,0,0,0,60,60
8141,114258,0,0,0,0,0,60,60
8142,109207,0,1000,0,0,0,60,60
8143,122411,0,0,0,0,0,60,60
8144,0,0,0,8145,0,0,60,60
8145,122141,0,1000,0,0,1,60,60
8146,121947,0,1000,8179,0,0,60,60
8147,0,0,0,8177,0,0,60,60
8148,122416,0,0,8147,0,0,60,60
8149,109037,0,500,7666,0,0,60,60
8150,117856,0,500,4181,0,0,60,60
8151,110144,0,500,7448,0,0,60,60
8152,117970,0,500,5283,0,0,60,60
8153,110102,0,500,7631,0,0,60,60
8154,117775,0,500,5554,0,0,60,60
8155,110043,0,500,7409,0,0,60,60
8156,118405,0,500,4971,0,0,60,60
8157,108869,0,500,7367,0,0,60,60
8158,118216,0,500,4112,0,0,60,60
8159,109399,0,500,7539,0,0,60,60
8160,118162,0,500,4312,0,0,60,60
8161,108132,0,500,7698,0,0,60,60
8162,118042,0,500,3876,0,0,60,60
8163,109950,0,500,7597,0,0,60,60
8164,118007,0,500,4865,0,0,60,60
8165,109918,0,500,7569,0,0,60,60
8166,118073,0,500,5184,0,0,60,60
8167,112786,0,500,7511,0,0,60,60
8168,118120,0,500,5432,0,0,60,60
8169,109813,0,500,7340,0,0,60,60
8170,118283,0,500,4575,0,0,60,60
8171,103770,0,2000,8172,0,0,60,60
8172,103773,0,2000,8173,0,0,60,60
8173,103771,0,2000,0,0,0,60,60
8174,108972,0,1000,8175,0,1,60,60
8175,108974,0,1000,8176,0,1,60,60
8176,108975,0,1000,0,0,1,60,60
8177,122461,0,1000,8180,0,0,60,60
8178,122462,0,15000,8183,0,0,60,60
8179,0,0,3000,8148,0,0,60,60
8180,0,0,0,8178,0,0,60,60
8182,0,0,0,0,0,0,60,60
8183,122463,0,1000,0,0,0,60,60
8184,122471,0,1000,6654,0,0,60,60
8185,117140,0,1000,0,0,0,60,60
8186,122351,0,1000,0,0,0,60,60
8187,0,0,3000,8188,0,0,60,60
8188,122486,0,2000,8189,0,0,60,60
8189,122487,0,5000,8190,0,0,60,60
8190,122488,0,1000,0,0,0,60,60
8191,122490,0,1000,8192,0,0,60,60
8192,122491,0,1000,8193,0,0,60,60
8193,122492,0,1000,0,0,0,60,60
8194,122531,0,1000,0,0,0,60,60
8195,122547,0,1000,8196,0,0,60,60
8196,122548,0,1000,8791,0,0,60,60
8197,0,0,0,6734,0,0,60,60
8198,0,0,0,0,0,0,60,60
8199,0,0,0,6740,0,0,60,60
8200,0,0,0,0,0,0,60,60
8201,0,0,0,6745,0,0,60,60
8202,0,0,0,0,0,0,60,60
8203,0,0,0,6748,0,0,60,60
8204,0,0,0,0,0,0,60,60
8205,122207,0,500,0,0,0,60,60
8206,120619,0,500,0,0,0,60,60
8207,120618,0,500,0,0,0,60,60
8208,103014,0,1000,0,0,1,60,60
8209,112510,0,2000,0,0,1,60,60
8210,112511,0,2000,0,0,1,60,60
8211,112512,0,2000,0,0,1,60,60
8212,112513,0,2000,0,0,1,60,60
8213,112514,0,2000,0,0,1,60,60
8214,112515,0,2000,0,0,1,60,60
8215,112510,0,2000,0,0,1,60,60
8216,112511,0,2000,0,0,1,60,60
8217,112512,0,2000,0,0,1,60,60
8218,112513,0,2000,0,0,1,60,60
8219,112514,0,2000,0,0,1,60,60
8220,112515,0,2000,0,0,1,60,60
8221,112510,0,2000,0,0,1,60,60
8222,112511,0,2000,0,0,1,60,60
8223,112512,0,2000,0,0,1,60,60
8224,112513,0,2000,0,0,1,60,60
8225,112514,0,2000,0,0,1,60,60
8226,112515,0,2000,0,0,1,60,60
8227,112522,0,2000,0,0,1,60,60
8228,112523,0,2000,0,0,1,60,60
8229,112518,0,2000,0,0,1,60,60
8230,112519,0,2000,0,0,1,60,60
8231,112521,0,2000,0,0,1,60,60
8232,112520,0,2000,0,0,1,60,60
8233,112522,0,2000,0,0,1,60,60
8234,112523,0,2000,0,0,1,60,60
8235,112518,0,2000,0,0,1,60,60
8236,112519,0,2000,0,0,1,60,60
8237,112521,0,2000,0,0,1,60,60
8238,112520,0,2000,0,0,1,60,60
8239,112518,0,2000,0,0,1,60,60
8240,112519,0,2000,0,0,1,60,60
8241,112521,0,2000,0,0,1,60,60
8242,112520,0,2000,0,0,1,60,60
8243,112522,0,2000,0,0,1,60,60
8244,112523,0,2000,0,0,1,60,60
8245,122602,0,1000,0,0,0,60,60
8246,122603,0,1000,0,0,0,60,60
8247,122604,0,1000,0,0,0,60,60
8248,122606,0,1000,0,0,0,60,60
8249,112526,0,2000,0,0,1,60,60
8250,112527,0,2000,0,0,1,60,60
8251,112528,0,2000,0,0,1,60,60
8252,112529,0,2000,0,0,1,60,60
8253,112530,0,2000,0,0,1,60,60
8254,112531,0,2000,0,0,1,60,60
8255,112544,0,2000,0,0,1,60,60
8256,112545,0,2000,0,0,1,60,60
8257,112548,0,2000,0,0,1,60,60
8258,112549,0,2000,0,0,1,60,60
8259,112552,0,2000,0,0,1,60,60
8260,112553,0,2000,0,0,1,60,60
8261,112544,0,2000,0,0,1,60,60
8262,112545,0,2000,0,0,1,60,60
8263,112548,0,2000,0,0,1,60,60
8264,112549,0,2000,0,0,1,60,60
8265,112552,0,2000,0,0,1,60,60
8266,112553,0,2000,0,0,1,60,60
8267,112544,0,2000,0,0,1,60,60
8268,112545,0,2000,0,0,1,60,60
8269,112548,0,2000,0,0,1,60,60
8270,112549,0,2000,0,0,1,60,60
8271,112552,0,2000,0,0,1,60,60
8272,112553,0,2000,0,0,1,60,60
8273,112546,0,2000,0,0,1,60,60
8274,112547,0,2000,0,0,1,60,60
8275,112550,0,2000,0,0,1,60,60
8276,112551,0,2000,0,0,1,60,60
8277,112554,0,2000,0,0,1,60,60
8278,112555,0,2000,0,0,1,60,60
8279,112546,0,2000,0,0,1,60,60
8280,112547,0,2000,0,0,1,60,60
8281,112550,0,2000,0,0,1,60,60
8282,112551,0,2000,0,0,1,60,60
8283,112554,0,2000,0,0,1,60,60
8284,112555,0,2000,0,0,1,60,60
8285,112546,0,2000,0,0,1,60,60
8286,112547,0,2000,0,0,1,60,60
8287,112550,0,2000,0,0,1,60,60
8288,112551,0,2000,0,0,1,60,60
8289,112554,0,2000,0,0,1,60,60
8290,112555,0,2000,0,0,1,60,60
8291,112534,0,2000,0,0,1,60,60
8292,112535,0,2000,0,0,1,60,60
8293,112537,0,2000,0,0,1,60,60
8294,112538,0,2000,0,0,1,60,60
8295,112539,0,2000,0,0,1,60,60
8296,112540,0,2000,0,0,1,60,60
8297,122665,0,1000,0,0,0,60,60
8298,109723,0,500,8299,0,0,60,60
8299,110425,0,500,8300,0,0,60,60
8300,109056,0,500,8301,0,0,60,60
8301,110433,0,500,8302,0,0,60,60
8302,110225,0,500,8303,0,0,60,60
8303,118489,0,500,8304,0,0,60,60
8304,0,0,0,0,0,0,60,60
8305,124059,0,500,9242,0,0,60,60
8306,110428,0,500,8307,0,0,60,60
8307,108880,0,500,8308,0,0,60,60
8308,110427,0,500,8309,0,0,60,60
8309,0,0,0,0,0,0,60,60
8310,120252,0,500,8311,0,0,60,60
8311,120254,0,500,8312,0,0,60,60
8312,109853,0,500,8313,0,0,60,60
8313,110429,0,500,8314,0,0,60,60
8314,109740,0,500,8315,0,0,60,60
8315,120000,0,500,0,0,0,60,60
8318,122694,0,1000,0,0,0,60,60
8319,122696,0,1000,0,0,0,60,60
8320,0,0,3000,8319,0,0,60,60
8321,122699,0,1000,0,11608,0,60,60
8322,96959,0,500,8323,0,0,60,60
8323,96960,0,500,8324,0,0,60,60
8324,96961,0,500,8325,0,0,60,60
8325,96964,0,500,8326,0,0,60,60
8326,96962,0,500,0,0,0,60,60
8327,99123,0,6000,8328,0,0,60,60
8328,99124,0,1000,0,0,0,60,60
8329,0,0,0,7794,0,0,60,60
8330,111259,0,1000,8331,0,0,60,60
8331,111260,0,1000,0,0,0,60,60
8332,111278,0,1000,8333,0,0,60,60
8333,111279,0,1000,8334,0,0,60,60
8334,111280,0,1000,0,0,0,60,60
8335,0,0,0,8336,0,0,60,60
8336,122822,0,1000,0,0,0,60,60
8337,0,0,5000,8338,0,0,60,60
8338,122823,0,1000,0,0,0,60,60
8339,0,0,5000,8340,0,0,60,60
8340,122824,0,1000,0,0,0,60,60
8341,0,0,5000,8342,0,0,60,60
8342,122825,0,1000,0,0,0,60,60
8343,0,0,5000,8344,0,0,60,60
8344,122826,0,1000,0,0,0,60,60
8345,0,0,5000,8346,0,0,60,60
8346,122827,0,1000,0,0,0,60,60
8347,122835,0,500,0,0,0,60,60
8348,122836,0,500,0,0,0,60,60
8349,122836,0,500,0,0,0,60,60
8350,122833,0,500,0,0,0,60,60
8351,122834,0,500,0,0,0,60,60
8352,117627,0,1000,8353,0,0,60,60
8353,117629,0,1000,0,0,0,60,60
8354,122853,0,1000,0,0,0,60,60
8355,122854,0,1000,0,0,0,60,60
8356,122857,0,1000,0,11671,1,60,60
8357,122862,0,1000,0,11671,1,60,60
8358,122886,0,1000,0,11671,0,60,60
8359,122887,0,1000,8360,11671,0,60,60
8360,122888,0,0,8364,11671,0,60,60
8361,122890,0,3000,8366,11671,0,60,60
8362,122891,0,3000,8363,11671,1,60,60
8363,122892,0,1000,0,0,1,60,60
8364,0,0,0,0,0,0,60,60
8366,0,0,0,0,0,0,60,60
8367,122467,0,2000,8368,4509,0,60,60
8368,122468,0,2000,8369,4509,0,60,60
8369,122469,0,1000,0,4509,0,60,60
8371,0,0,5000,8362,11671,0,60,60
8372,0,0,3000,8373,0,0,60,60
8373,121944,0,3000,8374,0,0,60,60
8374,122131,0,1000,0,0,0,60,60
8375,122895,0,1000,8376,11671,0,60,60
8376,122896,0,500,8378,11671,0,60,60
8377,0,0,0,0,11671,0,60,60
8378,0,0,0,0,0,0,60,60
8379,122860,0,500,8380,11671,1,60,60
8380,122898,0,0,0,11671,0,60,60
8381,122895,0,5000,0,11671,0,60,60
8382,108261,0,1000,0,0,0,60,60
8383,114472,0,0,0,0,0,60,60
8384,122912,0,0,0,0,0,60,60
8387,115107,0,1000,8388,0,0,60,60
8388,115108,0,1000,0,0,0,60,60
8389,122923,0,0,0,0,0,60,60
8390,122936,0,0,0,0,0,60,60
8391,122937,0,0,0,0,0,60,60
8392,120945,0,1000,0,0,0,60,60
8393,120951,0,1000,0,0,0,60,60
8394,120961,0,1000,0,0,0,60,60
8395,120967,0,1000,0,0,0,60,60
8396,122944,0,1000,0,11895,0,60,60
8397,122954,0,1000,0,11896,0,60,60
8398,0,0,2000,8399,0,0,60,60
8399,122893,0,2000,0,0,0,60,60
8401,122955,0,1000,0,0,0,60,60
8402,122956,0,1000,0,11895,0,60,60
8403,122957,0,1000,0,11895,0,60,60
8404,122959,0,1000,0,11895,0,60,60
8407,122962,0,2000,8408,0,0,60,60
8408,122963,0,2500,8409,0,0,60,60
8409,122964,0,2500,8411,0,0,60,60
8411,122967,0,2500,8412,0,0,60,60
8412,122968,0,2500,8413,0,0,60,60
8413,122969,0,2500,8414,0,0,60,60
8414,122970,0,3000,8415,0,0,60,60
8415,122971,0,3000,8417,0,0,60,60
8417,122973,0,4000,0,0,0,60,60
8418,122974,0,1500,8419,0,0,60,60
8419,122977,0,1500,8420,0,0,60,60
8420,122975,0,1500,8421,0,0,60,60
8421,122978,0,1500,8422,0,0,60,60
8422,122976,0,1500,8423,0,0,60,60
8423,122979,0,1500,0,0,0,60,60
8424,122980,0,1000,0,0,0,60,60
8426,51372,0,1500,8427,0,0,60,60
8427,122981,0,1500,8428,0,0,60,60
8428,51378,0,1500,8429,0,0,60,60
8429,122982,0,1500,8430,0,0,60,60
8430,122983,0,1500,8431,0,0,60,60
8431,51377,0,1500,8432,0,0,60,60
8432,122984,0,1500,0,0,0,60,60
8433,123007,0,3000,8434,0,0,60,60
8434,123008,0,3000,0,0,0,60,60
8435,123010,0,1000,8436,0,0,60,60
8436,123011,0,1000,8437,0,0,60,60
8437,123012,0,1000,0,0,0,60,60
8438,120973,0,1000,0,0,0,60,60
8439,120981,0,1000,0,0,0,60,60
8440,120985,0,1000,0,0,0,60,60
8449,120842,0,1000,0,0,0,60,60
8450,111425,0,1000,0,0,0,60,60
8451,111453,0,1000,0,0,0,60,60
8452,117257,0,1000,0,0,0,60,60
8453,120872,0,1000,0,0,0,60,60
8454,109359,0,1000,8455,0,0,60,60
8455,109360,0,1000,8456,0,0,60,60
8456,109361,0,1000,8457,0,0,60,60
8457,109362,0,1000,0,0,0,60,60
8458,120882,0,1000,0,0,0,60,60
8459,120896,0,1000,0,0,0,60,60
8460,120856,0,1000,0,0,0,60,60
8461,122988,0,3000,0,11895,1,60,60
8463,123027,0,3000,0,11895,0,60,60
8465,122990,0,1000,0,11895,0,60,60
8466,0,0,6000,8461,0,0,60,60
8467,105698,0,1000,0,0,1,60,60
8468,105146,0,1500,8469,0,0,60,60
8469,105147,0,1500,8470,0,0,60,60
8470,105148,0,1500,8471,0,0,60,60
8471,105149,0,3000,8472,0,0,60,60
8472,105184,0,1500,0,0,0,60,60
8474,101867,0,3000,8475,0,0,60,60
8475,101870,0,3000,8476,0,0,60,60
8476,101869,0,3000,8477,0,0,60,60
8477,101876,0,3000,8478,0,0,60,60
8478,101877,0,3000,0,0,0,60,60
8480,123060,0,1000,8481,0,1,60,60
8481,123061,0,0,0,0,1,60,60
8484,106997,0,3000,8485,0,0,60,60
8485,107189,0,3000,8486,0,0,60,60
8486,106998,0,3000,0,0,0,60,60
8487,107301,0,2000,8488,0,0,60,60
8488,107303,0,2000,8489,0,0,60,60
8489,107304,0,2000,8490,0,0,60,60
8490,107305,0,1000,8491,0,0,60,60
8491,107306,0,1000,0,0,0,60,60
8492,109912,0,500,8493,0,0,60,60
8493,109913,0,500,8494,0,0,60,60
8494,109914,0,200,8495,0,0,60,60
8495,109915,0,500,0,0,0,60,60
8496,106379,0,1000,0,0,0,60,60
8497,106380,0,1000,0,0,0,60,60
8498,122993,0,1000,8499,11895,0,60,60
8499,122994,0,1000,8500,11895,0,60,60
8500,122995,0,1000,8501,11895,0,60,60
8501,122996,0,1000,0,11895,0,60,60
8504,109721,0,1000,8505,0,0,60,60
8505,110426,0,1000,7624,0,0,60,60
8506,109837,0,1000,8507,0,0,60,60
8507,110422,0,1000,7618,0,0,60,60
8510,122997,0,1000,8549,0,0,60,60
8511,122830,0,1000,8510,11895,0,60,60
8515,109837,0,1000,8516,0,0,60,60
8516,110422,0,1000,7607,0,0,60,60
8527,109837,0,500,8528,0,0,60,60
8528,110422,0,500,7461,0,0,60,60
8531,99767,0,500,8532,0,0,60,60
8532,100182,0,500,8533,0,0,60,60
8533,100183,0,0,8534,0,0,60,60
8534,0,0,0,0,0,0,60,60
8535,99872,0,500,8537,0,1,60,60
8536,99878,0,500,0,0,1,60,60
8537,0,0,0,8536,0,0,60,60
8538,123104,78718,0,8539,0,0,60,60
8539,123105,78719,500,8884,0,0,60,60
8540,123106,8220,1000,0,0,0,60,60
8542,123108,0,400,8543,0,1,60,60
8543,123110,0,400,8544,0,1,60,60
8544,123109,0,400,8545,0,1,60,60
8545,123111,0,400,8845,0,1,60,60
8546,111581,0,1000,8547,0,0,60,60
8547,114074,0,1000,7678,0,0,60,60
8548,102969,0,500,2025,0,0,60,60
8549,122998,0,250,8550,11895,0,60,60
8550,122999,0,1000,8551,0,0,60,60
8551,123000,0,1000,8552,0,0,60,60
8552,123001,0,1000,8553,0,0,60,60
8553,122831,0,1000,8554,11895,0,60,60
8554,123002,0,1000,8555,0,0,60,60
8555,123003,0,1000,8556,0,0,60,60
8556,123004,0,1000,0,0,0,60,60
8563,109721,0,1000,8564,0,0,60,60
8564,110426,0,1000,7520,0,0,60,60
8565,109723,0,1000,8566,0,0,60,60
8566,110425,0,1000,7516,0,0,60,60
8569,109837,0,1000,8570,0,0,60,60
8570,110422,0,1000,7533,0,0,60,60
8571,109723,0,1000,8572,0,0,60,60
8572,110425,0,1000,7531,0,0,60,60
8573,109726,0,1000,8574,0,0,60,60
8574,110420,0,1000,7518,0,0,60,60
8575,109837,0,1000,8576,0,0,60,60
8576,110422,0,1000,7398,0,0,60,60
8577,109721,0,1000,8578,0,0,60,60
8578,110426,0,1000,7407,0,0,60,60
8581,111581,0,1000,8582,0,0,60,60
8582,114074,0,1000,7355,0,0,60,60
8583,109837,0,1000,8584,0,0,60,60
8584,110422,0,1000,7358,0,0,60,60
8585,0,0,0,7450,0,0,60,60
8586,0,0,0,0,0,0,60,60
8587,0,0,0,0,0,0,60,60
8588,107665,0,1000,3707,0,0,60,60
8589,107699,0,1000,0,0,0,60,60
8590,100641,0,1000,8591,0,0,60,60
8591,100642,0,1000,8592,0,0,60,60
8592,100673,0,1000,8593,0,0,60,60
8593,100674,0,1000,0,0,0,60,60
8594,119513,0,1000,0,0,0,60,60
8595,119514,0,1000,0,0,0,60,60
8596,101031,0,0,8597,0,0,60,60
8597,101049,0,0,8598,0,0,60,60
8598,101122,0,0,8599,0,0,60,60
8599,101130,0,0,0,0,0,60,60
8601,0,0,500,5115,0,0,60,60
8602,107174,0,9000,8603,0,0,60,60
8603,107175,0,4000,8604,0,0,60,60
8604,107176,0,1000,0,0,0,60,60
8605,121689,0,500,0,0,0,60,60
8606,108437,0,1000,0,0,0,60,60
8607,115652,0,1000,8608,0,0,60,60
8608,115729,0,1000,0,0,0,60,60
8609,122467,0,1000,8610,4509,0,60,60
8610,122469,0,1000,0,4509,0,60,60
8611,103233,0,1000,0,0,1,60,60
8612,123150,0,500,8613,0,0,60,60
8613,123151,0,500,8614,0,0,60,60
8614,123203,0,500,8615,0,0,60,60
8615,123204,0,500,8616,0,0,60,60
8616,123152,0,1000,8617,0,0,60,60
8617,123195,0,1000,8618,0,0,60,60
8618,0,0,0,8619,0,0,60,60
8619,123154,0,0,8620,0,0,60,60
8620,123194,0,0,0,0,0,60,60
8621,123156,0,500,8622,0,0,60,60
8622,123225,0,500,8623,0,0,60,60
8623,123157,0,1000,8624,0,0,60,60
8624,123224,0,1000,8943,0,0,60,60
8625,123158,0,0,8626,0,0,60,60
8626,123223,0,0,8944,0,0,60,60
8627,123159,0,500,8628,0,0,60,60
8628,123222,0,500,8629,0,0,60,60
8629,123160,0,1000,8630,0,0,60,60
8630,123221,0,1000,8945,0,0,60,60
8631,123161,0,1000,8632,0,0,60,60
8632,123220,0,1000,8633,0,0,60,60
8633,123162,0,0,8634,0,0,60,60
8634,123219,0,0,0,0,0,60,60
8635,123163,0,500,8636,0,0,60,60
8636,123218,0,500,8637,0,0,60,60
8637,123164,0,1000,8638,0,0,60,60
8638,123217,0,1000,8946,0,0,60,60
8641,123166,0,1000,8642,0,0,60,60
8642,123215,0,1000,0,0,0,60,60
8643,123167,0,500,8644,0,0,60,60
8644,123214,0,500,8645,0,0,60,60
8645,123168,0,500,8646,0,0,60,60
8646,123213,0,500,8647,0,0,60,60
8647,123169,0,1000,8648,0,0,60,60
8648,123212,0,1000,8947,0,0,60,60
8649,123170,0,1000,8650,0,0,60,60
8650,123211,0,1000,0,0,0,60,60
8651,123174,0,500,8652,0,0,60,60
8652,123202,0,500,8653,0,0,60,60
8653,123175,0,1000,8654,0,0,60,60
8654,123201,0,1000,8948,0,0,60,60
8655,123176,0,1000,8656,0,0,60,60
8656,123200,0,1000,0,0,0,60,60
8663,109056,0,500,8664,0,0,60,60
8664,110433,0,500,8665,0,0,60,60
8665,123983,0,500,8666,0,0,60,60
8666,123984,0,500,8977,0,0,60,60
8667,0,0,4000,8511,0,0,60,60
8668,122991,0,1000,8669,11895,1,60,60
8669,122990,0,1000,0,0,0,60,60
8670,103441,0,2000,2737,0,1,60,60
8671,111732,0,1000,0,0,0,60,60
8672,110320,0,1000,8673,0,0,60,60
8673,107359,0,1000,8674,0,0,60,60
8674,107360,0,1000,8675,0,0,60,60
8675,107361,0,1000,0,0,0,60,60
8677,102457,0,1000,0,0,0,60,60
8678,118748,0,1000,0,0,0,60,60
8679,0,0,9000,8678,0,0,60,60
8680,0,0,0,8397,0,0,60,60
8681,0,0,0,8402,0,0,60,60
8682,0,0,0,8403,0,0,60,60
8683,0,0,0,8401,0,0,60,60
8684,0,0,1500,8379,0,0,60,60
8685,0,0,0,0,0,0,60,60
8686,101741,0,1000,8687,0,0,60,60
8687,101744,0,1000,8688,0,0,60,60
8688,101742,0,1000,8689,0,0,60,60
8689,101743,0,1000,8690,0,0,60,60
8690,101746,0,1000,8691,0,0,60,60
8691,101749,0,1000,8692,0,0,60,60
8692,101750,0,1000,8694,0,0,60,60
8694,101752,0,1000,8695,0,0,60,60
8695,101753,0,1000,8696,0,0,60,60
8696,0,0,0,0,0,0,60,60
8697,107141,0,1000,8698,0,0,60,60
8698,107149,0,1000,0,0,0,60,60
8699,0,0,5000,7054,0,0,60,60
8700,0,0,0,0,0,0,60,60
8701,111278,0,4000,8702,0,0,60,60
8702,111279,0,1000,8703,0,0,60,60
8703,111280,0,1000,0,0,0,60,60
8704,0,0,1000,6647,0,0,60,60
8705,100969,0,0,0,0,0,60,60
8706,108097,0,0,6819,0,1,60,60
8707,0,0,7000,5711,0,0,60,60
8708,97344,0,1250,8709,0,0,60,60
8709,97352,0,1000,0,0,0,60,60
8710,114229,0,1000,16634,0,0,60,60
8711,109191,0,1000,0,0,0,60,60
8712,104762,0,1000,0,0,1,60,60
8713,110296,0,1000,0,0,0,60,60
8714,114422,0,500,0,0,1,60,60
8715,114417,0,500,8716,0,1,60,60
8716,114418,0,500,8717,0,1,60,60
8717,114419,0,500,8718,0,1,60,60
8718,114421,0,500,8714,0,1,60,60
8719,114423,0,500,8720,0,1,60,60
8720,114424,0,500,0,0,1,60,60
8724,119195,0,1000,6686,0,0,60,60
8725,119317,0,1000,0,0,0,60,60
8726,105007,0,1000,8732,0,0,60,60
8727,105014,0,1000,8728,0,0,60,60
8728,105026,0,1000,8734,0,0,60,60
8729,105008,0,1000,8733,0,0,60,60
8730,105016,0,1000,8731,0,0,60,60
8731,105042,0,1000,8735,0,0,60,60
8732,105009,0,1000,8727,0,0,60,60
8733,105009,0,1000,8730,0,0,60,60
8734,0,0,0,0,0,0,60,60
8735,0,0,0,0,0,0,60,60
8736,123291,0,1000,0,0,0,60,60
8737,105082,0,1000,8738,0,0,60,60
8738,105083,0,1000,8739,0,0,60,60
8739,105300,0,1000,8740,0,0,60,60
8740,105302,0,1000,8741,0,0,60,60
8741,105301,0,1000,8742,0,0,60,60
8742,105308,0,0,0,0,0,60,60
8744,105089,0,1000,8745,0,0,60,60
8745,105090,0,1000,8746,0,0,60,60
8746,105300,0,1000,8747,0,0,60,60
8747,105303,0,1000,8748,0,0,60,60
8748,105301,0,1000,8749,0,0,60,60
8749,105325,0,0,0,0,0,60,60
8751,123295,0,1000,8752,0,0,60,60
8752,123292,0,1000,8753,0,0,60,60
8753,123296,0,1000,8754,0,0,60,60
8754,123293,0,1000,8755,0,0,60,60
8755,123297,0,1000,8756,0,0,60,60
8756,123294,0,1000,0,0,0,60,60
8757,0,0,0,0,0,0,60,60
8767,113940,0,1000,8768,0,0,60,60
8768,113941,0,1000,8769,0,0,60,60
8769,113946,0,1000,8770,0,0,60,60
8770,113942,0,1000,8771,0,0,60,60
8771,113948,0,1000,8772,0,0,60,60
8772,113943,0,1000,8773,0,0,60,60
8773,113959,0,1000,8774,0,0,60,60
8774,113965,0,1000,0,0,0,60,60
8776,122216,0,1000,8777,0,0,60,60
8777,109945,0,1000,0,0,0,60,60
8779,122217,0,1000,0,0,0,60,60
8780,109932,0,5000,8781,0,0,60,60
8781,109939,0,7000,8783,0,0,60,60
8783,109945,0,9000,0,0,0,60,60
8785,122546,0,1000,6469,0,0,60,60
8786,0,0,3000,6829,0,0,60,60
8787,0,0,6000,5277,0,0,60,60
8788,107348,0,1000,8789,0,0,60,60
8789,107349,0,1000,0,0,0,60,60
8791,0,0,0,0,0,0,60,60
8792,108559,0,1000,0,0,0,60,60
8793,118594,0,1000,8794,0,0,60,60
8794,118595,0,1000,8795,0,0,60,60
8795,118596,0,1000,8796,0,0,60,60
8796,118601,0,1000,8797,0,0,60,60
8797,118604,0,1000,8798,0,0,60,60
8798,118607,0,1000,0,0,0,60,60
8817,123452,0,1000,0,0,0,60,60
8818,123456,0,1000,8819,0,0,60,60
8819,123457,0,1000,0,0,0,60,60
8820,123459,0,1000,0,0,0,60,60
8823,123468,0,1000,0,0,0,60,60
8824,123471,0,1000,0,0,0,60,60
8825,123474,0,1000,0,0,0,60,60
8826,123477,0,1000,0,0,0,60,60
8828,123480,0,1000,0,0,0,60,60
8829,123461,0,1000,9064,0,0,60,60
8830,117597,0,500,0,0,0,60,60
8845,123408,0,1000,0,0,1,60,60
8846,123530,0,1000,8847,0,0,60,60
8847,123531,0,1000,8848,0,0,60,60
8848,123532,0,1000,0,0,0,60,60
8850,123534,0,6000,8852,0,0,60,60
8852,123711,0,1000,0,0,0,60,60
8853,123535,0,1000,8846,0,0,60,60
8854,123536,0,1000,0,0,0,60,60
8855,123537,0,1000,0,0,0,60,60
8856,123538,0,1000,0,0,0,60,60
8857,123557,0,1000,0,0,0,60,60
8858,123556,0,500,0,0,0,60,60
8859,123565,0,500,0,0,0,60,60
8860,123515,0,500,8861,0,0,60,60
8861,123504,0,500,8864,0,0,60,60
8864,123508,0,500,8866,0,0,60,60
8866,123505,0,500,8868,0,0,60,60
8868,123517,0,500,0,0,0,60,60
8869,123518,0,500,8871,0,0,60,60
8870,123514,0,500,8875,0,0,60,60
8871,123512,0,1000,8870,0,0,60,60
8872,123567,0,500,8877,0,0,60,60
8875,123513,0,500,8872,0,0,60,60
8877,123517,0,500,0,0,0,60,60
8878,123570,0,500,0,0,0,60,60
8880,123579,0,500,10506,0,0,60,60
8881,123717,0,2000,8894,0,0,60,60
8884,123655,552,500,8885,0,0,60,60
8885,123656,552,200,8886,0,0,60,60
8886,123657,552,500,8540,0,0,60,60
8887,109724,0,1000,8888,0,0,60,60
8888,110421,0,1000,7807,0,0,60,60
8889,123677,0,0,0,0,1,60,60
8890,123638,0,500,0,0,0,60,60
8891,123639,0,500,0,0,0,60,60
8892,109723,0,1000,8893,0,0,60,60
8893,110425,0,1000,7854,0,0,60,60
8894,123718,0,2000,8895,0,0,60,60
8895,123719,0,2000,8896,0,0,60,60
8896,123720,0,2000,8897,0,0,60,60
8897,123721,0,2000,8898,0,0,60,60
8898,123722,0,2000,8899,0,0,60,60
8899,123723,0,2000,8900,0,0,60,60
8900,123724,0,2000,8901,0,0,60,60
8901,123725,0,2000,8902,0,0,60,60
8902,123726,0,2000,8903,0,0,60,60
8903,123727,0,2000,8904,0,0,60,60
8904,123728,0,2000,8941,0,0,60,60
8905,123741,0,500,0,0,0,60,60
8906,123742,0,500,0,0,0,60,60
8907,123747,0,1000,8908,0,0,60,60
8908,123748,0,1000,8909,0,0,60,60
8909,123749,0,1000,8910,0,0,60,60
8910,123750,0,1000,0,0,0,60,60
8911,123757,0,3000,8923,0,0,60,60
8916,123761,0,3000,8917,0,0,60,60
8917,123762,0,3000,8918,0,0,60,60
8918,123763,0,3000,8919,0,0,60,60
8919,123764,0,3000,0,0,0,60,60
8920,123765,0,4000,0,0,0,60,60
8921,123766,0,4000,0,0,0,60,60
8922,123767,0,1000,0,0,1,60,60
8923,123758,0,1000,8924,0,1,60,60
8924,123759,0,1000,8925,0,0,60,60
8925,123760,0,1000,0,0,0,60,60
8926,123768,0,1000,8928,0,0,60,60
8928,123771,0,1000,8931,0,0,60,60
8929,123797,0,1000,8930,0,0,60,60
8930,123805,0,0,0,0,0,60,60
8931,123770,0,1000,0,0,0,60,60
8934,123841,0,1000,0,0,0,60,60
8935,123842,0,1000,0,0,0,60,60
8936,123806,0,0,0,0,1,60,60
8937,123849,0,6000,8938,0,0,60,60
8938,123850,0,2000,0,0,1,60,60
8939,123729,0,1000,8940,0,0,60,60
8940,123890,0,1000,0,0,0,60,60
8941,123891,0,1000,8939,0,0,60,60
8942,107081,0,500,0,0,0,60,60
8943,0,0,0,8625,0,0,60,60
8944,0,0,0,0,0,0,60,60
8945,0,0,0,8631,0,0,60,60
8946,0,0,0,8641,0,0,60,60
8947,0,0,0,8649,0,0,60,60
8948,0,0,0,8655,0,0,60,60
8955,123903,0,500,8959,0,0,60,60
8956,123905,0,500,10507,0,0,60,60
8957,123906,0,500,0,0,0,60,60
8958,123907,0,500,0,0,0,60,60
8959,123911,0,500,0,0,0,60,60
8962,0,0,1000,8963,0,0,60,60
8963,123912,0,3000,8965,0,1,60,60
8965,123913,0,1000,0,0,0,60,60
8966,123956,0,1000,0,0,0,60,60
8967,123959,0,1000,0,0,0,60,60
8968,153748,0,500,8969,0,0,60,60
8969,153749,0,500,8970,0,0,60,60
8970,123966,0,1000,8971,0,0,60,60
8971,123963,0,1000,8974,0,0,60,60
8972,123967,0,500,8973,0,0,60,60
8973,123964,0,500,0,0,0,60,60
8974,0,0,0,8972,0,0,60,60
8977,0,0,0,0,0,0,60,60
8979,123992,0,3000,8980,0,0,60,60
8980,123993,0,4000,8981,0,0,60,60
8981,123994,0,4000,8986,0,0,60,60
8986,123999,0,3000,0,0,0,60,60
8988,123915,0,500,0,0,0,60,60
8989,123916,0,500,0,0,0,60,60
8991,124033,0,1000,9002,0,0,60,60
8993,124951,0,1000,9288,0,0,60,60
8997,123919,0,500,0,0,0,60,60
8998,123920,0,500,0,0,0,60,60
9001,124029,0,1500,8991,0,0,60,60
9002,124034,0,1000,9003,0,0,60,60
9003,124035,0,1000,9004,0,0,60,60
9004,124036,0,1000,0,0,0,60,60
9005,124172,0,500,0,0,0,60,60
9008,126639,0,2000,0,0,0,60,60
9010,109837,0,500,9011,0,0,60,60
9011,110422,0,500,9012,0,0,60,60
9012,124108,0,500,9013,0,0,60,60
9013,124113,0,500,9014,0,0,60,60
9014,124109,0,500,9015,0,0,60,60
9015,124114,0,500,9025,0,0,60,60
9016,0,0,0,9017,0,0,60,60
9017,124111,0,0,9018,0,0,60,60
9018,124116,0,0,0,0,0,60,60
9019,123427,0,1000,0,0,0,60,60
9020,123271,0,1000,0,0,1,60,60
9021,123431,0,1000,0,0,1,60,60
9022,123272,0,1000,0,0,1,60,60
9023,123432,0,1000,0,0,1,60,60
9024,124222,0,500,0,0,0,60,60
9025,124110,0,1000,9026,0,0,60,60
9026,124115,0,1000,9016,0,0,60,60
9027,124232,0,500,0,0,0,60,60
9028,124233,0,500,0,0,0,60,60
9029,124236,0,500,0,0,0,60,60
9030,124237,0,500,0,0,0,60,60
9031,124241,0,500,0,0,0,60,60
9032,124248,0,500,0,0,0,60,60
9033,124263,0,1000,9034,0,0,60,60
9034,124264,0,1000,0,0,0,60,60
9035,124265,0,1000,9036,0,0,60,60
9036,124266,0,1000,9037,0,0,60,60
9037,124268,0,1000,0,0,0,60,60
9038,124261,0,1000,9039,0,0,60,60
9039,124262,0,1000,0,0,0,60,60
9040,126640,0,1000,0,0,0,60,60
9041,124295,0,1000,9042,0,0,60,60
9042,124296,0,2000,9043,0,0,60,60
9043,124399,0,0,9086,0,0,60,60
9045,124299,0,1000,0,0,0,60,60
9046,124301,0,0,9047,0,0,60,60
9047,124307,0,0,9048,0,0,60,60
9048,124302,0,0,0,0,0,60,60
9049,123643,0,1000,0,0,0,60,60
9050,123644,0,1000,0,0,0,60,60
9051,124349,0,1000,0,0,0,60,60
9052,124303,0,0,9053,0,0,60,60
9053,124328,0,0,9054,0,0,60,60
9054,124308,0,0,0,0,0,60,60
9056,124332,0,0,9057,0,0,60,60
9057,124304,0,0,9058,0,0,60,60
9058,124309,0,0,9059,0,0,60,60
9059,124305,0,0,9060,0,0,60,60
9060,124310,0,0,0,0,0,60,60
9061,124311,0,500,9062,0,0,60,60
9062,124306,0,500,9063,0,0,60,60
9063,124312,0,500,0,0,0,60,60
9064,123706,0,1000,0,0,0,60,60
9065,124354,0,1000,9066,0,0,60,60
9066,124355,0,1000,0,0,0,60,60
9067,124362,0,1000,9073,0,0,60,60
9068,124377,0,1000,0,0,0,60,60
9069,124365,0,1000,9070,0,0,60,60
9070,124366,0,1000,9071,0,0,60,60
9071,124367,0,1000,9072,0,0,60,60
9072,124368,0,1000,0,0,0,60,60
9073,124376,0,1000,9068,0,0,60,60
9074,124337,0,500,0,4509,0,60,60
9075,124342,0,500,0,4509,0,60,60
9076,124343,0,500,0,4509,0,60,60
9077,124344,0,500,0,4509,0,60,60
9078,124345,0,500,0,4509,0,60,60
9079,124336,0,500,0,4509,0,60,60
9080,124338,0,500,0,4509,0,60,60
9081,124339,0,500,0,4509,0,60,60
9082,124340,0,500,0,4509,0,60,60
9083,124341,0,500,0,4509,0,60,60
9084,123645,0,1000,0,0,0,60,60
9085,123646,0,1000,0,0,0,60,60
9086,124407,0,0,9087,0,0,60,60
9087,124408,0,0,9088,0,0,60,60
9088,124409,0,0,9089,0,0,60,60
9089,124410,0,0,9090,0,0,60,60
9090,124411,0,0,9091,0,0,60,60
9091,124412,0,0,9092,0,0,60,60
9092,124413,0,0,9093,0,0,60,60
9093,124414,0,0,9094,0,0,60,60
9094,124415,0,0,9095,0,0,60,60
9095,124416,0,0,9096,0,0,60,60
9096,124417,0,0,0,0,0,60,60
9097,124455,0,500,0,0,0,60,60
9098,124456,0,500,0,0,0,60,60
9099,124320,0,100,9100,0,0,60,60
9100,124480,0,100,9101,0,0,60,60
9101,124374,0,100,0,0,0,60,60
9102,124321,0,0,9103,0,0,60,60
9103,124441,0,0,0,0,0,60,60
9104,124322,0,0,9105,0,0,60,60
9105,124442,0,0,0,0,0,60,60
9106,123935,0,500,0,0,0,60,60
9107,123937,0,500,0,0,0,60,60
9108,123936,0,500,0,0,0,60,60
9109,123938,0,500,0,0,0,60,60
9110,124454,0,0,9111,0,0,60,60
9111,124449,0,0,9112,0,0,60,60
9112,124459,0,0,9113,0,0,60,60
9113,124450,0,2000,9114,0,0,60,60
9114,124451,0,0,9115,0,0,60,60
9115,124460,0,0,9116,0,0,60,60
9116,124452,0,0,0,0,0,60,60
9120,0,0,4000,9110,0,0,60,60
9121,124573,0,1000,9122,0,0,60,60
9122,124574,0,1000,9123,0,0,60,60
9123,124575,0,1000,0,0,0,60,60
9124,124448,0,0,9125,0,0,60,60
9125,124324,0,0,0,0,0,60,60
9126,124622,0,500,0,0,0,60,60
9129,124426,0,2000,9130,0,0,60,60
9130,124427,0,0,9131,0,0,60,60
9131,124428,0,1000,9453,0,0,60,60
9132,124636,0,3000,9133,0,0,60,60
9133,124637,0,3000,9134,0,0,60,60
9134,124638,0,3000,9135,0,0,60,60
9135,124639,0,3000,9136,0,0,60,60
9136,124640,0,3000,0,0,0,60,60
9137,0,0,3000,9138,0,0,60,60
9138,118733,0,0,0,0,0,60,60
9139,0,0,3000,9140,0,0,60,60
9140,118733,0,0,0,0,0,60,60
9141,123939,0,500,0,0,0,60,60
9142,123946,0,500,0,0,0,60,60
9143,123945,0,500,0,0,0,60,60
9144,123947,0,500,0,0,0,60,60
9145,124669,0,3000,0,0,0,60,60
9149,124220,0,500,0,0,0,60,60
9150,124221,0,500,0,0,0,60,60
9151,123952,0,500,0,0,0,60,60
9152,123953,0,500,0,0,0,60,60
9153,123954,0,500,0,0,0,60,60
9154,123955,0,500,0,0,0,60,60
9161,123950,0,500,0,0,0,60,60
9162,123951,0,500,0,0,0,60,60
9163,124754,0,3000,9168,0,0,60,60
9164,0,0,3000,9165,0,0,60,60
9165,118733,0,0,0,0,0,60,60
9166,95389,0,500,9167,0,0,60,60
9167,124762,0,3000,0,0,0,60,60
9168,124755,0,1000,9169,0,0,60,60
9169,124757,0,1000,9170,0,0,60,60
9170,124758,0,1000,9171,0,0,60,60
9171,124759,0,1000,0,0,0,60,60
9172,124763,0,3000,0,0,0,60,60
9173,124512,0,500,0,0,0,60,60
9174,124513,0,500,0,0,0,60,60
9175,124527,0,500,0,0,0,60,60
9176,124530,0,500,0,0,0,60,60
9177,124473,0,500,0,0,0,60,60
9178,124476,0,500,0,0,0,60,60
9180,124811,0,0,9181,0,0,60,60
9181,124812,0,0,0,0,0,60,60
9182,124821,0,500,0,0,0,60,60
9184,112973,0,0,4998,0,0,60,60
9185,112973,0,0,9186,0,0,60,60
9186,124830,0,0,4951,0,0,60,60
9187,112973,0,0,9188,0,0,60,60
9188,124830,0,0,4884,0,0,60,60
9189,112973,0,0,9190,0,0,60,60
9190,124830,0,0,7785,0,0,60,60
9191,112973,0,0,9192,0,0,60,60
9192,124830,0,0,0,0,0,60,60
9193,124470,0,500,0,0,0,60,60
9194,124469,0,500,0,0,0,60,60
9195,124816,0,1000,9196,0,1,60,60
9196,124814,0,1000,9197,0,1,60,60
9197,124817,0,1000,9198,0,1,60,60
9198,124815,0,1000,0,0,1,60,60
9199,0,0,11000,9200,0,0,60,60
9200,124588,0,6000,9201,0,0,60,60
9201,124589,0,1000,0,0,0,60,60
9202,124872,0,500,10488,0,0,60,60
9204,124876,0,2000,9205,0,0,60,60
9205,124877,0,2000,9206,0,0,60,60
9206,124878,0,2000,9207,0,0,60,60
9207,124879,0,2000,0,0,0,60,60
9208,124037,0,1000,9209,0,0,60,60
9209,124038,0,1000,9210,0,0,60,60
9210,124043,0,1000,0,0,0,60,60
9212,124885,0,5000,9213,0,0,60,60
9213,124886,0,1000,0,0,0,60,60
9214,124467,0,500,0,0,0,60,60
9215,118936,0,1000,9216,0,1,60,60
9216,118950,0,1000,9217,0,1,60,60
9217,118951,0,1000,9218,0,1,60,60
9218,118952,0,1000,9219,0,1,60,60
9219,118953,0,1000,0,0,1,60,60
9220,124889,0,1000,9221,0,0,60,60
9221,124890,0,0,9222,0,0,60,60
9222,124891,0,0,9223,0,0,60,60
9223,124892,0,2000,0,0,0,60,60
9225,124509,0,1000,9226,0,0,60,60
9226,124510,0,1000,9227,0,0,60,60
9227,124590,0,1000,9228,0,0,60,60
9228,124506,0,1000,9229,0,0,60,60
9229,124511,0,1000,0,0,0,60,60
9232,109724,0,1000,9233,0,0,60,60
9233,110421,0,1000,8621,0,0,60,60
9234,109721,0,1000,9235,0,0,60,60
9235,110426,0,1000,8627,0,0,60,60
9236,109721,0,1000,9237,0,0,60,60
9237,110426,0,1000,8968,0,0,60,60
9238,124908,0,1000,9239,0,0,60,60
9239,124909,0,2000,9240,0,0,60,60
9240,124910,0,1000,9241,0,0,60,60
9241,124912,0,2000,9301,0,0,60,60
9242,124060,0,500,9243,0,0,60,60
9243,108879,0,500,8306,0,0,60,60
9244,124050,0,1000,9245,0,0,60,60
9245,124049,0,1000,8651,0,0,60,60
9246,124050,0,1000,9247,0,0,60,60
9247,124049,0,1000,7646,0,0,60,60
9248,124050,0,1000,9249,0,0,60,60
9249,124049,0,1000,7613,0,0,60,60
9250,124050,0,1000,9251,0,0,60,60
9251,124049,0,1000,7780,0,0,60,60
9252,124050,0,1000,9253,0,0,60,60
9253,124049,0,1000,7436,0,0,60,60
9254,124050,0,1000,9255,0,0,60,60
9255,124049,0,1000,7467,0,0,60,60
9256,124050,0,1000,9257,0,0,60,60
9257,124049,0,1000,7581,0,0,60,60
9258,124050,0,1000,9259,0,0,60,60
9259,124049,0,1000,7682,0,0,60,60
9260,124050,0,1000,9261,0,0,60,60
9261,124049,0,1000,7553,0,0,60,60
9262,124050,0,1000,9263,0,0,60,60
9263,124049,0,1000,7491,0,0,60,60
9266,124050,0,1000,9267,0,0,60,60
9267,124049,0,1000,7526,0,0,60,60
9268,124050,0,1000,9269,0,0,60,60
9269,124049,0,1000,7395,0,0,60,60
9270,124050,0,1000,9271,0,0,60,60
9271,124049,0,1000,7352,0,0,60,60
9272,123931,0,500,0,0,0,60,60
9273,123933,0,500,0,0,0,60,60
9274,123934,0,500,0,0,0,60,60
9275,123932,0,500,0,0,0,60,60
9276,124933,0,1000,9277,0,0,60,60
9277,124934,0,1000,0,0,0,60,60
9278,124943,0,1000,0,0,0,60,60
9285,0,0,1000,9286,0,0,60,60
9286,123986,0,3000,9287,0,0,60,60
9287,123987,0,1000,0,0,0,60,60
9288,124954,0,2000,9289,0,0,60,60
9289,124955,0,2000,0,0,0,60,60
9296,124966,0,1000,0,0,0,60,60
9301,0,0,0,0,0,0,60,60
9308,124981,0,1000,0,0,0,60,60
9309,124917,0,1000,9310,0,0,60,60
9310,124982,0,1000,0,0,0,60,60
9311,124983,0,1000,0,0,0,60,60
9312,124984,0,1000,0,0,0,60,60
9313,124985,0,1000,0,0,0,60,60
9314,124986,0,1000,0,0,0,60,60
9315,124987,0,1000,0,0,0,60,60
9316,124988,0,1000,0,0,0,60,60
9317,124989,0,1000,0,0,0,60,60
9318,124990,0,1000,0,0,0,60,60
9319,124991,0,1000,0,0,0,60,60
9320,124992,0,1000,0,0,0,60,60
9321,124993,0,1000,0,0,0,60,60
9322,124994,0,1000,0,0,0,60,60
9323,124996,0,500,0,0,0,60,60
9326,124514,0,1000,9327,0,0,60,60
9327,123985,0,1000,9328,0,0,60,60
9328,123523,0,1000,9329,0,0,60,60
9329,123524,0,1000,9330,0,0,60,60
9330,123525,0,1000,0,0,0,60,60
9331,125008,0,1000,0,0,0,60,60
9332,125011,0,1000,0,0,0,60,60
9334,0,0,2000,9335,0,0,60,60
9335,125013,0,1000,0,0,0,60,60
9336,125027,0,1000,9337,0,0,60,60
9337,125028,0,1000,9338,0,0,60,60
9338,125029,0,1000,9339,0,0,60,60
9339,125030,0,1000,9340,0,0,60,60
9340,125031,0,1000,9341,0,0,60,60
9341,125032,0,1000,9342,0,0,60,60
9342,125033,0,1000,9343,0,0,60,60
9343,125034,0,1000,9344,0,0,60,60
9344,125035,0,1000,9345,0,0,60,60
9345,125036,0,1000,9346,0,0,60,60
9346,125037,0,1000,9347,0,0,60,60
9347,125038,0,1000,9348,0,0,60,60
9348,125039,0,1000,9349,0,0,60,60
9349,125040,0,1000,9350,0,0,60,60
9350,125041,0,1000,9351,0,0,60,60
9351,125042,0,1000,9352,0,0,60,60
9352,125043,0,1000,9353,0,0,60,60
9353,125044,0,1000,9354,0,0,60,60
9354,125045,0,1000,9355,0,0,60,60
9355,125046,0,1000,9356,0,0,60,60
9356,125047,0,1000,9357,0,0,60,60
9357,125048,0,1000,9358,0,0,60,60
9358,125049,0,1000,9359,0,0,60,60
9359,125050,0,1000,9360,0,0,60,60
9360,125051,0,1000,0,0,0,60,60
9361,125052,0,1000,0,0,0,60,60
9362,125055,0,1000,9363,0,0,60,60
9363,125056,0,1000,9364,0,0,60,60
9364,125057,0,1000,0,0,0,60,60
9366,125058,0,4000,9372,0,0,60,60
9367,125069,0,1000,9374,0,0,60,60
9368,125072,0,4000,9369,0,0,60,60
9369,125073,0,1000,0,0,0,60,60
9370,125078,0,500,9371,0,0,60,60
9371,125079,0,500,0,0,0,60,60
9372,125089,0,4000,9373,0,0,60,60
9373,125091,0,4000,9367,0,0,60,60
9374,125090,0,1000,9375,0,0,60,60
9375,125093,0,1000,0,0,0,60,60
9376,98806,0,1000,0,0,0,60,60
9377,98807,0,1000,0,0,0,60,60
9378,98783,0,1000,0,0,0,60,60
9379,123923,0,500,0,0,0,60,60
9380,123924,0,500,0,0,0,60,60
9381,123527,0,1000,9382,0,0,60,60
9382,124515,0,1000,9383,0,0,60,60
9383,124516,0,1000,0,0,0,60,60
9384,123545,0,1000,9385,0,0,60,60
9385,123547,0,1000,9386,0,0,60,60
9386,123546,0,1000,0,0,0,60,60
9387,125103,0,1000,9388,0,0,60,60
9388,125104,0,4000,9389,0,0,60,60
9389,125105,0,1000,0,0,0,60,60
9390,125116,0,1000,0,0,0,60,60
9391,123949,0,1000,9392,0,0,60,60
9392,124004,0,1000,0,0,0,60,60
9393,124007,0,1000,9394,0,0,60,60
9394,124005,0,1000,9395,0,0,60,60
9395,124525,0,1000,0,0,0,60,60
9396,124468,0,500,0,0,0,60,60
9397,0,0,1000,9390,0,0,60,60
9398,125115,0,1000,0,0,0,60,60
9399,125135,0,500,0,0,0,60,60
9400,125137,0,500,0,0,0,60,60
9401,125140,0,500,0,0,0,60,60
9402,125149,0,6000,9403,0,0,60,60
9403,125150,0,500,0,0,0,60,60
9405,125162,0,500,9406,0,0,60,60
9406,125161,0,500,9407,0,0,60,60
9407,125164,0,0,0,0,0,60,60
9408,125190,0,1000,9409,0,0,60,60
9409,125191,0,1000,0,0,0,60,60
9412,125217,0,500,9416,0,0,60,60
9413,125218,0,1000,9414,0,0,60,60
9414,125219,0,1000,0,0,0,60,60
9415,125220,0,1000,0,0,0,60,60
9416,125221,0,0,0,0,0,60,60
9417,125200,0,1000,0,0,0,60,60
9418,125227,0,500,0,0,0,60,60
9419,124022,0,1000,9420,0,0,60,60
9420,124023,0,1000,9421,0,0,60,60
9421,124024,0,1000,0,0,0,60,60
9422,125251,0,500,10490,0,0,60,60
9423,125284,0,1000,9424,0,0,60,60
9424,125285,0,1000,9425,0,0,60,60
9425,125286,0,1000,9761,0,0,60,60
9426,123957,0,500,0,0,0,60,60
9427,123958,0,500,0,0,0,60,60
9434,102956,0,1000,0,0,1,60,60
9435,102989,0,1000,0,0,1,60,60
9436,125337,0,1000,0,0,0,60,60
9437,125339,0,1000,0,0,0,60,60
9438,123872,0,1000,9439,0,1,60,60
9439,123873,0,1000,9440,0,1,60,60
9440,123874,0,1000,0,0,1,60,60
9441,125356,0,1000,0,0,0,60,60
9442,124557,0,500,0,0,0,60,60
9443,124558,0,500,0,0,0,60,60
9444,124559,0,500,0,0,0,60,60
9445,124560,0,500,0,0,0,60,60
9446,124561,0,500,0,0,0,60,60
9447,124562,0,500,0,0,0,60,60
9448,124564,0,500,0,0,0,60,60
9449,124563,0,500,0,0,0,60,60
9450,124565,0,500,0,0,0,60,60
9451,124566,0,500,0,0,0,60,60
9452,124567,0,500,0,0,0,60,60
9453,124431,0,1000,0,0,0,60,60
9455,124569,0,500,0,0,0,60,60
9456,124570,0,500,0,0,0,60,60
9457,124568,0,500,0,0,0,60,60
9458,124571,0,500,0,0,0,60,60
9459,124572,0,500,0,0,0,60,60
9460,124517,0,2000,0,0,0,60,60
9461,118943,0,1000,0,0,1,60,60
9462,118957,0,1000,9463,0,1,60,60
9463,118944,0,1000,0,0,1,60,60
9464,118955,0,1000,0,0,1,60,60
9465,118954,0,1000,0,0,1,60,60
9466,124457,0,500,0,0,0,60,60
9467,124458,0,500,0,0,0,60,60
9474,124524,0,2000,0,0,0,60,60
9475,124527,0,2000,0,0,0,60,60
9482,125379,0,500,0,0,0,60,60
9484,125384,0,500,10491,0,0,60,60
9485,125378,0,1000,9496,0,0,60,60
9486,124481,0,500,0,0,0,60,60
9487,124482,0,500,0,0,0,60,60
9488,125394,0,1000,9489,0,0,60,60
9489,125395,0,1000,0,0,0,60,60
9490,125397,0,1000,9491,0,0,60,60
9491,125398,0,1000,9492,0,0,60,60
9492,125369,0,1000,9493,0,0,60,60
9493,125399,0,1000,0,0,0,60,60
9494,125400,0,500,0,0,0,60,60
9495,125401,0,500,0,0,0,60,60
9496,125403,0,1000,10042,0,0,60,60
9497,124685,0,2000,9498,0,0,60,60
9498,124686,0,1000,9499,0,0,60,60
9499,124687,0,1000,9500,0,0,60,60
9500,124689,0,1000,9501,0,0,60,60
9501,124690,0,5000,9502,0,0,60,60
9502,124691,0,3000,9503,0,0,60,60
9503,124698,0,2000,0,0,0,60,60
9504,125407,0,1000,9505,0,0,60,60
9505,125406,0,1000,0,0,0,60,60
9506,125408,0,1000,9507,0,0,60,60
9507,125409,0,1000,0,0,0,60,60
9508,125417,0,1000,9509,0,0,60,60
9509,125419,0,1000,10040,0,0,60,60
9510,125420,0,1000,0,0,1,60,60
9511,125422,0,1000,0,0,0,60,60
9512,125421,0,1000,0,0,0,60,60
9513,125423,0,1000,0,0,0,60,60
9514,125424,0,1000,0,0,0,60,60
9515,125425,0,1000,0,0,0,60,60
9516,125426,0,1000,0,0,0,60,60
9517,125427,0,1000,0,0,0,60,60
9518,125428,0,1000,0,0,0,60,60
9519,125429,0,1000,0,0,0,60,60
9520,125430,0,1000,0,0,0,60,60
9521,125431,0,1000,0,0,0,60,60
9522,125432,0,1000,0,0,0,60,60
9523,125433,0,1000,0,0,1,60,60
9524,125450,0,1000,0,0,0,60,60
9525,125462,0,1000,0,0,0,60,60
9526,125463,0,1000,0,0,0,60,60
9527,125427,0,1000,0,0,0,60,60
9528,125380,0,1000,9529,0,1,60,60
9529,125381,0,1000,9530,0,1,60,60
9530,125382,0,1000,0,0,1,60,60
9531,125466,0,1000,9532,0,0,60,60
9532,125467,0,1000,9533,0,0,60,60
9533,125468,0,1000,0,0,0,60,60
9534,125470,0,1000,9535,0,0,60,60
9535,125471,0,1000,9536,0,0,60,60
9536,125472,0,1000,9537,0,0,60,60
9537,125473,0,1000,0,0,0,60,60
9538,125474,0,500,0,0,0,60,60
9539,125476,0,1000,9540,0,0,60,60
9540,125480,0,1000,0,0,0,60,60
9541,125481,0,500,10489,0,0,60,60
9542,125645,0,1000,0,0,0,60,60
9543,125553,0,1000,0,0,0,60,60
9544,125554,0,1000,9545,0,0,60,60
9545,125555,0,1000,0,0,0,60,60
9546,125556,0,1000,9547,0,0,60,60
9547,125557,0,1000,0,0,0,60,60
9548,125561,0,1000,0,0,0,60,60
9549,125563,0,1000,0,0,0,60,60
9550,125564,0,1000,9551,0,0,60,60
9551,125565,0,1000,0,0,0,60,60
9553,125571,0,500,0,0,0,60,60
9554,125482,0,1000,0,0,0,60,60
9555,125574,0,1000,9779,0,0,60,60
9556,125575,0,1000,9557,0,0,60,60
9557,125576,0,1000,9780,0,0,60,60
9564,125588,0,1000,0,0,0,60,60
9565,125613,0,1000,0,0,0,60,60
9566,125615,0,1000,0,0,0,60,60
9567,125624,0,3000,9568,0,0,60,60
9568,125625,0,4000,9571,0,0,60,60
9569,0,0,0,0,0,0,60,60
9570,125626,0,1000,0,0,0,60,60
9571,125627,0,1000,9569,0,0,60,60
9572,125630,0,1000,0,0,0,60,60
9573,125637,0,0,9574,0,0,60,60
9574,125638,0,0,9575,0,0,60,60
9575,125640,0,3000,9590,0,0,60,60
9576,125591,0,500,10496,0,0,60,60
9577,125646,0,1000,10494,0,0,60,60
9578,125647,0,1000,9579,0,0,60,60
9579,125648,0,1000,9580,0,0,60,60
9580,125649,0,1000,9581,0,0,60,60
9581,125650,0,1000,9582,0,0,60,60
9582,125651,0,1000,9583,0,0,60,60
9583,125652,0,1000,9584,0,0,60,60
9584,125653,0,1000,9585,0,0,60,60
9585,125654,0,1000,9586,0,0,60,60
9586,125655,0,1000,9587,0,0,60,60
9587,125656,0,1000,9588,0,0,60,60
9588,125657,0,1000,9589,0,0,60,60
9589,125658,0,1000,0,0,0,60,60
9590,125659,0,1000,9591,0,0,60,60
9591,125660,0,3000,9592,0,0,60,60
9592,125717,0,7000,0,0,0,60,60
9593,125762,0,1000,0,0,0,60,60
9594,125771,0,1000,9595,0,0,60,60
9595,125772,0,1000,0,0,0,60,60
9596,125779,0,1000,0,0,0,60,60
9597,125780,0,1000,0,0,0,60,60
9598,125781,0,1000,9599,0,0,60,60
9599,125782,0,1000,9600,0,0,60,60
9600,125783,0,1000,9631,0,0,60,60
9604,125795,0,1000,0,0,0,60,60
9605,125670,0,1000,0,0,0,60,60
9606,125671,0,1000,0,0,0,60,60
9607,125805,0,1000,9608,0,0,60,60
9608,125806,0,1000,0,0,0,60,60
9609,125810,0,1000,0,0,0,60,60
9610,0,0,1000,9611,0,0,60,60
9611,125672,0,4000,9612,0,0,60,60
9612,125673,0,0,0,0,0,60,60
9616,125814,0,1000,0,0,0,60,60
9617,125815,0,1000,0,0,0,60,60
9618,125818,0,1000,0,0,0,60,60
9619,125819,0,1000,0,0,0,60,60
9620,125825,0,1000,0,0,0,60,60
9621,125674,0,500,9622,0,0,60,60
9622,125675,0,500,9624,0,0,60,60
9624,125676,0,500,9625,0,0,60,60
9625,125677,0,500,9626,0,0,60,60
9626,125678,0,500,9627,0,0,60,60
9627,125679,0,500,9628,0,0,60,60
9628,125680,0,500,9629,0,0,60,60
9629,125681,0,500,9630,0,0,60,60
9630,125682,0,0,0,0,0,60,60
9631,125829,0,1000,9829,0,0,60,60
9632,125830,0,1000,9634,0,0,60,60
9633,128198,0,1000,10254,0,0,60,60
9634,125832,0,1000,9633,0,0,60,60
9635,125833,0,1000,10255,0,0,60,60
9636,125759,0,1000,0,0,0,60,60
9637,125835,0,1000,0,0,0,60,60
9638,125840,0,1000,9607,0,0,60,60
9639,125841,0,1000,9640,0,0,60,60
9640,125843,0,1000,0,0,0,60,60
9644,125870,0,1000,9648,0,0,60,60
9645,125872,0,1000,0,0,0,60,60
9646,125859,0,1000,9647,0,0,60,60
9647,125860,0,1000,0,0,0,60,60
9648,125871,0,1000,9645,0,0,60,60
9649,125877,0,0,9651,0,0,60,60
9650,125878,0,1000,0,0,0,60,60
9651,125882,0,2000,11198,0,0,60,60
9652,125886,0,1000,9653,0,0,60,60
9653,125887,0,1000,0,0,0,60,60
9654,125890,0,3000,9655,0,0,60,60
9655,125892,0,1000,0,0,0,60,60
9657,125891,0,1000,0,0,0,60,60
9660,125898,0,0,9661,0,0,60,60
9661,125900,0,1000,10674,0,1,60,60
9662,125897,0,1000,9663,0,0,60,60
9663,125899,0,1000,0,0,0,60,60
9665,125904,0,1000,0,0,0,60,60
9666,125905,0,1000,0,0,0,60,60
9667,125908,0,3000,9668,0,0,60,60
9668,125909,0,3000,9669,0,1,60,60
9669,125910,0,1000,0,0,0,60,60
9670,125906,0,1000,9671,0,0,60,60
9671,125907,0,1000,9672,0,0,60,60
9672,125911,0,1000,9673,0,0,60,60
9673,125913,0,1000,9674,0,0,60,60
9674,125914,0,1000,0,0,0,60,60
9676,125925,0,3000,9677,0,0,60,60
9677,125926,0,1000,0,0,0,60,60
9687,125942,0,1000,9688,0,0,60,60
9688,125943,0,500,9689,0,0,60,60
9689,125944,0,0,0,0,0,60,60
9690,125945,0,3000,9834,0,0,60,60
9692,109369,0,500,9693,0,1,60,60
9693,109370,0,1000,0,0,1,60,60
9700,125976,0,500,9708,0,1,60,60
9701,125965,0,1000,9702,0,0,60,60
9702,125967,0,1000,0,0,0,60,60
9703,125971,0,1000,9704,0,0,60,60
9704,125972,0,1000,9705,0,0,60,60
9705,125973,0,1000,9706,0,0,60,60
9706,125974,0,1000,9707,0,0,60,60
9707,125975,0,1000,0,0,0,60,60
9708,125964,0,500,0,0,0,60,60
9709,125980,0,1000,9710,0,0,60,60
9710,125981,0,1000,0,0,0,60,60
9711,126025,0,1000,9701,0,0,60,60
9712,125989,0,1000,0,0,0,60,60
9713,125995,0,3000,9714,0,0,60,60
9714,125996,0,1000,0,0,0,60,60
9715,125997,0,2000,9716,0,0,60,60
9716,125998,0,1000,0,0,0,60,60
9717,125999,0,1500,0,0,1,60,60
9718,126000,0,2000,9719,0,0,60,60
9719,126001,0,1000,0,0,0,60,60
9720,125734,0,0,0,0,1,60,60
9721,126015,0,3000,9722,0,0,60,60
9722,126016,0,1000,0,0,0,60,60
9723,126017,0,2000,9724,0,0,60,60
9724,126018,0,1000,0,0,0,60,60
9725,126019,0,2000,9726,0,0,60,60
9726,126021,0,1000,0,0,0,60,60
9727,126023,0,500,0,0,0,60,60
9728,126024,0,500,0,0,0,60,60
9729,125982,0,1000,9730,0,0,60,60
9730,125965,0,1000,9731,0,0,60,60
9731,125967,0,1000,0,0,0,60,60
9732,125739,0,0,0,0,1,60,60
9733,125741,0,0,0,0,1,60,60
9734,125744,0,500,9735,0,0,60,60
9735,125745,0,500,9736,0,0,60,60
9736,125746,0,500,9737,0,0,60,60
9737,125747,0,500,9738,0,0,60,60
9738,125748,0,500,9739,0,0,60,60
9739,125749,0,500,9740,0,0,60,60
9740,125750,0,500,9741,0,0,60,60
9741,125751,0,500,9742,0,0,60,60
9742,125752,0,5000,9743,0,0,60,60
9743,126053,0,500,9744,0,0,60,60
9744,126054,0,1000,0,0,0,60,60
9745,126058,0,500,0,0,0,60,60
9746,126060,0,500,0,0,0,60,60
9747,126067,0,1000,0,0,0,60,60
9748,126068,0,1000,0,0,0,60,60
9749,126069,0,1000,0,0,0,60,60
9750,126070,0,1000,0,0,0,60,60
9751,126071,0,1000,0,0,0,60,60
9752,126072,0,1000,0,0,0,60,60
9756,126091,0,1000,0,0,0,60,60
9757,126092,0,1000,0,0,0,60,60
9758,126095,0,1000,0,0,0,60,60
9759,126151,0,1000,9760,0,0,60,60
9760,126150,0,1000,0,0,0,60,60
9761,126160,0,1000,0,0,0,60,60
9762,126154,0,1000,9763,0,0,60,60
9763,126155,0,1000,9764,0,0,60,60
9764,126156,0,1000,9765,0,1,60,60
9765,126157,0,1000,9766,0,0,60,60
9766,126158,0,1000,9767,0,0,60,60
9767,126159,0,1000,0,0,0,60,60
9768,126191,0,500,0,0,0,60,60
9769,126192,0,500,0,0,0,60,60
9770,126193,0,500,0,0,0,60,60
9771,126194,0,500,0,0,0,60,60
9772,126209,0,1000,10258,0,0,60,60
9779,126216,0,1000,9556,0,0,60,60
9780,126217,0,1000,0,0,0,60,60
9781,126224,0,1000,9782,0,0,60,60
9782,126225,0,500,9783,0,0,60,60
9783,126226,0,500,9784,0,0,60,60
9784,126227,0,1000,9785,0,0,60,60
9785,126228,0,1000,9786,0,0,60,60
9786,126229,0,500,9787,0,0,60,60
9787,126230,0,6000,9788,0,0,60,60
9788,126231,0,1000,9789,0,0,60,60
9789,126232,0,500,0,0,0,60,60
9790,126276,0,2000,0,0,0,60,60
9791,126234,0,500,9792,0,0,60,60
9792,126235,0,500,9793,0,0,60,60
9793,126236,0,500,0,0,0,60,60
9794,126277,0,2000,0,9090,0,60,60
9796,126279,0,2000,0,0,0,60,60
9797,126286,0,1000,9798,0,0,60,60
9798,126287,0,1000,9799,0,0,60,60
9799,126288,0,1000,9823,0,0,60,60
9800,126239,0,500,9801,0,0,60,60
9801,126240,0,500,9802,0,0,60,60
9802,126241,0,500,9803,0,0,60,60
9803,126242,0,500,9804,0,0,60,60
9804,126243,0,500,9805,0,0,60,60
9805,126244,0,500,9806,0,0,60,60
9806,126245,0,3000,9807,0,0,60,60
9807,126246,0,500,0,0,0,60,60
9808,126247,0,500,9809,0,0,60,60
9809,126248,0,500,9810,0,0,60,60
9810,126249,0,500,9811,0,0,60,60
9811,126250,0,3000,9812,0,0,60,60
9812,126251,0,500,9813,0,0,60,60
9813,126252,0,500,9814,0,0,60,60
9814,126253,0,5000,9815,0,0,60,60
9815,126254,0,500,9816,0,0,60,60
9816,126255,0,500,9817,0,0,60,60
9817,126256,0,500,9818,0,0,60,60
9818,126257,0,500,9819,0,0,60,60
9819,126258,0,500,9820,0,0,60,60
9820,126259,0,500,9821,0,0,60,60
9821,126260,0,500,0,0,0,60,60
9822,0,0,4000,10101,0,0,60,60
9823,0,0,1000,9825,0,0,60,60
9825,0,0,4000,9826,0,0,60,60
9826,0,0,0,0,0,0,60,60
9827,126222,0,0,0,0,0,60,60
9828,126223,0,500,0,0,0,60,60
9829,126302,0,1000,0,0,0,60,60
9831,126313,0,1500,9832,0,0,60,60
9832,126314,0,1000,9833,0,1,60,60
9833,126315,0,1000,0,0,1,60,60
9834,126316,0,2000,0,0,0,60,60
9835,125945,0,2000,9836,0,0,60,60
9836,126316,0,2000,0,0,0,60,60
9846,126360,0,2000,9794,0,0,60,60
9847,126264,0,500,9848,0,0,60,60
9848,126265,0,500,9849,0,0,60,60
9849,126266,0,500,9850,0,0,60,60
9850,126267,0,500,9851,0,0,60,60
9851,126268,0,500,9852,0,0,60,60
9852,126269,0,500,9853,0,0,60,60
9853,126270,0,500,9863,0,0,60,60
9854,126448,0,5000,9855,0,0,60,60
9855,126308,0,5000,9920,0,0,60,60
9863,126461,0,500,0,0,0,60,60
9864,126465,0,2000,0,0,0,60,60
9865,126466,0,2000,10510,0,0,60,60
9866,126470,0,0,0,0,0,60,60
9867,126471,0,0,0,0,0,60,60
9868,126473,0,0,0,0,0,60,60
9869,126472,0,0,0,0,0,60,60
9870,126474,0,1500,9871,0,1,60,60
9871,126475,0,1500,0,0,1,60,60
9872,126468,0,0,0,0,0,60,60
9873,126469,0,0,0,0,0,60,60
9874,126347,0,0,0,9926,0,60,60
9875,126348,0,0,0,9926,0,60,60
9876,126482,0,500,0,9926,0,60,60
9877,126483,0,500,0,9926,0,60,60
9878,126484,0,500,0,9926,0,60,60
9879,126485,0,500,0,9926,0,60,60
9880,126497,0,1000,9881,0,1,60,60
9881,126498,0,1000,9882,0,1,60,60
9882,126499,0,1000,0,0,1,60,60
9883,126507,0,2000,9570,0,0,60,60
9890,124953,0,1000,0,0,0,60,60
9892,126523,0,1000,9893,0,0,60,60
9893,126525,0,1000,0,0,0,60,60
9894,129926,0,1000,0,0,0,60,60
9895,126539,0,1000,9896,0,0,60,60
9896,126540,0,1000,0,0,0,60,60
9897,126556,0,2000,0,0,0,60,60
9898,126559,0,2000,10381,0,0,60,60
9899,126557,0,1000,9900,0,0,60,60
9900,126558,0,1000,0,0,0,60,60
9901,126534,0,1000,0,0,0,60,60
9902,126560,0,0,0,0,0,60,60
9903,126561,0,0,0,0,0,60,60
9904,126562,0,1000,9905,0,0,60,60
9905,126563,0,1000,9906,0,0,60,60
9906,126564,0,1000,0,0,0,60,60
9907,126565,0,1000,0,0,0,60,60
9908,126566,0,1000,9909,0,0,60,60
9909,126567,0,1000,9910,0,0,60,60
9910,126568,0,1000,9911,0,0,60,60
9911,126569,0,1000,0,0,0,60,60
9912,126570,0,1000,9913,0,0,60,60
9913,126571,0,1000,9914,0,0,60,60
9914,126572,0,1000,0,0,0,60,60
9920,126602,0,5000,0,0,0,60,60
9922,126620,0,1000,0,0,0,60,60
9923,126622,0,4000,0,0,0,60,60
9924,126623,0,1000,0,4509,0,60,60
9925,126624,0,1000,0,4509,0,60,60
9926,126625,0,1000,0,4509,0,60,60
9927,126641,0,500,0,0,0,60,60
9928,126643,0,500,0,0,0,60,60
9929,126644,0,500,0,0,0,60,60
9930,126645,0,500,0,0,0,60,60
9931,126684,0,500,0,0,0,60,60
9932,126685,0,500,0,0,0,60,60
9933,126693,0,500,0,0,0,60,60
9934,126728,0,500,0,0,0,60,60
9935,126738,0,500,0,0,0,60,60
9936,126693,0,500,0,0,0,60,60
9937,126741,0,1000,0,0,0,60,60
9938,126742,0,500,10497,0,0,60,60
9942,121740,0,500,0,0,0,60,60
9943,126779,0,2000,0,0,0,60,60
9944,120726,0,500,0,0,0,60,60
9945,120727,0,500,0,0,0,60,60
9946,120382,0,500,0,0,0,60,60
9947,120384,0,500,0,0,0,60,60
9948,120386,0,500,0,0,0,60,60
9949,120387,0,500,0,0,0,60,60
9950,120398,0,500,0,0,0,60,60
9951,120399,0,500,0,0,0,60,60
9952,120734,0,500,0,0,0,60,60
9953,120735,0,500,0,0,0,60,60
9954,121741,0,500,0,0,0,60,60
9955,120436,0,500,0,0,0,60,60
9956,120440,0,500,0,0,0,60,60
9957,120434,0,500,0,0,0,60,60
9958,120435,0,500,0,0,0,60,60
9959,120760,0,500,0,0,0,60,60
9960,121192,0,500,0,0,0,60,60
9961,120452,0,500,0,0,0,60,60
9962,120453,0,500,0,0,0,60,60
9963,123906,0,500,0,0,0,60,60
9964,123907,0,500,0,0,0,60,60
9965,123919,0,500,0,0,0,60,60
9966,123920,0,500,0,0,0,60,60
9967,126780,0,1000,0,0,0,60,60
9968,126781,0,1000,0,0,0,60,60
9969,123923,0,500,0,0,0,60,60
9970,123924,0,500,0,0,0,60,60
9971,123954,0,500,0,0,0,60,60
9972,123955,0,500,0,0,0,60,60
9973,123950,0,500,0,0,0,60,60
9974,123951,0,500,0,0,0,60,60
9975,123952,0,500,0,0,0,60,60
9976,123953,0,500,0,0,0,60,60
9977,123957,0,500,0,0,0,60,60
9978,123958,0,500,0,0,0,60,60
9979,126789,0,0,0,0,0,60,60
9980,126790,0,0,0,0,0,60,60
9981,126791,0,0,0,0,0,60,60
9982,126792,0,0,0,0,0,60,60
9983,126794,0,1000,9984,0,0,60,60
9984,126795,0,1000,0,0,0,60,60
9985,126799,0,1000,0,0,0,60,60
9986,126807,0,1000,9987,0,0,60,60
9987,126808,0,1000,9988,0,0,60,60
9988,126809,0,4000,9989,0,0,60,60
9989,126810,0,1000,0,0,1,60,60
9990,126818,0,1000,0,0,0,60,60
9991,126819,0,1000,0,0,0,60,60
9992,126831,0,1000,0,0,0,60,60
9993,126832,0,500,0,9926,0,60,60
9994,126833,0,500,0,9926,0,60,60
9995,126835,0,500,0,9926,0,60,60
9996,126836,0,500,0,9926,0,60,60
9997,123680,0,1000,0,0,1,60,60
9998,126851,0,1000,0,0,0,60,60
9999,126825,0,3000,10001,0,0,60,60
10000,126826,0,2000,10192,0,0,60,60
10001,126827,0,1000,10000,0,0,60,60
10002,126828,0,1000,0,0,0,60,60
10004,126860,0,1000,0,0,0,60,60
10005,126861,0,1000,0,0,0,60,60
10007,126858,0,0,0,0,0,60,60
10008,126859,0,0,0,0,0,60,60
10009,126871,0,500,0,0,0,60,60
10010,126872,0,500,0,0,0,60,60
10011,126879,0,500,10012,0,0,60,60
10012,126880,0,500,10013,0,0,60,60
10013,126881,0,500,10014,0,0,60,60
10014,126882,0,0,0,0,0,60,60
10015,126883,0,1000,0,0,0,60,60
10016,126887,0,1000,0,0,0,60,60
10017,126858,0,1000,0,0,0,60,60
10018,126859,0,1000,0,0,0,60,60
10019,126924,0,1000,0,0,0,60,60
10020,126925,0,1000,0,0,0,60,60
10021,126938,0,1000,0,4509,0,60,60
10022,126940,0,500,0,9926,0,60,60
10023,126941,0,500,0,9926,0,60,60
10024,126946,0,1000,0,0,0,60,60
10025,126947,0,1000,0,0,0,60,60
10026,126948,0,1000,0,0,0,60,60
10027,126949,0,1000,0,0,0,60,60
10028,126961,0,2000,0,0,0,60,60
10029,126962,0,2000,10337,0,0,60,60
10030,128239,0,500,0,0,0,60,60
10031,128242,0,500,0,0,0,60,60
10032,126970,0,1000,0,0,0,60,60
10033,126972,0,1000,0,0,0,60,60
10034,126999,0,1000,0,0,0,60,60
10035,127001,0,1000,0,0,0,60,60
10036,127003,0,1000,0,0,0,60,60
10037,127004,0,1000,0,0,0,60,60
10038,127005,0,1000,0,0,0,60,60
10039,127006,0,1000,0,0,0,60,60
10040,127009,0,1000,0,0,0,60,60
10042,127011,0,1000,10043,0,0,60,60
10043,127012,0,1000,10044,0,0,60,60
10044,127013,0,1000,0,0,0,60,60
10045,127026,0,1000,0,0,0,60,60
10046,127028,0,1000,0,0,0,60,60
10053,127053,0,0,10054,0,0,60,60
10054,127054,0,0,10055,0,0,60,60
10055,127055,0,0,10056,0,0,60,60
10056,127056,0,0,0,0,0,60,60
10057,127061,0,500,0,0,0,60,60
10058,127062,0,500,0,0,0,60,60
10059,127065,0,500,0,0,0,60,60
10060,127075,0,500,10061,0,0,60,60
10061,127085,0,500,0,0,0,60,60
10062,127077,0,500,10063,0,0,60,60
10063,127087,0,500,0,0,0,60,60
10064,127079,0,500,10065,0,0,60,60
10065,127089,0,500,0,0,0,60,60
10066,127081,0,500,0,0,0,60,60
10067,127076,0,500,10068,0,0,60,60
10068,127086,0,500,0,0,0,60,60
10069,127078,0,500,10070,0,0,60,60
10070,127088,0,500,0,0,0,60,60
10071,127080,0,500,10072,0,0,60,60
10072,127090,0,500,0,0,0,60,60
10073,127082,0,500,0,0,0,60,60
10074,127270,0,2000,0,0,0,60,60
10075,127211,0,0,0,0,0,60,60
10076,127212,0,0,0,0,0,60,60
10077,127236,0,0,0,0,0,60,60
10078,127238,0,0,0,0,0,60,60
10079,127240,0,0,0,0,0,60,60
10080,127241,0,0,0,0,0,60,60
10081,127242,0,0,0,0,0,60,60
10082,127243,0,0,0,0,0,60,60
10083,127247,0,0,0,9926,0,60,60
10084,127248,0,0,0,9926,0,60,60
10085,127249,0,0,0,9926,0,60,60
10086,127250,0,0,0,9926,0,60,60
10087,127251,0,0,0,9926,0,60,60
10088,127252,0,0,0,9926,0,60,60
10089,127253,0,0,0,0,0,60,60
10090,127254,0,0,0,0,0,60,60
10091,127255,0,0,0,0,0,60,60
10092,127256,0,0,0,0,0,60,60
10093,127257,0,0,0,0,0,60,60
10094,127258,0,0,0,0,0,60,60
10095,127325,0,1000,0,0,0,60,60
10096,127280,0,500,0,9926,0,60,60
10097,127279,0,1000,0,9926,0,60,60
10098,127281,0,500,0,9926,0,60,60
10099,127282,0,2000,10100,0,0,60,60
10100,127283,0,2000,0,0,0,60,60
10101,127290,0,3000,9796,0,0,60,60
10102,127306,0,1000,0,0,0,60,60
10103,127311,0,1000,10579,0,1,60,60
10104,127313,0,1000,0,0,1,60,60
10105,127316,0,1000,10106,0,0,60,60
10106,127317,0,1000,10107,0,0,60,60
10107,127318,0,1000,10588,0,0,60,60
10108,127319,0,500,0,9926,0,60,60
10109,127320,0,500,0,9926,0,60,60
10110,127321,0,1000,0,0,0,60,60
10111,127322,0,500,0,9926,0,60,60
10112,127324,0,500,0,9926,0,60,60
10113,127278,0,1000,0,9926,0,60,60
10114,127590,0,1000,0,0,0,60,60
10115,127328,0,1000,0,0,0,60,60
10116,127329,0,1000,0,0,0,60,60
10117,127330,0,1000,0,0,0,60,60
10118,127331,0,1000,0,0,0,60,60
10119,127332,0,1000,0,0,0,60,60
10120,127333,0,1000,0,0,0,60,60
10121,127338,0,3000,0,0,0,60,60
10122,127339,0,5000,10121,0,0,60,60
10130,0,0,6000,10099,0,0,60,60
10131,127357,0,1000,0,0,0,60,60
10132,127358,0,500,10498,0,0,60,60
10133,127359,0,1000,0,0,0,60,60
10134,129000,0,1000,10135,0,0,60,60
10135,129001,0,2000,10136,0,0,60,60
10136,129002,0,1000,10137,0,0,60,60
10137,129003,0,1000,0,0,0,60,60
10138,127393,0,1000,10148,0,0,60,60
10139,127394,0,1000,0,0,0,60,60
10140,127395,0,1000,0,0,0,60,60
10141,127396,0,1000,0,0,0,60,60
10142,127397,0,1000,0,0,0,60,60
10143,127399,0,0,10144,0,0,60,60
10144,127400,0,0,10963,0,0,60,60
10145,127401,0,0,10146,0,0,60,60
10146,127402,0,0,10964,0,0,60,60
10147,127403,0,0,0,0,0,60,60
10148,125976,0,1000,0,0,0,60,60
10149,127666,0,1000,0,0,0,60,60
10150,127539,0,1000,10151,0,0,60,60
10151,129022,0,1000,10777,0,0,60,60
10152,127566,0,1000,0,0,0,60,60
10153,127567,0,1000,0,0,0,60,60
10154,152184,0,1000,0,0,0,60,60
10155,127578,0,500,0,0,0,60,60
10157,152185,0,1000,0,0,0,60,60
10158,152182,0,1000,0,0,0,60,60
10159,127582,0,1000,10160,0,0,60,60
10160,127585,0,1000,0,0,0,60,60
10161,127587,0,500,10499,0,0,60,60
10162,127588,0,500,0,9926,0,60,60
10163,127589,0,500,0,9926,0,60,60
10164,127708,0,1000,0,0,0,60,60
10165,127714,0,500,10501,0,0,60,60
10166,127825,0,2000,10500,0,0,60,60
10167,127826,0,2000,0,0,0,60,60
10168,127827,0,2000,10502,0,0,60,60
10169,127830,0,1000,0,0,0,60,60
10170,127870,0,1000,0,0,0,60,60
10172,127894,0,1000,0,0,0,60,60
10173,127897,0,2000,0,0,0,60,60
10174,127898,0,2000,10202,0,0,60,60
10175,127899,0,2000,0,0,0,60,60
10176,127900,0,2000,0,0,0,60,60
10177,127901,0,2000,10504,0,0,60,60
10178,127902,0,500,0,9926,0,60,60
10179,127903,0,500,0,9926,0,60,60
10180,127904,0,1000,0,0,0,60,60
10182,126814,0,1000,10183,0,0,60,60
10183,127921,0,1000,0,0,0,60,60
10184,127997,0,1000,0,0,0,60,60
10185,127998,0,500,10503,0,0,60,60
10192,127980,0,1000,10002,0,0,60,60
10193,128002,0,-2500,10194,0,0,60,60
10194,128003,0,-500,10195,0,0,60,60
10195,128004,0,-1500,10196,0,0,60,60
10196,128005,0,0,10197,0,0,60,60
10197,128006,0,-500,10198,0,0,60,60
10198,128007,0,0,10199,0,0,60,60
10199,128008,0,0,0,0,0,60,60
10200,128009,0,1000,10201,0,0,60,60
10201,128010,0,1000,0,0,0,60,60
10202,128027,0,3000,10175,0,0,60,60
10203,128028,0,1000,0,0,0,60,60
10204,127625,0,500,10205,0,0,60,60
10205,127626,0,500,10206,0,0,60,60
10206,127627,0,500,0,0,0,60,60
10207,127634,0,500,10208,0,0,60,60
10208,127635,0,500,0,0,0,60,60
10209,126862,0,0,10210,0,0,60,60
10210,128053,0,0,10211,0,0,60,60
10211,126863,0,0,10212,0,0,60,60
10212,126864,0,0,0,0,0,60,60
10213,128629,0,1000,10218,0,0,60,60
10217,126869,0,1000,10213,0,0,60,60
10218,128066,0,1000,10227,0,0,60,60
10219,128068,0,0,10220,0,0,60,60
10220,128070,0,0,10230,0,0,60,60
10221,128071,0,0,10222,0,0,60,60
10222,128072,0,1000,0,0,0,60,60
10223,128080,0,1000,10224,0,0,60,60
10224,128081,0,1000,10225,0,0,60,60
10225,128082,0,1000,0,0,0,60,60
10227,128133,0,0,10219,0,0,60,60
10228,128134,0,3000,10229,0,0,60,60
10229,128135,0,2000,0,0,0,60,60
10230,128136,0,0,0,0,0,60,60
10231,128140,0,1000,0,0,0,60,60
10232,128141,0,500,10505,0,0,60,60
10233,128138,0,2000,0,0,0,60,60
10234,128139,0,2000,10492,0,0,60,60
10235,128701,0,2000,10370,0,0,60,60
10236,128705,0,2000,10493,0,0,60,60
10237,124628,0,500,10509,0,0,60,60
10238,128145,0,1000,0,0,0,60,60
10240,128148,0,1000,0,0,0,60,60
10241,127270,0,1000,0,0,0,60,60
10242,128155,0,1000,0,0,0,60,60
10243,111774,0,1000,0,0,0,60,60
10244,129504,0,1000,0,0,0,60,60
10245,130963,0,1000,0,0,0,60,60
10246,128163,0,1000,10247,0,0,60,60
10247,128164,0,1000,10248,0,0,60,60
10248,128165,0,1000,0,0,0,60,60
10249,126784,0,1000,10250,0,1,60,60
10250,127158,0,1000,0,0,1,60,60
10253,128196,0,1000,0,0,0,60,60
10254,125831,0,1000,9635,0,0,60,60
10255,128199,0,1000,0,0,0,60,60
10256,128200,0,500,0,9926,0,60,60
10257,128201,0,500,0,9926,0,60,60
10258,128204,0,1000,0,0,0,60,60
10259,128205,0,1000,0,0,0,60,60
10260,127608,0,1000,0,9926,0,60,60
10261,127609,0,1000,0,9926,0,60,60
10262,127610,0,1000,0,9926,0,60,60
10263,127611,0,1000,0,9926,0,60,60
10264,127612,0,1000,0,9926,0,60,60
10265,127613,0,1000,0,9926,0,60,60
10266,127614,0,1000,0,9926,0,60,60
10267,127615,0,1000,0,9926,0,60,60
10268,127616,0,1000,10410,9926,0,60,60
10269,127617,0,1000,10395,9926,0,60,60
10270,127618,0,1000,10396,9926,0,60,60
10271,127619,0,1000,10397,9926,0,60,60
10272,127620,0,1000,10398,9926,0,60,60
10273,127621,0,1000,10399,9926,0,60,60
10274,128209,0,0,10275,0,0,60,60
10275,128210,0,0,10276,0,0,60,60
10276,128211,0,0,0,0,0,60,60
10277,127622,0,1000,10400,9926,0,60,60
10278,127623,0,1000,10401,9926,0,60,60
10279,127592,0,1000,0,0,0,60,60
10280,127593,0,1000,0,0,0,60,60
10281,127594,0,1000,0,0,0,60,60
10282,127595,0,1000,0,0,0,60,60
10283,127596,0,1000,0,0,0,60,60
10284,127597,0,1000,0,0,0,60,60
10285,127598,0,1000,0,0,0,60,60
10286,127599,0,1000,0,0,0,60,60
10287,127600,0,1000,10402,0,0,60,60
10288,127601,0,1000,10403,0,0,60,60
10289,127602,0,1000,10404,0,0,60,60
10290,127603,0,1000,10405,0,0,60,60
10291,127604,0,1000,10406,0,0,60,60
10292,127605,0,1000,10407,0,0,60,60
10293,127606,0,1000,10408,0,0,60,60
10294,127607,0,1000,10409,0,0,60,60
10295,126964,0,500,0,0,0,60,60
10296,126965,0,500,0,0,0,60,60
10297,128256,0,1000,0,0,0,60,60
10298,128272,0,1000,0,0,0,60,60
10299,128273,0,1000,0,0,0,60,60
10300,128336,0,1000,0,0,0,60,60
10301,128365,0,1000,10495,0,0,60,60
10302,128344,0,5000,0,0,0,60,60
10303,128345,0,500,0,0,0,60,60
10304,128346,0,500,0,0,0,60,60
10305,128347,0,500,0,0,0,60,60
10306,128348,0,500,0,0,0,60,60
10307,128349,0,500,0,0,0,60,60
10308,128350,0,500,0,0,0,60,60
10309,128351,0,500,0,0,0,60,60
10310,128352,0,500,0,0,0,60,60
10311,128354,0,500,0,0,0,60,60
10312,128354,0,5000,0,0,0,60,60
10313,128357,0,500,0,0,0,60,60
10319,128366,0,3000,10320,0,0,60,60
10320,128367,0,3000,10321,0,0,60,60
10321,128368,0,3000,0,0,0,60,60
10322,128373,0,500,10323,0,0,60,60
10323,128374,0,0,0,0,0,60,60
10325,128358,0,500,11032,0,0,60,60
10326,128360,0,500,0,0,0,60,60
10327,128383,0,1000,10328,0,0,60,60
10328,128384,0,1000,10329,0,0,60,60
10329,128385,0,1000,0,0,0,60,60
10331,128386,0,1000,10332,0,0,60,60
10332,128387,0,1000,10513,0,0,60,60
10333,128414,0,500,10334,0,0,60,60
10334,128415,0,500,10335,0,0,60,60
10335,128416,0,0,0,0,0,60,60
10336,128421,0,0,0,0,0,60,60
10337,125482,0,1000,0,0,0,60,60
10338,128440,0,2000,0,0,0,60,60
10342,0,0,1000,10343,0,0,60,60
10343,126075,0,1000,0,0,1,60,60
10344,128551,0,2000,10345,0,0,60,60
10345,128552,0,2000,10346,0,0,60,60
10346,128553,0,2000,0,0,0,60,60
10347,128554,0,1000,10348,0,0,60,60
10348,128555,0,2000,10349,0,0,60,60
10349,128556,0,1000,0,0,0,60,60
10350,128557,0,1000,10351,0,0,60,60
10351,128558,0,1000,10352,0,0,60,60
10352,128559,0,1000,0,0,0,60,60
10353,128621,0,1000,0,0,0,60,60
10354,128622,0,1000,0,0,0,60,60
10355,128624,0,1000,0,0,0,60,60
10356,128626,0,1000,0,0,0,60,60
10357,128623,0,1000,0,0,0,60,60
10358,128642,0,1000,0,0,0,60,60
10359,128647,0,1000,0,0,0,60,60
10360,128649,0,1000,0,0,0,60,60
10361,128648,0,1000,0,0,0,60,60
10362,128625,0,0,0,0,0,60,60
10363,128628,0,0,0,0,0,60,60
10364,128670,0,4000,10365,0,0,60,60
10365,128676,0,3000,10366,0,0,60,60
10366,128681,0,3000,10367,0,0,60,60
10367,128684,0,4000,10369,0,0,60,60
10368,128697,0,500,0,0,1,60,60
10369,128700,0,1000,0,0,0,60,60
10370,128702,0,2000,0,0,0,60,60
10371,128703,0,2000,10372,0,0,60,60
10372,128704,0,1000,0,0,0,60,60
10373,128706,0,500,0,0,0,60,60
10374,128707,0,2000,0,0,0,60,60
10375,128708,0,2000,10508,0,0,60,60
10376,128634,0,1000,11042,0,0,60,60
10377,128709,0,500,0,0,0,60,60
10378,128641,0,2000,10379,0,0,60,60
10379,125890,0,2500,10380,0,0,60,60
10380,128644,0,1000,0,0,0,60,60
10381,128728,0,2000,0,9090,0,60,60
10382,128725,0,2000,0,0,0,60,60
10383,128727,0,2000,10511,0,0,60,60
10385,128638,0,1000,10386,0,0,60,60
10386,128639,0,1000,0,0,0,60,60
10394,0,0,0,10432,0,0,60,60
10395,0,0,0,10411,0,0,60,60
10396,0,0,0,10412,0,0,60,60
10397,0,0,0,10413,0,0,60,60
10398,0,0,0,10414,0,0,60,60
10399,0,0,0,10415,0,0,60,60
10400,0,0,0,10416,0,0,60,60
10401,0,0,0,10417,0,0,60,60
10402,0,0,0,10418,0,0,60,60
10403,0,0,0,10419,0,0,60,60
10404,0,0,0,10420,0,0,60,60
10405,0,0,0,10421,0,0,60,60
10406,0,0,0,10422,0,0,60,60
10407,0,0,0,10423,0,0,60,60
10408,0,0,0,10424,0,0,60,60
10409,0,0,0,10425,0,0,60,60
10410,0,0,0,10394,0,0,60,60
10411,0,0,0,10433,0,0,60,60
10412,0,0,0,10434,0,0,60,60
10413,0,0,0,10435,0,0,60,60
10414,0,0,0,10436,0,0,60,60
10415,0,0,0,10437,0,0,60,60
10416,0,0,0,10438,0,0,60,60
10417,0,0,0,10439,0,0,60,60
10418,0,0,0,10440,0,0,60,60
10419,0,0,0,10441,0,0,60,60
10420,0,0,0,10442,0,0,60,60
10421,0,0,0,10443,0,0,60,60
10422,0,0,0,10444,0,0,60,60
10423,0,0,0,10445,0,0,60,60
10424,0,0,0,10446,0,0,60,60
10425,0,0,0,10447,0,0,60,60
10432,0,0,0,10454,0,0,60,60
10433,0,0,0,10455,0,0,60,60
10434,0,0,0,10456,0,0,60,60
10435,0,0,0,10457,0,0,60,60
10436,0,0,0,10458,0,0,60,60
10437,0,0,0,10459,0,0,60,60
10438,0,0,0,10460,0,0,60,60
10439,0,0,0,10461,0,0,60,60
10440,0,0,0,10462,0,0,60,60
10441,0,0,0,10463,0,0,60,60
10442,0,0,0,10464,0,0,60,60
10443,0,0,0,10465,0,0,60,60
10444,0,0,0,10466,0,0,60,60
10445,0,0,0,10467,0,0,60,60
10446,0,0,0,10468,0,0,60,60
10447,0,0,0,10469,0,0,60,60
10454,0,0,0,0,0,0,60,60
10455,0,0,0,0,0,0,60,60
10456,0,0,0,0,0,0,60,60
10457,0,0,0,0,0,0,60,60
10458,0,0,0,0,0,0,60,60
10459,0,0,0,0,0,0,60,60
10460,0,0,0,0,0,0,60,60
10461,0,0,0,0,0,0,60,60
10462,0,0,0,0,0,0,60,60
10463,0,0,0,0,0,0,60,60
10464,0,0,0,0,0,0,60,60
10465,0,0,0,0,0,0,60,60
10466,0,0,0,0,0,0,60,60
10467,0,0,0,0,0,0,60,60
10468,0,0,0,0,0,0,60,60
10469,0,0,0,0,0,0,60,60
10476,128645,0,2000,10477,0,0,60,60
10477,128646,0,0,0,0,0,60,60
10478,127656,0,0,0,0,1,60,60
10480,128640,0,1000,0,0,0,60,60
10481,127658,0,0,0,0,1,60,60
10482,127659,0,0,0,0,1,60,60
10483,127660,0,0,0,0,1,60,60
10484,127661,0,0,0,0,1,60,60
10485,127662,0,0,0,0,1,60,60
10486,128751,0,0,0,0,1,60,60
10487,127665,0,0,0,0,1,60,60
10488,0,0,0,0,0,0,60,60
10489,0,0,0,0,0,0,60,60
10490,0,0,0,0,0,0,60,60
10491,0,0,0,0,0,0,60,60
10492,0,0,0,0,0,0,60,60
10493,0,0,0,0,0,0,60,60
10494,0,0,0,0,0,0,60,60
10495,0,0,0,0,0,0,60,60
10496,0,0,0,0,0,0,60,60
10497,0,0,0,0,0,0,60,60
10498,0,0,0,0,0,0,60,60
10499,0,0,0,0,0,0,60,60
10500,0,0,0,0,0,0,60,60
10501,0,0,0,0,0,0,60,60
10502,0,0,0,0,0,0,60,60
10503,0,0,0,0,0,0,60,60
10504,0,0,0,0,0,0,60,60
10505,0,0,0,0,0,0,60,60
10506,0,0,0,0,0,0,60,60
10507,0,0,0,0,0,0,60,60
10508,0,0,0,0,0,0,60,60
10509,0,0,0,0,0,0,60,60
10510,0,0,0,0,0,0,60,60
10511,0,0,0,0,0,0,60,60
10512,128395,0,1000,0,0,0,60,60
10513,125829,0,1000,0,0,0,60,60
10514,127669,0,0,0,0,1,60,60
10515,128735,0,1000,10516,0,0,60,60
10516,128736,0,1000,10517,0,0,60,60
10517,128737,0,1000,0,0,0,60,60
10518,128738,0,0,0,0,0,60,60
10519,128739,0,0,10520,0,0,60,60
10520,128740,0,0,0,0,0,60,60
10521,128746,0,0,0,0,0,60,60
10522,128747,0,1000,10523,0,0,60,60
10523,128748,0,1000,0,0,0,60,60
10525,128397,0,7000,10544,0,0,60,60
10526,128757,0,0,10527,0,0,60,60
10527,128760,0,0,10528,0,0,60,60
10528,129044,0,0,10529,0,0,60,60
10529,128767,0,0,0,0,0,60,60
10530,128779,0,0,10531,0,0,60,60
10531,128782,0,0,10532,0,0,60,60
10532,128783,0,0,10533,0,0,60,60
10533,128784,0,0,10599,0,0,60,60
10534,128797,0,1000,10535,0,0,60,60
10535,128799,0,1000,10575,0,0,60,60
10536,128927,0,1000,10600,0,0,60,60
10537,128801,0,1000,10538,0,0,60,60
10538,128802,0,1000,10539,0,0,60,60
10539,128803,0,1000,10540,0,0,60,60
10540,128807,0,1000,10541,0,0,60,60
10541,128809,0,1000,0,0,0,60,60
10542,128819,0,1000,10543,0,0,60,60
10543,128822,0,0,0,0,0,60,60
10544,128398,0,12000,10545,0,0,60,60
10545,128399,0,4000,10546,0,0,60,60
10546,128400,0,4000,10547,0,0,60,60
10547,128401,0,0,0,0,0,60,60
10550,128664,0,2000,10870,0,0,60,60
10552,128667,0,2000,10753,0,0,60,60
10554,128891,0,500,0,0,0,60,60
10555,128892,0,500,0,0,0,60,60
10561,128903,0,2000,10562,0,0,60,60
10562,128904,0,2000,10563,0,0,60,60
10563,128905,0,2000,10564,0,0,60,60
10564,128906,0,5000,10565,0,0,60,60
10565,128907,0,1000,10568,0,0,60,60
10568,128910,0,2000,10569,0,0,60,60
10569,128911,0,3000,10570,0,0,60,60
10570,128912,0,2000,0,0,0,60,60
10571,128913,0,500,0,0,0,60,60
10572,128914,0,500,0,0,0,60,60
10573,128915,0,1000,0,0,0,60,60
10574,0,0,2000,10573,0,0,60,60
10575,128800,0,1000,10536,0,0,60,60
10576,128928,0,1000,0,0,0,60,60
10579,128942,0,1000,0,0,0,60,60
10588,128974,0,1000,0,0,0,60,60
10589,128949,0,500,10590,0,0,60,60
10590,128950,0,500,10591,0,0,60,60
10591,128951,0,500,10592,0,0,60,60
10592,128952,0,500,0,0,0,60,60
10597,0,0,0,10598,0,0,60,60
10598,0,0,0,10530,0,0,60,60
10599,0,0,0,0,0,0,60,60
10600,0,0,0,0,0,0,60,60
10601,128711,0,1000,0,0,0,60,60
10602,128712,0,1000,0,0,0,60,60
10603,128713,0,1000,10604,0,0,60,60
10604,128714,0,0,0,0,0,60,60
10608,129053,0,3000,0,0,0,60,60
10609,129055,0,1000,10610,0,0,60,60
10610,129056,0,1000,0,0,0,60,60
10612,129059,0,1000,10613,0,0,60,60
10613,129060,0,1000,10614,0,0,60,60
10614,129061,0,1000,0,0,0,60,60
10615,128718,0,1000,10617,0,0,60,60
10617,129062,0,0,0,0,0,60,60
10619,129099,0,1000,0,0,0,60,60
10620,128710,0,0,0,0,0,60,60
10621,129113,0,8000,0,0,0,60,60
10622,129117,0,1000,0,0,0,60,60
10623,129118,0,1000,0,0,0,60,60
10628,129578,0,1000,10745,0,0,60,60
10629,128403,0,6000,0,0,0,60,60
10630,128055,0,500,0,0,0,60,60
10631,128995,0,1000,10725,0,0,60,60
10632,128056,0,500,0,0,0,60,60
10633,128057,0,500,0,0,0,60,60
10634,132380,0,1000,11652,0,0,60,60
10636,128058,0,500,0,0,0,60,60
10637,128059,0,500,0,0,0,60,60
10638,128060,0,500,0,0,0,60,60
10639,128061,0,500,0,0,0,60,60
10640,128062,0,500,0,0,0,60,60
10641,128063,0,500,0,0,0,60,60
10648,129139,0,1000,10649,0,0,60,60
10649,129140,0,1000,0,0,0,60,60
10650,129163,0,1000,10651,0,0,60,60
10651,129164,0,1000,0,0,0,60,60
10652,129168,0,1000,10653,0,0,60,60
10653,129169,0,1000,10654,0,0,60,60
10654,129170,0,2000,10655,0,0,60,60
10655,129171,0,2500,0,0,0,60,60
10656,129180,0,1000,10657,0,0,60,60
10657,129181,0,1000,10658,0,0,60,60
10658,129182,0,2500,0,0,0,60,60
10659,129183,0,1000,10660,0,0,60,60
10660,129184,0,1000,0,0,0,60,60
10661,129185,0,1000,10662,0,0,60,60
10662,129186,0,0,10663,0,0,60,60
10663,129187,0,4000,10664,0,0,60,60
10664,129188,0,1500,0,0,0,60,60
10665,129189,0,1000,10666,0,0,60,60
10666,129190,0,1000,10667,0,0,60,60
10667,129191,0,200,10668,0,0,60,60
10668,129192,0,2000,10669,0,0,60,60
10669,129193,0,1500,0,0,0,60,60
10670,128404,0,2000,10671,0,0,60,60
10671,128405,0,8000,10673,0,0,60,60
10673,128407,0,3000,0,0,0,60,60
10674,125894,0,1000,10675,0,0,60,60
10675,125896,0,1000,0,0,0,60,60
10676,129239,0,500,0,0,0,60,60
10677,129240,0,500,0,0,0,60,60
10678,129283,0,500,0,0,0,60,60
10679,129286,0,500,0,0,0,60,60
10680,129292,0,1000,0,0,0,60,60
10681,129293,0,1000,0,0,0,60,60
10682,129291,0,500,0,0,0,60,60
10683,129308,0,500,0,0,0,60,60
10684,129312,0,500,0,0,0,60,60
10685,129314,0,500,0,0,0,60,60
10686,128887,0,500,0,0,0,60,60
10687,128888,0,500,0,0,0,60,60
10688,129298,0,1000,0,0,0,60,60
10689,129299,0,1000,0,0,0,60,60
10690,129323,0,1000,0,0,0,60,60
10691,129324,0,1000,0,0,0,60,60
10692,129328,0,1000,0,0,0,60,60
10693,129329,0,1000,0,0,0,60,60
10694,129332,0,1000,0,0,0,60,60
10695,129334,0,1000,0,0,0,60,60
10696,129325,0,500,0,0,0,60,60
10697,129327,0,500,0,0,0,60,60
10698,129333,0,500,0,0,0,60,60
10699,129339,0,1000,0,0,0,60,60
10700,129341,0,1000,0,0,0,60,60
10701,129344,0,500,0,0,0,60,60
10702,129345,0,500,0,0,0,60,60
10703,129358,0,500,0,0,0,60,60
10704,129359,0,500,0,0,0,60,60
10705,129360,0,500,0,0,0,60,60
10706,129361,0,500,0,0,0,60,60
10707,0,0,2000,0,0,0,60,60
10708,128953,0,500,0,0,0,60,60
10709,128954,0,500,10710,0,0,60,60
10710,128955,0,500,0,0,0,60,60
10713,128958,0,500,0,0,0,60,60
10716,128958,0,500,0,0,0,60,60
10718,128963,0,500,10719,0,0,60,60
10719,128964,0,500,0,0,0,60,60
10720,128965,0,500,0,0,0,60,60
10721,128966,0,500,0,0,0,60,60
10722,128967,0,500,0,0,0,60,60
10723,128968,0,500,0,0,0,60,60
10725,128997,0,1000,0,0,0,60,60
10727,129250,0,1000,0,0,0,60,60
10728,129248,554,1000,10729,0,1,60,60
10729,129249,81629,1000,0,0,1,60,60
10730,129266,0,1000,10731,0,0,60,60
10731,129267,0,1000,0,0,0,60,60
10732,129268,0,1000,0,0,0,60,60
10733,129272,0,3000,0,0,0,60,60
10734,129276,0,1000,0,0,0,60,60
10735,129277,0,1000,0,0,0,60,60
10736,129284,0,1000,0,0,0,60,60
10737,129288,0,500,10738,0,0,60,60
10738,129289,0,500,10739,0,0,60,60
10739,129290,0,500,10740,0,0,60,60
10740,129295,0,500,10741,0,0,60,60
10741,129297,0,1000,0,0,0,60,60
10742,129537,0,1000,0,0,1,60,60
10743,129572,0,1000,10744,0,0,60,60
10744,129573,0,1000,0,0,0,60,60
10745,129579,0,1000,0,0,0,60,60
10746,129594,0,1000,0,0,1,60,60
10747,129655,0,1000,0,0,0,60,60
10748,129660,0,4000,0,0,0,60,60
10751,129664,0,1000,10752,0,0,60,60
10752,129666,0,1000,0,0,0,60,60
10753,128668,0,0,0,0,0,60,60
10754,128665,0,2000,10885,0,0,60,60
10755,128666,0,0,0,0,0,60,60
10756,128669,0,0,0,0,0,60,60
10757,128671,0,0,0,0,0,60,60
10758,129658,0,0,0,0,0,60,60
10759,129659,0,0,0,0,0,60,60
10760,128673,0,1000,10761,0,0,60,60
10761,128677,0,1000,10762,0,0,60,60
10762,128679,0,1000,10763,0,0,60,60
10763,128682,0,1000,10764,0,0,60,60
10764,128685,0,2000,10765,0,0,60,60
10765,128675,0,1000,10766,0,0,60,60
10766,129668,0,0,0,0,0,60,60
10767,128956,0,500,0,0,0,60,60
10768,129004,0,1000,0,0,0,60,60
10769,129005,0,1000,10770,0,0,60,60
10770,129006,0,1000,0,0,0,60,60
10771,129025,0,1000,0,593,0,60,60
10774,129011,0,1000,0,0,0,60,60
10775,129020,0,1000,10776,0,0,60,60
10776,129028,0,1000,0,0,0,60,60
10777,129029,0,1000,0,0,0,60,60
10778,93672,0,1000,10779,0,0,60,60
10779,93673,0,0,0,0,0,60,60
10780,129695,0,1000,0,0,0,60,60
10781,129696,0,1000,0,0,0,60,60
10782,46338,0,1000,0,0,0,60,60
10783,128957,0,500,0,0,0,60,60
10784,129699,0,500,0,0,0,60,60
10785,130114,0,500,0,0,0,60,60
10786,129714,0,500,0,0,0,60,60
10787,129715,0,500,0,0,0,60,60
10794,129815,0,1000,0,0,0,60,60
10795,129816,0,1000,0,0,0,60,60
10796,129832,0,1000,0,0,0,60,60
10797,128471,0,1000,10798,0,0,60,60
10798,128472,0,0,0,0,0,60,60
10799,128473,0,1000,10800,0,0,60,60
10800,128474,0,0,10801,0,0,60,60
10801,128479,0,0,0,0,0,60,60
10802,128475,0,1000,10803,0,0,60,60
10803,128477,0,0,10804,0,0,60,60
10804,128478,0,0,0,0,0,60,60
10805,129853,0,1000,10806,0,0,60,60
10806,129854,0,2000,10807,0,0,60,60
10807,129855,0,2000,10808,0,0,60,60
10808,129856,0,2000,10809,0,0,60,60
10809,129857,0,2000,10810,0,0,60,60
10810,129858,0,1000,0,0,0,60,60
10811,129834,0,500,0,0,0,60,60
10812,129835,0,500,0,0,0,60,60
10813,129836,0,500,0,0,0,60,60
10814,128481,0,1000,10815,0,0,60,60
10815,128482,0,1000,10816,0,0,60,60
10816,128483,0,1000,10817,0,0,60,60
10817,128484,0,1000,0,0,0,60,60
10821,129837,0,500,0,0,0,60,60
10822,129838,0,500,0,0,0,60,60
10823,129839,0,500,0,0,0,60,60
10824,129840,0,500,0,0,0,60,60
10825,129841,0,500,0,0,0,60,60
10826,129842,0,500,0,0,0,60,60
10827,129843,0,500,0,0,0,60,60
10828,129888,0,1000,0,0,0,60,60
10829,129890,0,1000,0,0,0,60,60
10830,129895,0,1000,0,0,0,60,60
10831,129326,0,1000,10833,0,0,60,60
10832,128411,0,1000,0,0,0,60,60
10833,127930,0,1000,10834,0,1,60,60
10834,127929,0,1000,10835,0,1,60,60
10835,127931,0,1000,0,0,1,60,60
10836,129036,0,1000,0,0,1,60,60
10837,129908,0,1000,0,0,1,60,60
10838,129913,0,1000,0,9926,0,60,60
10839,129914,0,1000,0,9926,0,60,60
10840,129915,0,1000,0,0,0,60,60
10841,129916,0,1000,0,0,0,60,60
10842,125668,0,1000,10843,0,0,60,60
10843,125669,0,1000,0,0,0,60,60
10844,128461,0,1000,10845,0,0,60,60
10845,128462,0,1000,10846,0,0,60,60
10846,128463,0,0,0,0,0,60,60
10847,129929,0,4000,10848,0,0,60,60
10848,129930,0,4000,11110,0,0,60,60
10849,130546,0,1000,0,0,0,60,60
10851,127933,0,1000,0,0,0,60,60
10852,129933,0,500,0,0,0,60,60
10853,129934,0,500,0,0,0,60,60
10854,94597,0,1000,0,0,1,60,60
10855,95059,0,1000,0,0,1,60,60
10856,131071,0,1000,0,0,1,60,60
10857,131068,0,1000,10864,0,0,60,60
10858,131070,0,1000,0,0,1,60,60
10859,131069,0,1000,10860,0,1,60,60
10860,129021,0,1000,10861,0,0,60,60
10861,127539,0,1000,10862,9926,0,60,60
10862,129022,0,1000,10863,0,0,60,60
10863,129029,0,1000,10858,0,0,60,60
10864,129030,0,1000,11317,0,0,60,60
10865,129012,0,2000,10866,0,0,60,60
10866,129034,0,1000,10867,0,0,60,60
10867,129031,0,1000,10868,0,0,60,60
10868,129018,0,1000,11316,9926,0,60,60
10869,129024,0,1000,0,0,0,60,60
10870,128654,0,2000,10871,0,0,60,60
10871,128655,0,2000,0,0,0,60,60
10872,129895,0,1000,0,0,0,60,60
10873,129036,0,1000,0,0,0,60,60
10874,129013,0,1000,0,0,0,60,60
10875,129908,0,1000,10876,0,0,60,60
10876,129037,0,1000,0,0,0,60,60
10877,129014,0,2500,10878,0,0,60,60
10878,129019,0,1000,0,0,0,60,60
10882,129032,0,1000,10883,0,0,60,60
10883,129023,0,1000,10884,0,0,60,60
10884,129016,0,1000,0,0,0,60,60
10885,128656,0,0,0,0,0,60,60
10892,129010,0,1000,0,0,0,60,60
10893,129010,0,5000,0,0,0,60,60
10894,129543,0,500,10895,0,1,60,60
10895,129885,0,500,10896,0,1,60,60
10896,129886,0,0,0,0,1,60,60
10897,129971,0,1000,10898,0,0,60,60
10898,129972,0,1000,0,0,0,60,60
10899,129973,0,1000,10900,0,0,60,60
10900,129974,0,1000,10901,0,0,60,60
10901,129975,0,1000,0,0,0,60,60
10902,129976,0,1000,10903,0,0,60,60
10903,129977,0,1000,0,0,0,60,60
10904,129978,0,1000,12360,0,0,60,60
10905,129979,0,1000,10906,0,0,60,60
10906,129980,0,1000,11416,0,0,60,60
10907,130814,0,1000,10934,0,0,60,60
10908,128485,0,5000,0,0,0,60,60
10909,128480,0,5000,0,0,0,60,60
10910,128486,0,5000,0,0,0,60,60
10911,128489,0,5000,0,0,0,60,60
10912,128493,0,5000,0,0,0,60,60
10914,129337,0,1000,10915,0,0,60,60
10915,129338,0,1000,10916,0,0,60,60
10916,129340,0,1000,0,0,0,60,60
10917,127936,0,1000,10918,0,0,60,60
10918,127937,0,1000,0,0,0,60,60
10919,129984,0,1000,0,0,1,60,60
10924,129795,0,500,10925,0,0,60,60
10925,0,0,0,0,0,0,60,60
10926,129991,0,0,10927,0,1,60,60
10927,129992,0,0,0,0,1,60,60
10928,129994,0,0,10929,0,1,60,60
10929,129997,0,0,0,0,1,60,60
10931,130002,0,2000,0,0,1,60,60
10932,0,0,3000,10933,0,0,60,60
10933,130014,0,1000,0,0,1,60,60
10934,130815,0,1000,0,0,0,60,60
10935,130001,0,0,11020,0,0,60,60
10939,129310,0,500,0,0,0,60,60
10940,129311,0,500,0,0,0,60,60
10941,130028,0,1000,0,0,0,60,60
10942,130661,0,1000,11154,0,0,60,60
10943,130029,0,1000,11153,0,0,60,60
10944,129318,0,500,0,9926,0,60,60
10945,129319,0,500,0,9926,0,60,60
10946,129320,0,500,0,9926,0,60,60
10947,129321,0,500,0,9926,0,60,60
10948,129315,0,500,0,0,0,60,60
10949,129313,0,500,0,0,0,60,60
10950,129646,0,0,10951,0,1,60,60
10951,129884,0,0,0,0,1,60,60
10952,129303,0,500,0,9926,0,60,60
10953,129301,0,500,0,9926,0,60,60
10954,129305,0,500,0,9926,0,60,60
10955,129304,0,500,0,9926,0,60,60
10956,129317,0,500,0,9926,0,60,60
10957,129316,0,500,0,9926,0,60,60
10958,129309,0,500,0,0,0,60,60
10959,129306,0,500,0,0,0,60,60
10960,130053,0,1000,0,0,0,60,60
10961,130065,0,1000,0,9926,0,60,60
10962,130066,0,1000,0,9926,0,60,60
10963,0,0,2000,10145,0,0,60,60
10964,0,0,3000,10147,0,0,60,60
10965,0,0,2000,10960,0,0,60,60
10966,128960,0,500,10967,0,0,60,60
10967,128961,0,500,0,0,0,60,60
10968,130100,0,1000,10969,0,0,60,60
10969,130101,0,1000,10970,0,0,60,60
10970,130102,0,1000,0,0,0,60,60
10971,129734,0,1000,0,0,1,60,60
10972,128963,0,500,10973,0,0,60,60
10973,128964,0,500,0,0,0,60,60
10974,128965,0,500,0,0,0,60,60
10975,128966,0,500,0,0,0,60,60
10976,130107,0,5000,10977,0,0,60,60
10977,130108,0,6000,10980,0,0,60,60
10978,129248,0,1000,10979,0,1,60,60
10979,129249,0,1000,10971,0,1,60,60
10980,130109,0,1000,0,0,0,60,60
10981,128729,0,0,0,0,0,60,60
10982,128730,0,0,0,0,0,60,60
10983,130116,0,0,0,0,1,60,60
10985,129251,0,1000,10986,0,0,60,60
10986,129255,0,1000,10987,0,0,60,60
10987,129256,0,1000,10988,0,0,60,60
10988,129261,0,1000,10989,0,0,60,60
10989,129263,0,1000,10990,0,0,60,60
10990,129264,0,1000,0,0,0,60,60
10992,130133,0,1000,0,0,0,60,60
10993,130136,0,1000,10995,0,0,60,60
10995,130137,0,1000,10996,0,0,60,60
10996,130138,0,5000,0,0,0,60,60
11004,129567,0,1000,11005,0,0,60,60
11005,129568,0,1000,11006,0,0,60,60
11006,129569,0,1000,11008,0,0,60,60
11008,129576,0,1000,11009,0,0,60,60
11009,129577,0,1000,11010,0,0,60,60
11010,130018,0,1000,11011,0,0,60,60
11011,130019,0,1000,11012,0,0,60,60
11012,130020,0,1000,11013,0,0,60,60
11013,130021,0,1000,11014,0,0,60,60
11014,130022,0,1000,11015,0,0,60,60
11015,130023,0,1000,0,0,0,60,60
11020,130027,0,3000,0,0,0,60,60
11022,125754,0,1000,11023,0,0,60,60
11023,125755,0,1000,11024,0,0,60,60
11024,125822,0,1000,0,0,0,60,60
11026,130026,0,0,0,0,1,60,60
11027,130248,0,1000,0,0,0,60,60
11028,130249,0,1000,0,0,0,60,60
11029,128353,0,500,10311,0,0,60,60
11030,128355,0,500,11031,0,0,60,60
11031,128356,0,500,10313,0,0,60,60
11032,128359,0,500,10326,0,0,60,60
11033,130205,0,3000,11034,0,0,60,60
11034,130206,0,5000,11035,0,0,60,60
11035,130207,0,3000,11036,0,0,60,60
11036,130203,0,2000,11037,0,0,60,60
11037,130208,0,3000,11038,0,0,60,60
11038,130204,0,4000,11039,0,0,60,60
11039,0,0,3000,11040,0,0,60,60
11040,130210,0,1000,0,0,0,60,60
11041,128635,0,0,0,0,0,60,60
11042,0,0,0,0,0,0,60,60
11043,128037,0,1000,11044,0,1,60,60
11044,128047,11726,1000,11045,0,1,60,60
11045,128038,0,0,0,0,1,60,60
11046,128689,0,3000,11047,0,0,60,60
11047,128690,0,3000,0,0,0,60,60
11052,130357,0,1000,11053,0,0,60,60
11053,130358,0,1000,0,0,0,60,60
11055,129347,0,1000,11056,0,0,60,60
11056,129348,0,1000,11057,0,0,60,60
11057,129349,0,1000,11058,0,0,60,60
11058,129350,0,1000,11059,0,0,60,60
11059,129351,0,1000,11060,0,0,60,60
11060,129353,0,1000,11061,0,0,60,60
11061,129354,0,1000,11062,0,0,60,60
11062,129355,0,1000,0,0,0,60,60
11063,128662,0,0,0,0,0,60,60
11064,128661,0,0,0,0,0,60,60
11077,129721,0,1000,11078,0,0,60,60
11078,129722,0,1000,11080,0,0,60,60
11079,129792,0,1000,0,0,0,60,60
11080,129723,0,1000,11079,0,0,60,60
11081,130414,0,1000,11082,0,0,60,60
11082,130416,0,4000,11083,0,0,60,60
11083,0,0,4000,11084,0,0,60,60
11084,0,0,4000,11085,0,0,60,60
11085,130419,0,4000,11086,0,0,60,60
11086,130420,0,4000,11087,0,0,60,60
11087,130421,0,4000,0,0,0,60,60
11088,130097,0,1000,0,0,0,60,60
11089,130098,0,1000,0,0,0,60,60
11090,130483,0,0,0,0,1,60,60
11091,130118,0,0,0,0,1,60,60
11092,126618,0,1000,0,0,0,60,60
11093,126616,0,1000,0,4509,0,60,60
11097,128237,0,250,11098,9794,0,60,60
11098,128240,0,250,11099,9794,0,60,60
11099,128241,0,250,11100,9794,0,60,60
11100,129546,0,250,0,9794,0,60,60
11102,129721,0,1000,11103,0,0,60,60
11103,129722,0,1000,11104,0,0,60,60
11104,129723,0,3000,11105,0,0,60,60
11105,129720,0,1000,0,0,0,60,60
11106,127938,0,1000,11107,0,1,60,60
11107,127942,0,1000,0,0,1,60,60
11108,126501,0,1000,0,0,1,60,60
11109,127943,0,1000,11108,0,1,60,60
11110,129931,0,1000,10849,0,0,60,60
11111,94572,0,1000,0,0,0,60,60
11112,0,0,9000,9041,0,0,60,60
11115,130579,0,1000,11116,0,0,60,60
11116,130580,0,1000,11117,0,0,60,60
11117,130581,0,1000,11118,0,0,60,60
11118,130582,0,1000,11464,0,0,60,60
11122,129728,0,1000,11123,0,0,60,60
11123,129729,0,1000,0,0,0,60,60
11128,130607,0,1000,11129,0,0,60,60
11129,130608,0,1000,11130,0,0,60,60
11130,130609,0,1000,11131,0,0,60,60
11131,130610,0,1000,11132,0,0,60,60
11132,130611,0,1000,0,0,0,60,60
11133,130614,0,1000,11134,0,0,60,60
11134,130615,0,1000,11135,0,0,60,60
11135,130616,0,1000,11136,0,0,60,60
11136,130617,0,1000,0,0,0,60,60
11137,130618,0,1000,11138,0,0,60,60
11138,130619,0,1000,0,0,0,60,60
11139,130620,0,1000,11140,0,0,60,60
11140,130621,0,1000,0,0,0,60,60
11141,130622,0,1000,11142,0,0,60,60
11142,130623,0,3000,11143,0,0,60,60
11143,130624,0,1000,0,0,0,60,60
11144,130634,0,1000,11145,0,0,60,60
11145,130635,0,1000,11146,0,0,60,60
11146,130636,0,1000,11147,0,0,60,60
11147,130637,0,1000,0,0,0,60,60
11149,128753,0,1000,11150,0,1,60,60
11150,128754,0,1000,11151,0,1,60,60
11151,128755,0,1000,11152,0,1,60,60
11152,128756,0,1000,0,0,1,60,60
11153,130117,0,1000,10942,0,0,60,60
11154,130662,0,1000,0,0,0,60,60
11155,128773,0,1000,11156,0,1,60,60
11156,128774,0,1000,0,0,1,60,60
11157,128791,0,1000,11158,0,1,60,60
11158,128792,0,1000,0,0,1,60,60
11159,129724,0,1000,11160,0,0,60,60
11160,129725,0,1000,11161,0,0,60,60
11161,129726,0,1000,11162,0,0,60,60
11162,129727,0,1000,11165,0,0,60,60
11163,129641,0,0,11164,0,0,60,60
11164,130071,0,0,0,0,0,60,60
11165,129720,0,1000,0,0,0,60,60
11166,130689,0,500,11167,0,0,60,60
11167,130690,0,500,11168,0,0,60,60
11168,130691,0,1000,0,0,0,60,60
11169,128449,0,6000,11170,0,0,60,60
11170,128450,0,1000,0,0,0,60,60
11171,127053,0,500,11172,0,0,60,60
11172,127054,0,500,11173,0,0,60,60
11173,127055,0,500,11174,0,0,60,60
11174,127056,0,500,0,0,0,60,60
11175,130697,0,1000,11176,0,0,60,60
11176,130698,0,1000,0,0,0,60,60
11177,130699,0,1000,11178,0,0,60,60
11178,130700,0,1000,0,0,0,60,60
11179,130701,0,1000,11180,0,0,60,60
11180,130702,0,1000,0,0,0,60,60
11181,129742,0,0,11182,0,1,60,60
11182,129743,0,0,11183,0,1,60,60
11183,129744,0,0,0,0,1,60,60
11184,129760,0,0,0,0,1,60,60
11187,129761,0,0,0,0,1,60,60
11188,129763,0,0,0,0,1,60,60
11190,129745,0,500,0,0,1,60,60
11193,129746,0,0,0,0,1,60,60
11197,129747,0,0,0,0,1,60,60
11198,126376,0,1000,11199,0,0,60,60
11199,125893,0,3000,11200,0,0,60,60
11200,126377,0,1000,11201,0,0,60,60
11201,126378,0,1000,0,0,0,60,60
11202,129748,0,0,0,0,1,60,60
11206,129749,0,500,0,0,1,60,60
11210,129750,0,0,0,0,1,60,60
11212,129751,0,0,0,0,1,60,60
11215,129752,0,0,0,0,1,60,60
11217,129753,0,0,0,0,1,60,60
11219,129754,0,0,0,0,0,60,60
11221,129757,0,2500,11223,0,1,60,60
11222,129759,0,1500,0,0,1,60,60
11223,129758,0,3000,11222,0,1,60,60
11226,130710,0,0,0,0,0,60,60
11228,130730,0,1000,15092,0,0,60,60
11229,144306,0,1000,15094,0,0,60,60
11230,130732,0,1000,0,0,0,60,60
11242,130783,0,6000,11243,0,0,60,60
11243,131031,0,4000,11244,0,0,60,60
11244,130785,0,1000,0,0,0,60,60
11246,130378,0,3000,0,0,0,60,60
11247,129189,0,3000,0,0,0,60,60
11251,128804,0,1000,0,0,0,60,60
11252,128820,0,1000,0,0,1,60,60
11255,130820,0,1000,0,0,0,60,60
11256,130825,0,0,0,0,0,60,60
11257,130826,0,1000,11669,0,0,60,60
11261,0,0,2500,11255,0,0,60,60
11262,129600,0,0,11263,0,1,60,60
11263,129601,0,0,11264,0,1,60,60
11264,129602,0,0,11265,0,1,60,60
11265,129603,0,0,11266,0,1,60,60
11266,129604,0,0,11267,0,1,60,60
11267,129605,0,0,11268,0,1,60,60
11268,129606,0,0,0,0,1,60,60
11269,132489,0,1000,0,0,0,60,60
11272,130965,0,0,0,0,0,60,60
11273,130966,0,0,0,0,0,60,60
11274,0,0,2000,11275,0,0,60,60
11275,130821,0,1000,0,0,0,60,60
11276,130973,0,1000,11277,0,0,60,60
11277,130974,0,1000,11278,0,0,60,60
11278,130975,0,1000,11279,0,0,60,60
11279,130976,0,1000,0,0,0,60,60
11281,131001,0,1000,11282,0,0,60,60
11282,131002,0,1000,11283,0,0,60,60
11283,131003,0,1000,0,0,0,60,60
11285,131006,0,0,0,0,0,60,60
11287,131248,0,2000,11897,0,0,60,60
11289,131014,0,1000,11291,0,0,60,60
11291,131015,0,1000,11292,0,0,60,60
11292,131016,0,2000,11294,0,0,60,60
11294,131018,0,1000,11295,0,0,60,60
11295,131019,0,1000,0,0,0,60,60
11297,131026,0,1000,11298,0,0,60,60
11298,131027,0,1000,11299,0,0,60,60
11299,131028,0,1000,0,0,0,60,60
11300,128229,0,1000,11301,0,0,60,60
11301,128230,0,1000,11302,0,0,60,60
11302,128232,0,1000,11303,0,0,60,60
11303,128243,0,1000,0,0,0,60,60
11305,131051,0,0,11930,0,0,60,60
11306,135823,0,1000,12802,0,0,60,60
11308,128627,0,1000,0,0,0,60,60
11309,131058,0,1000,0,0,0,60,60
11310,131059,0,1000,11672,0,0,60,60
11311,129739,0,0,11312,0,1,60,60
11312,129740,0,0,11313,0,1,60,60
11313,129741,0,0,0,0,1,60,60
11314,135749,0,1000,0,0,0,60,60
11315,135750,0,1000,0,0,0,60,60
11316,129035,0,1000,0,0,0,60,60
11317,0,0,0,0,0,0,60,60
11320,135838,0,2000,11674,0,0,60,60
11322,131076,0,0,11931,0,0,60,60
11323,131068,0,1000,11324,0,0,60,60
11324,129030,0,2000,11325,0,0,60,60
11325,129012,0,1000,11326,0,0,60,60
11326,129034,0,500,11327,0,0,60,60
11327,129031,0,1000,11328,0,0,60,60
11328,129018,0,0,11329,9926,0,60,60
11329,129035,0,1000,0,0,0,60,60
11330,131084,0,1000,0,0,0,60,60
11341,127081,0,500,10066,0,0,60,60
11342,130913,0,1000,11344,0,0,60,60
11344,131165,0,1000,0,0,0,60,60
11345,131178,0,1000,11346,0,0,60,60
11346,131179,0,0,0,0,0,60,60
11347,131212,0,1000,11348,0,0,60,60
11348,131213,0,1000,11353,0,0,60,60
11349,131218,0,1000,0,0,0,60,60
11353,131214,0,1000,11349,0,0,60,60
11355,131211,0,1000,11356,0,0,60,60
11356,131224,0,1000,11347,0,0,60,60
11361,130794,0,1000,0,0,0,60,60
11362,131231,0,1000,11363,0,0,60,60
11363,131232,0,1000,11364,0,0,60,60
11364,131233,0,1000,0,0,0,60,60
11365,131234,0,1000,11366,0,0,60,60
11366,131235,0,1000,11367,0,0,60,60
11367,131236,0,1000,0,0,0,60,60
11368,131237,0,1000,11369,0,0,60,60
11369,131238,0,1000,11370,0,0,60,60
11370,131239,0,1000,0,0,0,60,60
11371,131240,0,1000,11372,0,0,60,60
11372,131241,0,1000,11373,0,0,60,60
11373,131242,0,1000,11374,0,0,60,60
11374,131243,0,1000,0,0,0,60,60
11375,131244,0,1000,11376,0,0,60,60
11376,131245,0,1000,11380,0,0,60,60
11380,131255,0,1000,0,0,0,60,60
11381,131287,0,1000,0,0,0,60,60
11382,131288,0,1000,0,0,0,60,60
11385,131292,0,1000,11386,0,0,60,60
11386,131293,0,1000,11387,0,0,60,60
11387,131294,0,1000,11388,0,0,60,60
11388,131295,0,1000,11389,0,0,60,60
11389,131296,0,1000,11390,0,0,60,60
11390,131297,0,0,0,0,0,60,60
11391,131389,0,2000,0,0,0,60,60
11392,131389,0,2000,0,0,0,60,60
11393,131409,0,1000,0,0,0,60,60
11394,131188,0,500,11395,0,0,60,60
11395,131189,0,500,11402,0,0,60,60
11396,131421,0,1000,11769,0,0,60,60
11397,131422,0,1000,12138,0,0,60,60
11399,131427,0,1000,11400,0,0,60,60
11400,131428,0,1000,0,0,0,60,60
11401,0,0,3000,11394,0,0,60,60
11402,131190,0,500,11403,0,0,60,60
11403,131191,0,500,11404,0,0,60,60
11404,131192,0,500,11405,0,0,60,60
11405,131193,0,500,11406,0,0,60,60
11406,131194,0,0,0,0,0,60,60
11410,130141,0,5000,0,0,0,60,60
11411,131195,0,1000,11412,0,0,60,60
11412,131196,0,0,0,0,0,60,60
11413,131444,0,1000,11414,0,0,60,60
11414,131445,0,1000,0,0,0,60,60
11415,131202,0,1000,0,0,1,60,60
11416,131454,0,1000,11417,0,0,60,60
11417,131456,0,1000,12352,0,0,60,60
11420,131459,0,1000,11421,0,0,60,60
11421,131460,0,1000,11422,0,0,60,60
11422,131461,0,1000,0,0,0,60,60
11423,131465,0,1000,0,0,0,60,60
11424,131468,0,1000,11425,0,0,60,60
11425,131469,0,1000,0,0,0,60,60
11426,131477,0,1000,11427,0,0,60,60
11427,131478,0,1000,0,0,0,60,60
11428,131503,0,3000,11429,0,0,60,60
11429,131504,0,5000,11430,0,0,60,60
11430,131505,0,1000,0,0,0,60,60
11431,131495,0,2000,11432,0,0,60,60
11432,131498,0,2000,11433,0,0,60,60
11433,131499,0,2000,11434,0,0,60,60
11434,131501,0,2000,13468,0,0,60,60
11437,131170,0,500,11438,0,0,60,60
11438,131173,0,500,11439,0,0,60,60
11439,131174,0,0,0,0,0,60,60
11443,131605,0,1000,11444,0,0,60,60
11444,131606,0,1000,11445,0,0,60,60
11445,131608,0,1000,0,0,0,60,60
11446,131615,0,1000,14067,0,0,60,60
11447,131624,0,1000,0,0,0,60,60
11456,131651,0,1000,0,0,0,60,60
11457,131652,0,1000,0,0,0,60,60
11458,131745,0,4000,0,0,0,60,60
11462,130383,0,1000,0,0,0,60,60
11463,131816,0,1000,11462,0,0,60,60
11464,131817,0,1000,11466,0,0,60,60
11465,131818,0,1000,0,0,0,60,60
11466,131820,0,1000,0,0,0,60,60
11475,136599,0,1000,0,0,0,60,60
11476,131839,0,1000,11477,0,0,60,60
11477,131840,0,1000,0,0,0,60,60
11478,131845,0,1000,0,0,0,60,60
11482,131851,0,1000,0,0,0,60,60
11489,131821,0,1000,11490,0,0,60,60
11490,131822,0,1000,11491,0,0,60,60
11491,131823,0,1000,11492,0,0,60,60
11492,131866,0,1000,0,0,0,60,60
11493,131889,0,2000,11494,0,0,60,60
11494,131890,0,2000,11495,0,0,60,60
11495,131891,0,2000,0,0,0,60,60
11503,132015,0,500,0,0,0,60,60
11504,132016,0,500,0,0,0,60,60
11505,132019,0,1000,0,0,0,60,60
11506,132047,0,1000,0,0,0,60,60
11507,0,0,2000,11506,0,0,60,60
11508,0,0,2000,11509,0,0,60,60
11509,132048,0,1000,0,0,0,60,60
11510,0,0,2000,11511,0,0,60,60
11511,132049,0,1000,0,0,0,60,60
11514,0,0,2000,11515,0,0,60,60
11515,132053,0,1000,0,0,0,60,60
11516,132074,0,1000,0,0,0,60,60
11517,132075,0,1000,0,0,0,60,60
11519,132081,0,1000,0,0,0,60,60
11520,132094,0,5000,11521,0,0,60,60
11521,132095,0,3000,11522,0,0,60,60
11522,132096,0,1000,0,0,0,60,60
11523,132108,0,1000,0,0,0,60,60
11524,132109,0,1000,0,0,0,60,60
11525,131899,0,1000,11526,0,0,60,60
11526,131900,0,1000,11527,0,0,60,60
11527,131901,0,1000,0,0,0,60,60
11528,130628,0,1000,11529,0,0,60,60
11529,130627,0,1000,11530,0,0,60,60
11530,132153,0,1000,0,0,0,60,60
11531,132155,0,1000,11532,0,0,60,60
11532,132163,0,1000,0,0,0,60,60
11533,132156,0,1000,11534,0,0,60,60
11534,132164,0,1000,0,0,0,60,60
11535,132157,0,1000,11536,0,0,60,60
11536,132165,0,1000,0,0,0,60,60
11537,130629,0,1000,11538,0,0,60,60
11538,132166,0,1000,0,0,0,60,60
11539,132170,0,1000,11144,0,0,60,60
11540,131920,0,1000,11541,0,0,60,60
11541,131921,0,1000,11543,0,0,60,60
11542,131922,0,1000,0,0,0,60,60
11543,0,0,0,11542,0,0,60,60
11544,132180,0,2000,0,0,0,60,60
11546,132176,0,1000,11547,0,0,60,60
11547,132172,0,1000,11548,0,0,60,60
11548,132162,0,1000,11549,0,0,60,60
11549,132175,0,1000,0,0,0,60,60
11550,132210,0,1000,0,0,1,60,60
11551,132210,0,1000,0,0,1,60,60
11552,132210,0,1000,0,0,1,60,60
11553,132133,0,1000,11554,0,0,60,60
11554,132134,0,1000,11555,0,0,60,60
11555,132135,0,1000,0,0,0,60,60
11556,132207,0,1000,11550,0,1,60,60
11557,132208,0,1000,11551,0,1,60,60
11558,132209,0,1000,11552,0,1,60,60
11559,132234,0,1000,11562,9794,0,60,60
11560,132236,0,1000,0,0,0,60,60
11561,132240,0,2000,0,0,0,60,60
11562,132244,0,1000,11563,9794,0,60,60
11563,132245,0,1000,11564,9794,0,60,60
11564,132246,0,1000,0,9794,0,60,60
11566,130043,0,1000,0,0,0,60,60
11574,135905,0,1000,11575,0,0,60,60
11575,135909,0,4000,12956,0,0,60,60
11576,135911,0,2000,11577,0,0,60,60
11577,132286,0,2000,12885,0,0,60,60
11578,132146,0,8000,11579,0,0,60,60
11579,132185,0,1000,11580,0,0,60,60
11580,132186,0,1000,11581,0,0,60,60
11581,132187,0,1000,11582,0,0,60,60
11582,132188,0,0,0,0,0,60,60
11584,132298,0,1000,11585,0,0,60,60
11585,132299,0,1000,0,0,0,60,60
11586,132300,0,1000,0,0,0,60,60
11587,132301,0,1000,0,0,0,60,60
11588,132302,0,1000,0,0,0,60,60
11589,132303,0,1000,0,0,0,60,60
11590,131180,0,3000,11591,0,0,60,60
11591,131181,0,500,11592,0,0,60,60
11592,131182,0,500,11593,0,0,60,60
11593,131183,0,500,0,0,0,60,60
11600,131929,0,1000,11619,0,0,60,60
11601,0,0,3000,0,0,0,60,60
11602,132066,0,1000,0,0,0,60,60
11603,132067,0,1000,0,0,0,60,60
11604,132068,0,1000,0,0,0,60,60
11605,131011,0,1000,0,0,0,60,60
11607,131013,0,1000,11608,0,0,60,60
11608,132352,0,1000,0,0,0,60,60
11610,132354,0,1000,0,0,0,60,60
11613,132356,0,1000,0,0,0,60,60
11614,132357,0,1000,11615,0,0,60,60
11615,132359,0,1000,0,0,0,60,60
11616,132360,0,1000,11617,0,0,60,60
11617,132361,0,1000,11618,0,0,60,60
11618,132362,0,1000,0,0,0,60,60
11619,0,0,0,11601,0,0,60,60
11620,131932,0,0,0,0,0,60,60
11621,131927,0,1000,11622,0,0,60,60
11622,131928,0,1000,0,0,0,60,60
11623,131956,0,1000,11904,0,0,60,60
11627,131946,0,0,0,0,0,60,60
11628,131938,0,0,0,0,0,60,60
11629,131950,0,0,0,0,0,60,60
11631,131954,0,1000,11905,0,0,60,60
11635,131957,0,1000,11906,0,0,60,60
11639,131955,0,0,11907,0,0,60,60
11643,132369,0,1000,0,0,0,60,60
11644,132370,0,1000,11645,0,0,60,60
11645,132371,0,1000,0,0,0,60,60
11646,131942,0,1000,11647,0,0,60,60
11647,131943,0,0,0,0,0,60,60
11648,131934,0,0,11649,0,0,60,60
11649,131935,0,0,0,0,0,60,60
11651,135960,0,1000,10634,0,0,60,60
11652,132382,0,0,11653,0,0,60,60
11653,132383,0,2000,11654,0,0,60,60
11654,132384,0,1000,11655,0,0,60,60
11655,132385,0,1000,11656,0,0,60,60
11656,132386,0,1000,12888,0,0,60,60
11660,132408,0,1000,0,0,0,60,60
11661,132413,0,2000,11662,0,0,60,60
11662,135871,0,1000,11675,0,0,60,60
11663,135872,0,1000,0,0,0,60,60
11666,0,84532,1000,11663,0,0,60,60
11667,132468,0,1000,0,0,0,60,60
11668,132469,0,1000,0,0,0,60,60
11669,130856,0,0,11681,0,0,60,60
11672,131073,0,1000,0,0,0,60,60
11673,135835,0,1000,0,0,0,60,60
11674,135839,0,1000,0,0,0,60,60
11675,0,84571,0,11666,0,0,60,60
11676,132535,0,1000,0,0,0,60,60
11677,132542,0,1000,0,0,0,60,60
11678,132572,0,1000,0,0,0,60,60
11679,132573,0,1000,0,0,0,60,60
11680,129121,0,1000,11651,0,0,60,60
11681,132489,0,0,0,0,0,60,60
11682,132565,0,1000,0,13425,0,60,60
11683,132579,0,1000,0,0,0,60,60
11684,131926,0,0,0,0,0,60,60
11685,131933,0,0,0,0,0,60,60
11686,131940,0,0,0,0,0,60,60
11688,131947,0,0,0,0,0,60,60
11689,0,0,2000,11690,0,0,60,60
11690,132610,0,1000,0,0,0,60,60
11697,132650,0,1500,11698,0,1,60,60
11698,132653,0,1500,11699,0,1,60,60
11699,132651,0,1500,0,0,1,60,60
11700,132664,0,1000,0,9926,0,60,60
11701,132665,0,1000,0,0,0,60,60
11702,129755,0,0,0,0,1,60,60
11703,129756,0,0,0,0,0,60,60
11704,132057,0,0,11706,0,0,60,60
11706,132673,0,1000,0,0,0,60,60
11707,132685,0,1000,0,9926,0,60,60
11708,132799,0,1000,11709,0,0,60,60
11709,132800,0,7000,11710,0,0,60,60
11710,132801,0,8000,11711,0,0,60,60
11711,132798,0,1000,0,0,0,60,60
11712,132709,0,1000,0,0,0,60,60
11713,132708,0,1000,11712,0,0,60,60
11715,131973,0,1000,11716,0,0,60,60
11716,131974,0,1000,11718,0,0,60,60
11718,131976,0,2000,11721,0,0,60,60
11721,0,0,5000,0,0,0,60,60
11722,132704,0,6000,11723,0,0,60,60
11723,132705,0,1000,12886,0,0,60,60
11724,132708,0,1000,0,0,0,60,60
11725,131666,0,1000,11726,0,0,60,60
11726,132710,0,1000,0,0,0,60,60
11727,131979,0,1000,12688,0,0,60,60
11728,131980,0,1000,12689,0,0,60,60
11730,132716,0,1000,11731,0,0,60,60
11731,132717,0,1000,11732,0,0,60,60
11732,132718,0,1000,11733,0,0,60,60
11733,132719,0,1000,11734,0,0,60,60
11734,132721,0,1000,12809,0,0,60,60
11735,135766,0,1000,0,0,0,60,60
11736,135761,0,2000,11735,0,0,60,60
11739,132747,0,1000,0,0,0,60,60
11741,132748,0,1000,0,0,0,60,60
11743,132749,0,1000,0,0,0,60,60
11745,131981,0,1000,11752,0,0,60,60
11746,0,0,0,0,0,0,60,60
11749,132695,0,1000,11750,0,0,60,60
11750,132633,0,1000,11751,0,0,60,60
11751,132697,0,1000,0,0,0,60,60
11752,131982,0,0,11746,0,0,60,60
11754,132750,0,1000,0,0,0,60,60
11755,132751,0,1000,0,0,0,60,60
11758,0,0,0,11759,0,0,60,60
11759,0,0,0,11760,0,0,60,60
11760,0,0,0,11761,0,0,60,60
11761,0,0,0,11762,0,0,60,60
11762,0,0,0,0,0,0,60,60
11767,0,0,1000,0,0,0,60,60
11768,131985,0,1000,11767,0,0,60,60
11769,132632,0,1000,11397,0,0,60,60
11770,132806,0,1000,11771,0,0,60,60
11771,132807,0,1000,0,0,0,60,60
11772,0,0,3000,11773,0,0,60,60
11773,132808,0,1000,0,0,0,60,60
11774,132810,0,1000,11775,0,0,60,60
11775,132811,0,1000,0,0,0,60,60
11776,131971,0,1000,11777,0,0,60,60
11777,131972,0,1000,11780,0,0,60,60
11778,131970,0,1000,0,0,0,60,60
11779,0,0,1500,11776,0,0,60,60
11780,0,0,0,0,0,0,60,60
11781,131906,0,1000,11782,0,0,60,60
11782,0,0,0,0,0,0,60,60
11783,132838,0,1000,0,0,0,60,60
11787,132839,0,1000,0,0,0,60,60
11788,132840,0,1000,0,0,0,60,60
11789,132841,0,1000,0,0,0,60,60
11790,132879,0,1000,0,0,0,60,60
11791,132892,0,1000,0,0,0,60,60
11792,132893,0,1000,0,0,0,60,60
11794,132895,0,1000,0,0,0,60,60
11796,132910,0,1000,11797,0,0,60,60
11797,132911,0,1000,11798,0,0,60,60
11798,132912,0,1000,0,0,0,60,60
11799,132915,0,1000,11802,0,0,60,60
11802,132920,0,1000,11803,0,0,60,60
11803,0,0,0,11804,0,0,60,60
11804,132922,0,1000,0,0,0,60,60
11805,131894,0,3000,0,0,0,60,60
11806,132738,0,1000,0,0,0,60,60
11807,132739,0,1000,0,0,0,60,60
11808,132740,0,1000,0,0,0,60,60
11809,0,0,1000,0,0,0,60,60
11810,131893,0,0,0,0,0,60,60
11812,131322,0,1000,22318,0,0,60,60
11814,131327,0,0,11815,0,0,60,60
11815,131325,0,0,11816,0,0,60,60
11816,132931,0,0,11817,0,0,60,60
11817,132932,0,0,15353,0,0,60,60
11818,132938,0,1000,0,0,0,60,60
11819,131958,0,1000,11820,0,0,60,60
11820,131959,0,4000,11821,0,0,60,60
11821,131960,0,0,12178,0,0,60,60
11824,132939,0,1000,0,0,0,60,60
11825,131963,0,0,0,0,0,60,60
11826,131964,0,1000,11827,0,0,60,60
11827,131965,0,0,0,0,0,60,60
11828,132935,0,1000,11829,0,0,60,60
11829,131329,0,1000,0,0,0,60,60
11832,132943,0,1000,11833,0,0,60,60
11833,132944,0,1000,0,0,0,60,60
11834,131966,0,1000,11835,0,0,60,60
11835,131967,0,4000,11837,0,0,60,60
11837,131969,0,0,0,0,0,60,60
11838,131915,0,1000,11839,0,0,60,60
11839,131916,0,1000,11840,0,0,60,60
11840,131917,0,1000,0,0,0,60,60
11841,132960,0,6000,11621,0,0,60,60
11850,132995,0,1000,0,0,0,60,60
11851,132996,0,1000,0,0,0,60,60
11852,132997,0,1000,0,0,0,60,60
11853,132998,0,1000,0,0,0,60,60
11855,133010,0,1000,11648,0,0,60,60
11857,133020,0,1000,11858,0,0,60,60
11858,133021,0,1000,0,0,0,60,60
11865,107936,0,500,11866,0,0,60,60
11866,107937,0,500,11867,0,0,60,60
11867,107938,0,500,11868,0,0,60,60
11868,107939,0,500,11869,0,0,60,60
11869,107940,0,500,11870,0,0,60,60
11870,107941,0,500,11871,0,0,60,60
11871,107942,0,500,11873,0,0,60,60
11872,0,0,2000,11865,0,0,60,60
11873,0,0,0,0,0,0,60,60
11874,131910,0,1000,11875,0,0,60,60
11875,0,0,3000,11876,0,0,60,60
11876,131911,0,1000,11877,0,0,60,60
11877,131912,0,1000,11878,0,0,60,60
11878,0,0,3000,11879,0,0,60,60
11879,131913,0,1000,11880,0,0,60,60
11880,131914,0,1000,11881,0,0,60,60
11881,0,0,3000,0,0,0,60,60
11882,133050,0,1000,0,0,0,60,60
11883,133051,0,1000,0,0,0,60,60
11884,133052,0,1000,0,0,0,60,60
11886,133094,0,1000,0,0,0,60,60
11887,133095,0,1000,0,0,0,60,60
11888,133104,0,1000,0,0,1,60,60
11889,135693,0,1000,0,0,0,60,60
11890,135695,0,1000,0,0,0,60,60
11891,135696,0,1000,0,0,0,60,60
11892,135697,0,1000,0,0,0,60,60
11894,133122,0,2000,11895,0,0,60,60
11895,0,0,0,11896,0,0,60,60
11896,133123,0,2000,0,0,0,60,60
11897,133133,0,2000,0,0,0,60,60
11898,133136,0,2000,0,0,0,60,60
11899,133192,0,1000,0,0,0,60,60
11900,133193,0,1000,0,0,0,60,60
11901,131951,0,1000,11902,0,0,60,60
11902,131952,0,1000,11903,0,0,60,60
11903,131953,0,1000,0,0,0,60,60
11904,0,0,0,0,0,0,60,60
11905,0,0,0,0,0,0,60,60
11906,0,0,0,0,0,0,60,60
11907,0,0,0,0,0,0,60,60
11908,132005,0,1000,11909,0,0,60,60
11909,132006,0,1000,0,0,0,60,60
11910,132007,0,1000,11911,0,0,60,60
11911,132008,0,1000,0,0,0,60,60
11912,132011,0,1000,11913,0,0,60,60
11913,132012,0,1000,0,0,0,60,60
11914,132013,0,1000,11915,0,0,60,60
11915,132014,0,1000,0,0,0,60,60
11916,131943,0,1000,0,0,0,60,60
11917,133210,0,1000,0,0,1,60,60
11918,133222,0,1000,11919,0,0,60,60
11919,133221,0,1000,0,0,0,60,60
11920,133040,0,0,11921,0,0,60,60
11921,133039,0,0,18866,0,0,60,60
11922,133041,0,0,11923,0,0,60,60
11923,133042,0,0,11924,0,0,60,60
11924,133043,0,0,11925,0,0,60,60
11925,133044,0,0,11926,0,0,60,60
11926,133045,0,1000,0,0,0,60,60
11930,136016,0,0,0,0,0,60,60
11931,131076,0,0,0,0,0,60,60
11932,130814,0,1000,11933,0,0,60,60
11933,130816,0,1000,0,0,0,60,60
11934,126056,0,4000,11935,0,0,60,60
11935,126057,0,1000,0,0,0,60,60
11936,133156,0,20000,11937,0,0,60,60
11937,133157,0,20000,11938,0,0,60,60
11938,133158,0,20000,11939,0,0,60,60
11939,133247,0,5000,0,0,0,60,60
11940,0,0,3000,11936,0,0,60,60
11941,133047,0,1000,11942,0,0,60,60
11942,134016,0,0,0,0,0,60,60
11944,133255,0,1000,11945,0,0,60,60
11945,133256,0,1000,12845,0,0,60,60
11946,133257,0,1000,0,0,0,60,60
11947,0,0,2000,11948,0,0,60,60
11948,133268,0,1000,0,0,0,60,60
11952,0,0,2000,11623,0,0,60,60
11953,0,0,2000,11631,0,0,60,60
11954,0,0,2000,11635,0,0,60,60
11955,0,0,2000,11639,0,0,60,60
11958,133307,0,1000,11959,0,0,60,60
11959,133308,0,1000,11960,0,0,60,60
11960,133309,0,1000,11968,0,0,60,60
11968,133320,0,0,12050,0,0,60,60
11969,133349,0,500,11996,0,0,60,60
11970,133350,0,1000,11971,0,0,60,60
11971,133295,0,1000,0,0,0,60,60
11972,133389,0,6000,0,0,0,60,60
11975,133354,0,1000,0,0,0,60,60
11976,133048,0,6000,0,0,0,60,60
11980,133382,0,1000,0,0,1,60,60
11981,133383,0,1000,0,0,1,60,60
11982,133362,0,1000,11983,0,0,60,60
11983,133363,0,1000,11984,0,0,60,60
11984,133366,0,1000,0,0,0,60,60
11986,133384,0,1000,0,0,1,60,60
11987,133385,0,1000,0,0,1,60,60
11988,133388,0,1000,0,0,1,60,60
11989,133387,0,5000,0,0,0,60,60
11991,133390,0,1000,0,0,1,60,60
11992,133392,0,2000,17292,0,0,60,60
11996,136196,0,500,12899,0,0,60,60
12000,131961,0,4000,12001,0,0,60,60
12001,131962,0,1000,0,0,0,60,60
12005,133428,0,4000,0,0,0,60,60
12010,133455,0,0,17271,0,0,60,60
12014,131987,0,1000,12015,0,0,60,60
12015,131988,0,1000,12016,0,0,60,60
12016,131989,0,1000,12017,0,0,60,60
12017,131990,0,1000,12018,0,0,60,60
12018,131991,0,1000,12019,0,0,60,60
12019,131992,0,1000,12020,0,0,60,60
12020,131993,0,1000,0,0,0,60,60
12023,133304,0,1000,0,0,0,60,60
12024,133468,0,1000,0,0,0,60,60
12025,133473,0,1000,0,0,0,60,60
12026,133475,0,1000,0,0,0,60,60
12029,133483,0,1000,0,0,0,60,60
12030,133484,0,1000,0,0,0,60,60
12031,133485,0,1000,0,0,0,60,60
12034,133500,0,1000,12035,0,0,60,60
12035,133501,0,1000,12036,0,0,60,60
12036,133502,0,1000,12037,0,0,60,60
12037,133503,0,1000,12170,0,0,60,60
12041,136170,0,1000,12042,0,1,60,60
12042,133505,0,1000,0,0,1,60,60
12050,133524,0,1000,12051,0,0,60,60
12051,133525,0,1000,0,0,0,60,60
12053,133528,0,1000,12054,0,0,60,60
12054,133529,0,1000,12056,0,0,60,60
12056,133531,0,1000,0,0,0,60,60
12057,133540,0,1000,0,0,0,60,60
12058,133335,0,1000,12059,0,0,60,60
12059,133541,0,1000,12060,0,0,60,60
12060,133542,0,1000,0,0,0,60,60
12061,133554,0,0,12062,0,0,60,60
12062,133555,0,1000,0,0,0,60,60
12063,133564,0,1000,0,0,0,60,60
12064,133565,0,1000,0,0,0,60,60
12065,133566,0,1000,0,0,0,60,60
12067,133567,0,2000,12068,0,0,60,60
12068,133568,0,2000,12186,0,0,60,60
12069,133294,0,1000,12070,0,0,60,60
12070,133578,0,1000,12071,0,0,60,60
12071,133295,0,1000,12072,0,0,60,60
12072,133579,0,1000,12073,0,0,60,60
12073,133580,0,1000,12074,0,0,60,60
12074,133581,0,1000,12075,0,0,60,60
12075,133582,0,1000,0,0,0,60,60
12076,133623,0,1000,13827,0,0,60,60
12077,133628,0,1000,12690,0,0,60,60
12079,131925,0,1000,12080,0,0,60,60
12080,132097,0,1000,0,0,0,60,60
12081,133629,0,1000,12082,0,0,60,60
12082,133630,0,1000,0,0,0,60,60
12084,0,0,3000,12763,0,0,60,60
12091,131669,0,1000,12092,0,1,60,60
12092,130217,0,2000,0,0,1,60,60
12093,133663,0,1000,12094,0,0,60,60
12094,133664,0,1000,12095,0,0,60,60
12095,133665,0,1000,12096,0,0,60,60
12096,133666,0,1000,12097,0,0,60,60
12097,133667,0,1000,12098,0,0,60,60
12098,133668,0,1000,0,0,0,60,60
12099,133671,0,1000,12100,0,0,60,60
12100,133673,0,1000,0,0,0,60,60
12101,133688,0,1000,0,0,0,60,60
12104,133690,0,1000,18953,0,0,60,60
12114,133698,0,1000,0,0,0,60,60
12121,133729,0,1000,0,0,0,60,60
12122,133732,0,1000,0,0,0,60,60
12123,133735,0,1000,12124,0,0,60,60
12124,133736,0,1000,12125,0,0,60,60
12125,133737,0,1000,12126,0,0,60,60
12126,133738,0,1000,12127,0,0,60,60
12127,133739,0,1000,0,0,0,60,60
12128,133740,0,1000,12129,0,0,60,60
12129,133743,0,1000,12130,0,0,60,60
12130,133744,0,1000,12131,0,0,60,60
12131,133746,0,1000,13236,0,0,60,60
12132,133747,0,1000,0,9926,0,60,60
12133,133748,0,1000,0,9926,0,60,60
12134,133749,0,1000,0,9926,0,60,60
12135,133750,0,1000,0,9926,0,60,60
12136,133751,0,1000,0,9926,0,60,60
12137,133753,0,1000,0,9926,0,60,60
12138,131423,0,10000,12139,0,0,60,60
12139,131488,0,1000,12140,0,0,60,60
12140,133761,0,1000,12164,0,0,60,60
12141,133762,0,2000,11431,0,0,60,60
12142,133704,0,1000,12143,0,0,60,60
12143,133705,0,1000,12144,0,0,60,60
12144,133706,0,1000,12145,0,0,60,60
12145,133707,0,1000,0,0,0,60,60
12146,133769,0,1000,13811,0,1,60,60
12147,133701,0,1000,12148,0,0,60,60
12148,133702,0,1000,12149,0,0,60,60
12149,133703,0,1000,0,0,0,60,60
12150,133712,0,1000,12151,0,0,60,60
12151,133713,0,1000,12152,0,0,60,60
12152,133714,0,0,0,0,0,60,60
12153,133708,0,1000,12154,0,0,60,60
12154,133709,0,1000,12155,0,0,60,60
12155,133710,0,1000,12156,0,0,60,60
12156,133711,0,1000,0,0,0,60,60
12157,133798,0,1000,12158,0,0,60,60
12158,133799,0,1000,12159,0,0,60,60
12159,133801,0,1000,0,0,0,60,60
12161,133804,0,1000,12162,0,0,60,60
12162,133805,0,0,12163,0,0,60,60
12163,133806,0,0,0,0,0,60,60
12164,133825,0,1000,12165,0,0,60,60
12165,133826,0,0,0,0,0,60,60
12166,133884,0,1000,0,9926,0,60,60
12167,133885,0,1000,0,9926,0,60,60
12168,133886,0,1000,0,0,0,60,60
12169,133887,0,1000,0,0,0,60,60
12170,133893,0,1000,13373,0,0,60,60
12171,0,0,1000,11834,0,0,60,60
12172,133895,0,3000,12173,0,0,60,60
12173,133896,0,3000,12174,0,0,60,60
12174,133898,0,5000,12190,0,0,60,60
12178,131961,0,4000,12179,0,0,60,60
12179,131962,0,1000,0,0,0,60,60
12182,133892,0,2000,12183,0,0,60,60
12183,133891,0,3000,12184,0,0,60,60
12184,133897,0,2000,12185,0,0,60,60
12185,133900,0,1000,12191,0,0,60,60
12186,133915,0,1000,0,0,0,60,60
12187,133909,0,2000,12188,0,0,60,60
12188,133922,0,2000,12189,0,0,60,60
12189,133914,0,3000,12858,0,0,60,60
12190,133927,0,1000,0,0,0,60,60
12191,133901,0,1000,12192,0,0,60,60
12192,133905,0,1000,0,0,0,60,60
12194,131978,0,1000,12195,0,0,60,60
12195,0,0,5000,0,0,0,60,60
12196,0,0,1000,11715,0,0,60,60
12197,0,0,1000,11745,0,0,60,60
12204,133967,0,1000,0,0,1,60,60
12212,134001,0,500,12218,0,1,60,60
12217,133998,0,500,12219,0,1,60,60
12218,133999,0,500,12228,0,1,60,60
12219,134661,0,500,12367,0,1,60,60
12224,133996,0,1000,0,0,1,60,60
12227,134004,0,1000,0,9926,1,60,60
12228,134003,0,500,0,0,1,60,60
12229,134005,0,1000,0,9926,1,60,60
12230,134006,0,1000,0,9926,1,60,60
12231,134008,0,1000,0,9926,1,60,60
12232,133720,0,1000,12233,0,0,60,60
12233,134009,0,1000,0,0,0,60,60
12237,134020,0,1000,0,0,1,60,60
12238,134019,0,1000,0,0,1,60,60
12239,134031,0,1000,12240,0,0,60,60
12240,134032,0,1000,12242,0,0,60,60
12241,135505,0,1000,0,0,0,60,60
12242,135504,0,1000,12241,0,0,60,60
12244,134040,0,1000,12245,0,0,60,60
12245,134041,0,1000,0,0,0,60,60
12246,134044,0,1000,12247,0,0,60,60
12247,134045,0,1000,0,0,0,60,60
12248,134046,0,1000,12249,0,0,60,60
12249,134047,0,1000,0,0,0,60,60
12250,134050,0,1000,12251,0,0,60,60
12251,134051,0,1000,12252,0,1,60,60
12252,134052,0,1000,0,0,0,60,60
12253,134070,0,1000,0,0,0,60,60
12254,134084,0,1000,0,0,0,60,60
12255,134085,0,1000,0,0,0,60,60
12256,134086,0,1000,0,0,0,60,60
12257,134087,0,1000,0,0,0,60,60
12258,134088,0,1000,0,0,0,60,60
12259,134089,0,1000,0,0,0,60,60
12260,134090,0,1000,0,0,0,60,60
12261,134091,0,1000,0,0,0,60,60
12262,134092,0,1000,0,0,0,60,60
12263,134095,0,2000,12264,0,0,60,60
12264,134096,0,2000,19710,0,0,60,60
12265,0,0,1000,12263,0,0,60,60
12268,134117,0,1000,12269,0,0,60,60
12269,134119,0,1000,12270,0,0,60,60
12270,134056,0,4500,0,0,0,60,60
12273,134157,0,5000,12274,0,1,60,60
12274,134158,0,2000,17490,0,0,60,60
12275,134168,0,1000,12276,0,0,60,60
12276,134169,0,1000,0,0,0,60,60
12277,134170,0,8000,12278,0,0,60,60
12278,134171,0,1000,12279,0,0,60,60
12279,134172,0,1000,12869,0,0,60,60
12280,0,0,1000,12273,0,0,60,60
12281,0,0,1000,12283,0,0,60,60
12282,134208,0,1000,0,0,1,60,60
12283,134209,0,4000,12284,0,0,60,60
12284,134211,0,3000,12282,0,0,60,60
12286,134221,0,1000,12287,0,0,60,60
12287,134222,0,2000,0,0,0,60,60
12296,134270,0,500,15887,0,1,60,60
12297,134271,0,3000,12298,0,1,60,60
12298,134272,0,2000,0,0,1,60,60
12299,134438,0,2000,0,0,1,60,60
12300,134410,0,1000,0,0,0,60,60
12301,134411,0,1000,0,0,0,60,60
12302,134414,0,1000,0,0,0,60,60
12303,134415,0,1000,0,0,0,60,60
12304,134424,0,1000,0,0,0,60,60
12305,134425,0,1000,0,0,0,60,60
12306,134418,0,1000,0,9794,0,60,60
12307,134419,0,1000,0,0,0,60,60
12308,134426,0,1000,0,0,0,60,60
12309,134427,0,1000,0,0,0,60,60
12310,134430,0,1000,0,0,0,60,60
12311,134431,0,1000,0,0,0,60,60
12312,134434,0,1000,0,0,0,60,60
12313,134435,0,1000,0,0,0,60,60
12314,134412,0,1000,0,0,0,60,60
12315,134413,0,1000,0,0,0,60,60
12316,134422,0,1000,0,0,0,60,60
12317,134423,0,1000,0,0,0,60,60
12318,134416,0,1000,0,0,0,60,60
12319,134417,0,1000,0,0,0,60,60
12320,134420,0,1000,0,0,0,60,60
12321,134421,0,1000,0,0,0,60,60
12322,134436,0,1000,0,0,0,60,60
12323,134437,0,1000,0,0,0,60,60
12324,134432,0,1000,0,0,0,60,60
12325,134433,0,1000,0,0,0,60,60
12326,134428,0,1000,0,11995,0,60,60
12327,134429,0,1000,0,0,0,60,60
12330,148193,0,3000,12335,16684,1,60,60
12334,134465,0,1000,0,0,0,60,60
12335,148194,0,0,21942,0,1,60,60
12338,134492,0,1000,0,0,0,60,60
12339,134553,0,1000,12340,0,0,60,60
12340,134555,0,1000,12341,0,0,60,60
12341,134557,0,1000,12342,0,0,60,60
12342,134560,0,1000,12343,0,0,60,60
12343,134568,0,1000,12344,0,0,60,60
12344,134570,0,1000,12345,0,0,60,60
12345,134572,0,1000,0,0,0,60,60
12346,135555,0,1000,0,0,0,60,60
12347,134611,0,1000,12348,0,0,60,60
12348,134612,0,1000,0,0,0,60,60
12349,134640,0,1000,12591,0,0,60,60
12350,134641,0,1000,0,0,0,60,60
12351,134642,0,1000,0,0,0,60,60
12352,134647,0,1000,12353,0,0,60,60
12353,134648,0,1000,0,0,0,60,60
12359,134662,0,1000,0,0,0,60,60
12360,0,0,500,10905,0,0,60,60
12361,134679,0,0,12362,0,1,60,60
12362,134680,0,0,0,0,1,60,60
12363,134681,0,0,12364,0,0,60,60
12364,134682,0,0,12365,0,1,60,60
12365,134683,0,0,0,0,1,60,60
12366,134684,0,1000,0,0,0,60,60
12367,134000,0,500,12212,0,1,60,60
12368,134690,0,0,0,0,1,60,60
12369,134691,0,0,12370,0,1,60,60
12370,134692,0,0,0,0,1,60,60
12372,134694,0,1000,0,0,0,60,60
12377,134700,0,1000,12378,9926,1,60,60
12378,134701,0,0,0,0,1,60,60
12379,134703,0,1000,12380,0,1,60,60
12380,134705,0,0,0,0,1,60,60
12381,134716,0,0,0,0,1,60,60
12382,134717,0,0,0,9926,1,60,60
12383,134718,0,0,0,9926,1,60,60
12384,134719,0,1000,12385,0,1,60,60
12385,134720,0,0,0,0,1,60,60
12386,134721,0,0,0,0,1,60,60
12389,134723,0,0,12390,0,1,60,60
12390,134724,0,0,12391,0,1,60,60
12391,134730,0,0,0,0,1,60,60
12393,0,0,10000,12394,0,0,60,60
12394,134767,0,1000,0,0,0,60,60
12395,134768,0,1000,0,0,0,60,60
12396,0,0,10000,12397,0,0,60,60
12397,134769,0,1000,0,0,0,60,60
12398,0,0,10000,12399,0,0,60,60
12399,134770,0,1000,0,0,0,60,60
12413,134731,0,1000,12414,0,0,60,60
12414,134821,0,1000,12415,0,0,60,60
12415,134732,0,1000,0,0,0,60,60
12426,134839,0,1000,12427,0,0,60,60
12427,134840,0,0,0,0,0,60,60
12430,134735,0,1000,12474,0,0,60,60
12469,134733,0,0,12470,0,1,60,60
12470,134734,0,0,12471,0,1,60,60
12471,134736,0,0,12472,0,0,60,60
12472,134737,0,0,12473,0,0,60,60
12473,134738,0,0,0,0,0,60,60
12474,134926,0,1000,12475,0,0,60,60
12475,134928,0,0,0,0,0,60,60
12539,135016,0,1000,0,0,0,60,60
12540,135017,0,1000,0,0,0,60,60
12541,134870,0,0,0,9926,1,60,60
12542,134744,0,0,0,0,1,60,60
12543,135019,0,1000,0,0,0,60,60
12544,135020,0,1000,0,0,0,60,60
12545,134742,0,0,0,9926,1,60,60
12546,0,0,3000,12547,0,0,60,60
12547,135023,0,1000,0,0,0,60,60
12548,135026,0,2000,12549,0,0,60,60
12549,135027,0,1000,0,0,0,60,60
12569,135138,0,500,12571,0,1,60,60
12571,135140,0,2000,0,0,1,60,60
12572,134280,0,1000,12573,0,0,60,60
12573,134281,0,1000,12574,0,0,60,60
12574,134282,0,1000,12575,0,0,60,60
12575,134283,0,1000,12576,0,0,60,60
12576,134286,0,1000,12577,0,0,60,60
12577,134287,0,1000,0,0,0,60,60
12578,129971,0,1000,12579,0,0,60,60
12579,129972,0,1000,12580,0,0,60,60
12580,129977,0,1000,12581,0,0,60,60
12581,134379,0,1000,12582,0,0,60,60
12582,134380,0,1000,0,0,0,60,60
12583,135156,0,1000,0,0,0,60,60
12585,135157,0,1000,0,0,0,60,60
12586,135160,0,1000,0,0,0,60,60
12589,135163,0,1000,0,0,0,60,60
12590,135164,0,4000,13830,0,0,60,60
12591,135165,0,1000,0,0,0,60,60
12592,135191,0,1000,0,0,0,60,60
12593,135192,0,1000,0,0,0,60,60
12595,135210,0,1000,0,0,1,60,60
12596,135166,0,1500,12597,0,0,60,60
12597,135167,0,1500,12598,0,0,60,60
12598,135168,0,3000,0,0,0,60,60
12599,135212,0,1000,12600,0,0,60,60
12600,135213,0,1000,12601,0,0,60,60
12601,135211,0,1000,0,0,0,60,60
12602,135215,0,1000,0,0,1,60,60
12603,135216,0,1000,0,0,1,60,60
12604,135217,0,1000,0,0,1,60,60
12605,135227,0,1000,13164,0,0,60,60
12606,135229,0,1000,0,0,1,60,60
12607,135170,0,1000,12608,0,0,60,60
12608,135171,0,1000,12609,0,0,60,60
12609,135172,0,0,0,0,0,60,60
12610,135242,0,1000,0,0,0,60,60
12611,135254,0,1000,0,0,1,60,60
12612,130705,0,0,12613,0,0,60,60
12613,142407,0,1000,12615,0,0,60,60
12615,135261,0,1000,0,0,0,60,60
12616,135263,0,0,0,0,0,60,60
12619,135020,0,1000,0,0,0,60,60
12620,135265,0,3000,0,0,0,60,60
12621,135193,0,3000,12622,0,0,60,60
12622,135194,0,1000,0,0,0,60,60
12624,135195,0,0,12625,0,0,60,60
12625,135196,0,0,12626,0,0,60,60
12626,135197,0,0,0,0,0,60,60
12627,0,0,3000,12611,0,0,60,60
12628,135320,0,1000,0,9926,1,60,60
12629,135323,0,1000,0,9926,1,60,60
12630,135325,0,1000,0,9926,1,60,60
12631,135327,0,1000,0,9926,1,60,60
12632,135109,0,1000,12633,0,1,60,60
12633,135110,0,1000,12634,0,1,60,60
12634,135111,0,1000,0,0,1,60,60
12635,135106,0,1000,12636,0,1,60,60
12636,135107,0,1000,12637,0,1,60,60
12637,135108,0,1000,0,0,1,60,60
12638,135126,0,1000,12639,0,1,60,60
12639,135129,0,1000,12640,0,1,60,60
12640,135122,0,1000,0,0,1,60,60
12641,135198,0,1000,12642,0,0,60,60
12642,135199,0,1000,12643,0,0,60,60
12643,135200,0,1000,12644,0,0,60,60
12644,135201,0,1000,0,0,0,60,60
12645,135132,0,1000,12646,0,1,60,60
12646,135127,0,1000,12647,0,1,60,60
12647,135123,0,1000,0,0,1,60,60
12648,135130,0,1000,12649,0,1,60,60
12649,135133,0,1000,12650,0,1,60,60
12650,135124,0,1000,0,0,1,60,60
12651,135131,0,1000,12652,0,1,60,60
12652,135128,0,1000,12653,0,1,60,60
12653,135134,0,1000,12654,0,1,60,60
12654,135125,0,1000,0,0,1,60,60
12655,135202,0,1000,12656,0,0,60,60
12656,135203,0,0,0,0,0,60,60
12657,135204,0,1000,12658,0,0,60,60
12658,135205,0,1000,12659,0,0,60,60
12659,135206,0,1000,12660,0,0,60,60
12660,135207,0,1000,12661,0,0,60,60
12661,135208,0,0,0,0,0,60,60
12665,135326,0,1000,12666,0,0,60,60
12666,135329,0,1000,12667,0,0,60,60
12667,135427,0,1000,0,0,0,60,60
12669,135455,0,1000,12670,0,0,60,60
12670,135457,0,1000,12671,0,0,60,60
12671,135456,0,1000,0,0,0,60,60
12672,135330,0,500,12673,0,0,60,60
12673,135331,0,0,12674,0,0,60,60
12674,135332,0,500,12675,0,0,60,60
12675,135333,0,1000,0,0,0,60,60
12676,135334,0,500,12677,0,0,60,60
12677,135335,0,2000,12678,0,0,60,60
12678,135336,0,500,12679,0,1,60,60
12679,135337,0,500,12680,0,1,60,60
12680,135338,0,500,12681,0,1,60,60
12681,135339,0,0,0,0,1,60,60
12682,150358,0,1000,0,0,0,60,60
12683,135343,0,500,12684,0,0,60,60
12684,135344,0,500,12685,0,1,60,60
12685,135345,0,500,12686,0,0,60,60
12686,135346,0,500,0,0,0,60,60
12687,0,0,0,11727,0,0,60,60
12688,0,0,0,11728,0,0,60,60
12689,0,0,0,0,0,0,60,60
12690,135510,0,1000,0,0,0,60,60
12691,135565,0,1000,0,0,0,60,60
12692,135577,0,1000,12693,0,0,60,60
12693,135579,0,1000,12694,0,0,60,60
12694,135586,0,1000,0,0,0,60,60
12695,135612,0,1000,0,0,0,60,60
12696,135613,0,1000,0,0,0,60,60
12697,135290,0,1000,0,0,0,60,60
12698,135637,0,1000,0,0,0,60,60
12699,135646,0,1000,0,0,0,60,60
12707,135673,0,1000,0,0,1,60,60
12710,135674,0,1000,0,0,1,60,60
12711,135643,0,1000,12712,0,0,60,60
12712,135644,0,1000,12713,0,0,60,60
12713,135645,0,1000,12714,0,0,60,60
12714,135647,0,1000,12715,0,0,60,60
12715,135648,0,1000,0,0,0,60,60
12716,129975,0,1000,12717,0,0,60,60
12717,129976,0,1000,0,0,0,60,60
12719,135690,0,1000,0,0,0,60,60
12720,135689,0,1000,0,0,0,60,60
12721,135360,0,500,12722,0,0,60,60
12722,135361,0,500,12723,0,0,60,60
12723,135362,0,500,12724,0,0,60,60
12724,135363,0,500,12759,0,0,60,60
12725,135359,0,500,12721,0,0,60,60
12726,135698,0,1000,0,9926,0,60,60
12727,135153,0,1000,12728,0,0,60,60
12728,135154,0,0,12729,0,0,60,60
12729,135155,0,0,0,0,0,60,60
12730,135700,0,1000,0,9926,0,60,60
12731,135702,0,1000,0,0,0,60,60
12733,135704,0,1000,0,0,0,60,60
12734,135705,0,1000,0,0,0,60,60
12735,135706,0,1000,0,0,0,60,60
12736,135713,0,1000,0,0,0,60,60
12738,135365,0,500,12739,0,0,60,60
12739,135366,0,500,12740,0,0,60,60
12740,135367,0,500,12741,0,0,60,60
12741,135368,0,500,12742,0,0,60,60
12742,135369,0,500,0,0,0,60,60
12743,135370,0,500,12744,0,0,60,60
12744,135371,0,500,12745,0,0,60,60
12745,135372,0,500,12746,0,0,60,60
12746,135373,0,500,12747,0,0,60,60
12747,135374,0,500,12748,0,0,60,60
12748,135375,0,500,0,0,0,60,60
12749,135376,0,3000,12750,0,0,60,60
12750,135377,0,500,12751,0,0,60,60
12751,135378,0,500,12752,0,0,60,60
12752,135379,0,500,12753,0,0,60,60
12753,135380,0,500,12754,0,0,60,60
12754,135381,0,500,12755,0,0,60,60
12755,135382,0,500,12758,0,0,60,60
12758,135385,0,500,0,0,0,60,60
12759,135364,0,0,0,0,0,60,60
12760,135744,0,1000,0,0,0,60,60
12761,135358,0,1000,0,0,0,60,60
12762,135745,0,1000,0,0,0,60,60
12763,135864,0,1000,0,0,0,60,60
12764,134492,0,1000,0,0,0,60,60
12765,135875,0,1000,0,0,0,60,60
12766,135877,0,1000,0,0,0,60,60
12767,135715,0,1000,12768,0,0,60,60
12768,135716,0,1000,12770,0,0,60,60
12770,135718,0,1000,0,0,0,60,60
12771,135898,0,1000,12772,0,0,60,60
12772,135900,0,1000,12773,0,0,60,60
12773,135901,0,1000,12774,0,0,60,60
12774,135903,0,1000,12775,0,0,60,60
12775,135904,0,1000,0,0,0,60,60
12776,135924,0,1000,12777,0,0,60,60
12777,135914,0,1000,21866,0,0,60,60
12778,135915,0,1000,12779,0,0,60,60
12779,135916,0,1000,12780,0,0,60,60
12780,135917,0,1000,12790,0,0,60,60
12782,135919,0,1000,12783,0,0,60,60
12783,135920,0,1000,12784,0,0,60,60
12784,135921,0,1000,12788,0,0,60,60
12785,135913,0,1000,12776,0,0,60,60
12786,135922,0,1000,15674,0,0,60,60
12788,0,0,0,0,0,0,60,60
12790,135918,0,1000,12782,0,0,60,60
12791,135161,0,1000,0,0,0,60,60
12792,136011,0,1000,0,0,0,60,60
12793,135805,0,11000,12795,0,0,60,60
12795,135806,0,1000,12796,0,0,60,60
12796,133225,0,1000,12797,0,0,60,60
12797,135807,0,1000,12798,0,0,60,60
12798,135808,0,1000,0,0,0,60,60
12799,134382,0,0,12800,0,0,60,60
12800,134383,0,0,12801,0,0,60,60
12801,134384,0,0,0,0,0,60,60
12802,135824,0,1000,0,0,0,60,60
12804,135760,0,3000,11736,0,0,60,60
12805,135845,0,1000,12806,0,0,60,60
12806,135862,0,1000,12807,0,0,60,60
12807,135863,0,1000,0,0,0,60,60
12808,135870,0,1000,0,0,0,60,60
12809,135404,0,1000,0,0,0,60,60
12810,135991,0,1000,12811,0,0,60,60
12811,135992,0,1000,12812,0,0,60,60
12812,135993,0,1000,12813,0,0,60,60
12813,135994,0,1000,0,0,0,60,60
12814,136099,0,1000,12815,0,0,60,60
12815,136100,0,1000,12816,0,0,60,60
12816,136101,0,1000,0,0,0,60,60
12817,136104,0,1000,12818,0,1,60,60
12818,136105,0,1000,12822,0,0,60,60
12819,136106,0,1000,12820,0,1,60,60
12820,136107,0,1000,12821,0,1,60,60
12821,136108,0,1000,12823,0,1,60,60
12822,136109,0,1000,12819,0,1,60,60
12823,136110,0,1000,0,0,1,60,60
12824,136112,0,1000,12825,0,0,60,60
12825,136113,0,1000,0,0,0,60,60
12826,135873,0,1000,12827,0,0,60,60
12827,132419,0,1000,12828,0,0,60,60
12828,135876,0,1000,12829,0,0,60,60
12829,132420,0,1000,0,0,0,60,60
12830,136139,0,1000,0,0,0,60,60
12831,135548,0,1000,0,0,0,60,60
12832,135572,0,1000,0,0,0,60,60
12833,135605,0,1000,0,9926,0,60,60
12834,135632,0,1000,0,9926,0,60,60
12835,128266,0,1000,0,9926,0,60,60
12836,135628,0,1000,0,9926,0,60,60
12837,136140,0,1000,0,0,0,60,60
12838,134385,0,0,12839,0,0,60,60
12839,134386,0,0,12840,0,0,60,60
12840,134387,0,0,12841,0,0,60,60
12841,134388,0,0,0,0,0,60,60
12842,135473,0,1000,12843,0,0,60,60
12843,135474,0,0,12844,0,0,60,60
12844,135475,0,0,0,0,0,60,60
12845,135476,0,0,11946,0,0,60,60
12846,136143,0,1000,0,0,0,60,60
12847,136144,0,1000,12848,0,0,60,60
12848,136145,0,1000,12849,0,0,60,60
12849,136146,0,1000,12850,0,0,60,60
12850,136147,0,1000,12851,0,0,60,60
12851,136148,0,1000,12855,0,0,60,60
12853,136149,0,1000,12854,0,0,60,60
12854,136150,0,1000,0,0,0,60,60
12855,0,0,4000,12853,0,0,60,60
12856,136159,0,1000,0,0,0,60,60
12857,135884,0,1000,0,0,0,60,60
12858,134389,0,0,0,0,0,60,60
12859,134390,0,1000,12860,0,0,60,60
12860,134391,0,4000,12861,0,0,60,60
12861,134392,0,0,12862,0,0,60,60
12862,134393,0,0,0,0,0,60,60
12863,136162,0,1000,12864,0,0,60,60
12864,136165,0,1000,0,0,0,60,60
12865,136166,0,1000,0,0,0,60,60
12866,136167,0,1000,0,0,0,60,60
12868,136169,0,1000,0,0,0,60,60
12869,135506,0,0,12870,0,0,60,60
12870,135507,0,0,0,0,0,60,60
12871,135880,0,1000,0,9926,0,60,60
12872,135878,0,1000,0,9926,0,60,60
12873,135879,0,1000,0,9926,0,60,60
12874,134677,0,0,0,0,0,60,60
12875,135688,0,0,0,0,0,60,60
12876,134396,0,1000,12877,0,0,60,60
12877,135508,0,0,12878,0,0,60,60
12878,135509,0,0,0,0,0,60,60
12879,135881,0,1000,0,0,0,60,60
12880,135243,0,0,12881,0,0,60,60
12881,135244,0,0,0,0,0,60,60
12885,135926,0,1000,0,0,0,60,60
12886,132283,0,1000,12887,0,0,60,60
12887,132284,0,1000,0,0,0,60,60
12888,135973,0,1000,0,0,0,60,60
12889,136028,0,1000,12890,9926,0,60,60
12890,136029,0,1000,12891,0,0,60,60
12891,136030,0,1000,0,0,0,60,60
12892,136023,0,1000,12893,0,0,60,60
12893,136024,0,1000,0,9926,0,60,60
12894,133386,0,0,12895,0,1,60,60
12895,133391,0,0,12896,0,1,60,60
12896,136021,0,0,0,0,1,60,60
12898,136022,0,1000,0,9926,0,60,60
12899,136197,0,500,12901,0,0,60,60
12901,136199,0,500,12902,0,0,60,60
12902,136200,0,500,15911,0,0,60,60
12906,132353,0,0,11610,0,0,60,60
12907,132355,0,1000,12908,0,0,60,60
12908,132358,0,1000,0,0,0,60,60
12909,136210,0,1000,0,0,0,60,60
12910,136250,0,3000,12912,0,0,60,60
12912,136212,0,1000,0,0,0,60,60
12914,136031,0,0,12915,0,1,60,60
12915,136032,0,0,12916,0,0,60,60
12916,136034,0,0,0,0,0,60,60
12919,131017,0,0,12920,0,0,60,60
12920,131012,0,1000,0,0,0,60,60
12921,136025,0,1000,12922,0,0,60,60
12922,136026,0,1000,12923,0,0,60,60
12923,136027,0,0,0,9926,0,60,60
12924,135252,0,1000,12925,9794,0,60,60
12925,135251,0,0,0,9794,0,60,60
12926,136233,0,1000,12927,0,0,60,60
12927,136234,0,1000,12928,0,0,60,60
12928,136235,0,-1000,12929,0,0,60,60
12929,136236,0,-1000,12930,0,0,60,60
12930,136238,0,1000,12931,0,0,60,60
12931,136239,0,1000,12932,0,0,60,60
12932,136240,0,-1000,12933,0,0,60,60
12933,136241,0,1000,12934,0,0,60,60
12934,136242,0,1000,0,0,0,60,60
12935,131820,0,0,0,9794,0,60,60
12936,132051,0,1000,12937,0,0,60,60
12937,132052,0,1000,0,0,0,60,60
12938,136252,0,1000,13235,0,0,60,60
12939,136256,0,1000,12940,0,0,60,60
12940,136257,0,1000,12941,0,0,60,60
12941,136258,0,1000,12942,0,0,60,60
12942,136259,0,1000,12943,0,0,60,60
12943,136260,0,1000,12944,0,0,60,60
12944,136261,0,1000,12945,0,0,60,60
12945,136262,0,1000,0,0,0,60,60
12946,136265,0,1000,12949,0,0,60,60
12947,136266,0,1000,12948,0,0,60,60
12948,136267,0,1000,0,0,0,60,60
12949,136268,0,1000,12950,0,0,60,60
12950,136269,0,1000,12951,0,0,60,60
12951,136270,0,1000,12952,0,0,60,60
12952,136271,0,1000,12953,0,0,60,60
12953,136272,0,1000,12947,0,0,60,60
12954,136273,0,2000,0,0,0,60,60
12955,136274,0,1000,12954,0,0,60,60
12956,135910,0,3000,11576,0,0,60,60
12958,134400,0,0,12959,0,0,60,60
12959,134401,0,0,0,0,0,60,60
12960,136295,0,1000,0,0,0,60,60
12964,135702,0,3000,13831,0,0,60,60
12965,0,0,3000,14764,0,0,60,60
12971,135498,0,1000,13180,9926,1,60,60
12972,135499,0,1000,13181,9926,1,60,60
12973,135500,0,1000,13182,9926,1,60,60
12976,135320,0,1000,13174,9926,1,60,60
12977,135390,0,1000,13175,9926,1,60,60
12978,135391,0,1000,13176,9926,1,60,60
12979,135452,0,1000,13183,9926,1,60,60
12980,135453,0,1000,13184,9926,1,60,60
12981,135454,0,1000,13185,9926,1,60,60
12982,135458,0,1000,13186,9926,1,60,60
12983,135459,0,1000,13187,9926,1,60,60
12984,135460,0,1000,13188,9926,1,60,60
12985,135461,0,1000,13189,9926,1,60,60
12986,135462,0,1000,13190,9926,1,60,60
12987,135463,0,1000,13191,9926,1,60,60
12988,135793,0,1000,0,9926,1,60,60
12989,135502,0,1000,13178,9926,1,60,60
12990,135503,0,1000,13179,9926,1,60,60
12991,136347,0,1000,0,0,0,60,60
12992,135447,0,1000,0,9926,1,60,60
12993,135449,0,1000,0,9926,1,60,60
12994,135450,0,1000,0,9926,1,60,60
12995,135451,0,1000,0,9926,1,60,60
12996,135327,0,1000,13192,9926,1,60,60
12997,135433,0,1000,13193,9926,1,60,60
12998,135434,0,1000,13194,9926,1,60,60
12999,135435,0,1000,13195,9926,1,60,60
13000,135436,0,1000,13196,9926,1,60,60
13001,135437,0,1000,13197,9926,1,60,60
13002,135438,0,1000,13198,9926,1,60,60
13008,135958,0,1000,0,9926,0,60,60
13009,135959,0,1000,0,9926,0,60,60
13010,136395,0,1000,13011,0,0,60,60
13011,136396,0,1000,0,0,0,60,60
13012,0,0,2000,17013,0,0,60,60
13016,136403,0,1000,0,0,0,60,60
13017,131471,0,1000,13018,0,0,60,60
13018,131459,0,1000,13019,0,0,60,60
13019,136405,0,1000,0,0,0,60,60
13020,0,0,2000,13017,0,0,60,60
13021,135489,0,0,0,0,0,60,60
13022,135490,0,0,0,0,0,60,60
13023,135497,0,0,0,0,0,60,60
13024,135491,0,0,0,0,0,60,60
13025,135493,0,0,0,0,0,60,60
13026,135494,0,0,0,0,0,60,60
13027,135495,0,0,0,0,0,60,60
13031,135684,0,1000,0,0,0,60,60
13032,102141,0,0,0,0,1,60,60
13037,112544,0,2000,0,0,1,60,60
13038,136457,0,1000,14571,0,0,60,60
13039,135877,0,1000,13040,0,0,60,60
13040,129117,0,1000,0,0,0,60,60
13041,112544,0,2000,0,0,1,60,60
13042,135687,0,1000,0,0,0,60,60
13043,112546,0,2000,0,0,1,60,60
13044,135724,0,1000,13045,0,0,60,60
13045,135725,0,1000,13046,0,0,60,60
13046,135727,0,1000,13047,0,0,60,60
13047,135728,0,1000,13048,0,0,60,60
13048,135729,0,1000,13049,0,0,60,60
13049,135730,0,1000,13050,0,0,60,60
13050,135731,0,1000,0,0,0,60,60
13051,136464,0,1000,0,0,0,60,60
13053,136477,0,1000,0,0,0,60,60
13054,136387,0,1000,0,0,0,60,60
13055,136388,0,1000,0,0,0,60,60
13056,136479,0,1000,0,0,0,60,60
13057,136480,0,1000,0,0,0,60,60
13058,136481,0,1000,0,0,0,60,60
13059,136482,0,1000,0,0,0,60,60
13060,136483,0,1000,0,0,0,60,60
13061,136486,0,1000,13062,0,0,60,60
13062,136487,0,1000,13063,0,0,60,60
13063,136488,0,1000,14330,0,0,60,60
13064,136514,0,1000,13065,0,0,60,60
13065,136515,0,0,13066,0,0,60,60
13066,136516,0,0,13067,0,0,60,60
13067,136517,0,0,0,0,0,60,60
13068,134221,0,1000,13069,0,0,60,60
13069,134222,0,2000,0,0,0,60,60
13079,136538,0,1000,13081,0,1,60,60
13081,136380,0,1000,0,0,1,60,60
13082,135299,0,0,0,0,0,60,60
13083,135300,0,0,0,0,0,60,60
13084,135297,0,0,0,0,0,60,60
13085,135298,0,0,0,0,0,60,60
13086,135282,0,0,0,0,0,60,60
13087,135283,0,0,0,0,0,60,60
13088,135284,0,0,0,0,0,60,60
13089,135285,0,0,0,0,0,60,60
13090,128310,0,0,0,0,0,60,60
13091,128312,0,0,0,0,0,60,60
13092,135558,0,0,0,0,0,60,60
13093,135564,0,0,0,0,0,60,60
13094,135551,0,0,0,0,0,60,60
13095,135561,0,0,0,0,0,60,60
13096,135607,0,0,0,9926,0,60,60
13097,135626,0,0,0,9926,0,60,60
13098,135602,0,0,0,9926,0,60,60
13099,135631,0,0,0,9926,0,60,60
13100,136568,0,4000,13101,0,0,60,60
13101,136569,0,5000,13102,0,0,60,60
13102,136570,0,5000,13103,0,0,60,60
13103,136577,0,5000,0,0,0,60,60
13104,136580,0,0,13105,0,0,60,60
13105,136582,0,0,0,0,0,60,60
13106,136583,0,0,0,0,1,60,60
13107,136584,0,0,13108,0,0,60,60
13108,136585,0,0,0,0,0,60,60
13109,136586,0,0,0,0,1,60,60
13111,136591,0,1000,0,0,0,60,60
13112,135767,0,1000,13113,0,0,60,60
13113,135775,0,1000,0,0,0,60,60
13114,136608,0,1000,13115,0,0,60,60
13115,136610,0,1000,13116,0,0,60,60
13116,136609,0,1000,13117,0,0,60,60
13117,136611,0,1000,13118,0,0,60,60
13118,136613,0,1000,13119,0,0,60,60
13119,136615,0,1000,13166,0,0,60,60
13120,136616,0,1000,13133,0,0,60,60
13121,170452,0,1000,13122,0,0,60,60
13122,170453,0,1000,13123,0,0,60,60
13123,136619,0,1000,26767,0,0,60,60
13124,136620,0,1000,13125,0,0,60,60
13125,136621,0,1000,13126,0,0,60,60
13126,136622,0,1000,13127,0,0,60,60
13127,136623,0,1000,13128,0,0,60,60
13128,136624,0,0,13129,0,0,60,60
13129,136625,0,0,13130,0,0,60,60
13130,136626,0,1000,13131,0,0,60,60
13131,136627,0,1000,13132,0,0,60,60
13132,136628,0,1000,15462,0,0,60,60
13133,0,0,0,13121,0,0,60,60
13134,0,0,0,13120,0,0,60,60
13135,136629,0,1000,13136,0,0,60,60
13136,136630,0,1000,13137,0,0,60,60
13137,136631,0,1000,0,0,0,60,60
13138,0,0,0,11819,0,0,60,60
13139,136438,0,500,13140,0,0,60,60
13140,136439,0,1000,0,0,0,60,60
13141,136440,0,0,13142,0,0,60,60
13142,136441,0,1000,0,0,0,60,60
13143,136442,0,0,0,0,0,60,60
13144,136443,0,0,0,0,0,60,60
13145,136444,0,0,0,0,0,60,60
13146,136445,0,0,0,0,0,60,60
13147,136446,0,1000,13148,0,0,60,60
13148,136447,0,1000,13149,0,0,60,60
13149,136448,0,1000,0,0,0,60,60
13150,136449,0,500,13151,0,0,60,60
13151,136450,0,500,13152,0,0,60,60
13152,136451,0,500,13153,0,0,60,60
13153,136453,0,500,0,0,0,60,60
13160,132369,0,1000,0,0,0,60,60
13161,136642,0,1000,0,0,0,60,60
13162,136571,0,500,13163,0,0,60,60
13163,136572,0,500,0,0,0,60,60
13164,135713,0,1000,0,0,0,60,60
13165,136644,0,1000,0,0,0,60,60
13166,136645,0,1000,0,0,0,60,60
13167,135801,0,1000,0,0,0,60,60
13168,144252,0,1000,13169,0,0,60,60
13169,136647,0,1000,0,0,0,60,60
13170,135802,0,1000,0,0,0,60,60
13171,136649,0,1000,0,0,0,60,60
13172,136653,0,1000,13173,0,0,60,60
13173,136654,0,1000,0,0,0,60,60
13174,135793,0,1000,0,9926,1,60,60
13175,135793,0,1000,0,9926,1,60,60
13176,135793,0,1000,0,9926,1,60,60
13177,135391,0,1000,12988,9926,1,60,60
13178,135793,0,1000,0,9926,1,60,60
13179,135793,0,1000,0,9926,1,60,60
13180,135793,0,1000,0,9926,1,60,60
13181,135793,0,1000,0,9926,1,60,60
13182,135793,0,1000,0,9926,1,60,60
13183,135793,0,1000,0,9926,1,60,60
13184,135793,0,1000,0,9926,1,60,60
13185,135793,0,1000,0,9926,1,60,60
13186,135793,0,1000,0,9926,1,60,60
13187,135793,0,1000,0,9926,1,60,60
13188,135793,0,1000,0,9926,1,60,60
13189,135793,0,1000,0,9926,1,60,60
13190,135793,0,1000,0,9926,1,60,60
13191,135793,0,1000,0,9926,1,60,60
13192,135794,0,1000,0,9926,1,60,60
13193,135794,0,1000,0,9926,1,60,60
13194,135794,0,1000,0,9926,1,60,60
13195,135794,0,1000,0,9926,1,60,60
13196,135794,0,1000,0,9926,1,60,60
13197,135794,0,1000,0,9926,1,60,60
13198,135794,0,1000,0,9926,1,60,60
13199,135991,0,1000,13857,9926,0,60,60
13200,135992,0,1000,13863,9926,0,60,60
13201,135993,0,1000,13859,9926,0,60,60
13202,135994,0,1000,13861,9926,0,60,60
13207,135799,0,1000,0,9926,0,60,60
13208,135800,0,1000,0,9926,0,60,60
13209,136012,0,1000,0,0,0,60,60
13210,136013,0,1000,0,0,0,60,60
13211,136680,0,1000,0,0,0,60,60
13212,135947,0,1000,0,0,0,60,60
13213,135948,0,1000,0,0,0,60,60
13214,132388,0,1000,0,0,0,60,60
13216,132389,0,1000,13214,0,0,60,60
13217,135500,0,1000,13218,9926,1,60,60
13218,135793,0,1000,0,9926,1,60,60
13219,135232,0,0,13220,0,0,60,60
13220,135235,0,0,0,0,0,60,60
13221,136720,0,1000,13222,0,0,60,60
13222,136721,0,1000,13223,0,0,60,60
13223,136722,0,1000,0,0,0,60,60
13224,135949,0,1000,0,0,0,60,60
13225,135950,0,1000,0,0,0,60,60
13226,135785,0,0,0,0,0,60,60
13227,136730,0,1000,13228,0,0,60,60
13228,136731,0,1000,13229,0,0,60,60
13229,136732,0,1000,0,0,0,60,60
13230,135952,0,1000,0,0,0,60,60
13231,135953,0,1000,0,0,0,60,60
13232,136740,0,1000,13233,0,0,60,60
13233,136741,0,1000,0,0,0,60,60
13234,136745,0,1000,0,0,1,60,60
13235,136750,0,1000,0,0,0,60,60
13236,134628,0,1000,0,0,0,60,60
13237,135955,0,1000,0,0,0,60,60
13238,135957,0,1000,0,0,0,60,60
13239,131841,0,1000,13240,0,0,60,60
13240,136788,0,1000,13241,0,0,60,60
13241,136789,0,1000,0,0,0,60,60
13242,135676,0,1000,0,0,0,60,60
13243,135677,0,1000,0,0,0,60,60
13244,135682,0,1000,0,0,0,60,60
13245,135686,0,1000,0,0,0,60,60
13246,135557,0,1000,0,0,0,60,60
13247,135568,0,1000,0,0,0,60,60
13248,135707,0,1000,0,0,0,60,60
13249,135711,0,1000,0,0,0,60,60
13250,132638,0,1000,0,0,0,60,60
13251,136808,0,4000,13253,0,0,60,60
13252,136809,0,2000,13256,0,1,60,60
13253,136814,0,1000,13252,0,0,60,60
13254,136810,0,0,13255,0,0,60,60
13255,136811,0,1000,13257,0,0,60,60
13256,136815,0,5000,13254,0,1,60,60
13257,136816,0,1000,0,0,0,60,60
13258,136818,0,1000,13259,0,1,60,60
13259,136819,0,3000,16335,0,0,60,60
13262,136824,0,1000,0,0,1,60,60
13266,136825,0,1000,13262,0,0,60,60
13267,136823,0,1000,0,0,1,60,60
13268,135936,0,1000,0,0,0,60,60
13269,135937,0,1000,0,0,0,60,60
13270,132127,0,1000,0,0,0,60,60
13271,134266,0,500,13292,0,1,60,60
13272,136845,0,500,13273,0,1,60,60
13273,136848,0,500,13290,0,0,60,60
13274,135938,0,1000,0,0,0,60,60
13275,135940,0,1000,0,0,0,60,60
13287,135961,0,1000,0,0,0,60,60
13288,135962,0,1000,0,0,0,60,60
13290,136894,0,500,13291,0,0,60,60
13291,136895,0,500,13271,0,1,60,60
13292,136906,0,500,0,0,1,60,60
13299,136934,0,500,0,0,1,60,60
13300,136940,0,0,0,0,0,60,60
13301,136939,0,0,0,0,0,60,60
13302,136941,0,0,0,0,0,60,60
13303,136935,0,0,0,0,0,60,60
13304,136938,0,0,0,0,0,60,60
13305,136937,0,0,0,0,0,60,60
13306,136936,0,0,0,0,0,60,60
13311,136976,0,1000,13312,0,0,60,60
13312,136977,0,1000,14241,0,0,60,60
13315,136987,0,1000,0,0,0,60,60
13316,135623,0,1000,0,9926,0,60,60
13317,135636,0,1000,0,9926,0,60,60
13318,135611,0,1000,0,9926,0,60,60
13319,135635,0,1000,0,9926,0,60,60
13320,135600,0,1000,0,9926,0,60,60
13321,128268,0,1000,0,9926,0,60,60
13322,135606,0,1000,0,9926,0,60,60
13323,128270,0,1000,0,9926,0,60,60
13324,135609,0,1000,0,9926,0,60,60
13325,135634,0,1000,0,9926,0,60,60
13326,135603,0,1000,0,9926,0,60,60
13327,135629,0,1000,0,9926,0,60,60
13328,135552,0,1000,0,0,0,60,60
13329,135560,0,1000,0,0,0,60,60
13330,135556,0,1000,0,0,0,60,60
13331,135571,0,1000,0,0,0,60,60
13332,135553,0,1000,0,0,0,60,60
13333,135569,0,1000,0,0,0,60,60
13334,135550,0,1000,0,0,0,60,60
13335,135566,0,1000,0,0,0,60,60
13336,135554,0,1000,0,0,0,60,60
13337,135570,0,1000,0,0,0,60,60
13338,137015,0,1000,13339,0,1,60,60
13339,137016,0,1000,0,0,0,60,60
13340,136942,0,500,13341,0,0,60,60
13341,136943,0,500,13342,0,0,60,60
13342,136944,0,0,0,0,0,60,60
13343,135608,0,1000,0,9926,0,60,60
13344,135633,0,1000,0,9926,0,60,60
13345,127248,0,1000,0,9926,0,60,60
13346,135627,0,1000,0,9926,0,60,60
13347,137029,0,1000,13348,0,0,60,60
13348,137030,0,1000,0,0,0,60,60
13349,137031,0,1000,0,0,0,60,60
13350,137032,0,1000,13351,0,0,60,60
13351,137033,0,1000,0,0,0,60,60
13352,136998,0,500,13353,0,1,60,60
13353,136999,0,500,0,0,0,60,60
13355,136930,0,1000,0,9794,1,60,60
13356,136932,0,1000,0,9794,1,60,60
13357,137046,0,1000,13358,0,0,60,60
13358,137047,0,1000,13359,0,0,60,60
13359,137048,0,1000,0,0,0,60,60
13360,137011,0,500,0,0,1,60,60
13361,135933,0,0,0,0,0,60,60
13362,135932,0,0,0,0,0,60,60
13363,132234,0,1000,0,9794,0,60,60
13370,137063,0,1000,13371,0,0,60,60
13371,137065,0,1000,13372,0,0,60,60
13372,0,0,3000,0,0,0,60,60
13373,133567,0,1000,13374,0,0,60,60
13374,133568,0,1000,13375,0,0,60,60
13375,133915,0,1000,0,0,0,60,60
13376,135934,0,1000,0,0,0,60,60
13381,137125,0,1000,13382,0,0,60,60
13382,137126,0,1000,13457,0,0,60,60
13385,135935,0,1000,0,0,0,60,60
13386,135963,0,1000,0,9926,0,60,60
13387,135964,0,1000,0,9926,0,60,60
13388,135965,0,1000,0,9926,0,60,60
13389,135966,0,1000,0,9926,0,60,60
13390,137157,0,1000,13391,0,0,60,60
13391,0,0,0,0,0,0,60,60
13392,137161,0,1000,0,0,0,60,60
13394,137176,0,0,0,9794,0,60,60
13395,137177,0,0,0,9794,0,60,60
13396,137178,0,1000,0,0,0,60,60
13397,137179,0,1000,0,0,0,60,60
13398,137180,0,1000,0,0,0,60,60
13399,137181,0,1000,0,0,0,60,60
13400,137182,0,1000,0,9926,0,60,60
13401,137183,0,1000,0,9926,0,60,60
13402,137184,0,1000,0,0,0,60,60
13403,137185,0,1000,0,0,0,60,60
13404,137186,0,1000,0,0,0,60,60
13405,137187,0,1000,0,0,0,60,60
13406,137217,0,0,0,9794,0,60,60
13407,137218,0,0,0,9794,0,60,60
13408,137219,0,0,0,9794,0,60,60
13409,137220,0,0,0,9794,0,60,60
13410,137189,0,1000,0,0,0,60,60
13411,137188,0,1000,0,0,0,60,60
13412,137191,0,1000,0,0,0,60,60
13413,137190,0,1000,0,0,0,60,60
13414,137222,0,1000,0,0,0,60,60
13415,137221,0,1000,0,0,0,60,60
13416,137225,0,1000,0,0,0,60,60
13417,137224,0,1000,0,0,0,60,60
13418,137212,0,1000,0,0,0,60,60
13419,137216,0,1000,0,9926,0,60,60
13420,137215,0,1000,0,9926,0,60,60
13421,137202,0,1000,0,9926,0,60,60
13422,137203,0,1000,0,9926,0,60,60
13423,137192,0,1000,0,9926,0,60,60
13424,137193,0,1000,0,9926,0,60,60
13425,137228,0,0,0,9794,0,60,60
13426,137227,0,0,0,9794,0,60,60
13427,137194,0,0,0,9794,0,60,60
13428,137195,0,0,0,9794,0,60,60
13429,137229,0,1000,0,0,0,60,60
13430,137230,0,1000,0,0,0,60,60
13431,137205,0,1000,0,0,0,60,60
13432,137207,0,1000,0,0,0,60,60
13433,137210,0,1000,0,0,0,60,60
13434,137214,0,1000,0,0,0,60,60
13435,137208,0,1000,0,0,0,60,60
13436,137209,0,1000,0,0,0,60,60
13437,137213,0,1000,0,0,0,60,60
13438,137211,0,1000,0,0,0,60,60
13439,137201,0,1000,0,0,0,60,60
13440,137200,0,1000,0,0,0,60,60
13441,137198,0,1000,0,0,0,60,60
13442,137199,0,1000,0,0,0,60,60
13443,137196,0,1000,0,0,0,60,60
13444,137197,0,1000,0,0,0,60,60
13445,135821,0,1000,0,9794,0,60,60
13446,135822,0,1000,0,9794,0,60,60
13447,135825,0,1000,0,9794,0,60,60
13448,135826,0,1000,0,9794,0,60,60
13449,135827,0,1000,0,9794,0,60,60
13450,135828,0,1000,0,9794,0,60,60
13451,135830,0,1000,0,9794,0,60,60
13452,135831,0,1000,0,9794,0,60,60
13453,135833,0,1000,0,9794,0,60,60
13454,135834,0,1000,0,9794,0,60,60
13455,135941,0,1000,0,0,0,60,60
13456,135942,0,1000,0,0,0,60,60
13457,0,0,0,0,0,0,60,60
13458,137256,0,0,0,0,0,60,60
13459,137258,0,0,0,0,0,60,60
13460,137259,0,0,0,0,0,60,60
13461,137260,0,1000,13462,0,0,60,60
13462,137261,0,2000,13463,0,0,60,60
13463,137262,0,1000,0,0,0,60,60
13464,137276,0,4000,0,0,0,60,60
13465,137277,0,4000,0,0,0,60,60
13466,137278,0,4000,0,0,0,60,60
13467,137279,0,4000,0,0,0,60,60
13468,132159,0,2000,0,0,0,60,60
13469,137280,0,1000,0,0,0,60,60
13470,137281,0,1000,14869,0,0,60,60
13472,137282,0,3000,0,0,0,60,60
13474,135930,0,1000,0,9926,0,60,60
13475,135931,0,1000,0,9926,0,60,60
13476,135544,0,1000,0,0,0,60,60
13477,135559,0,1000,0,0,0,60,60
13478,137341,0,1000,13480,0,0,60,60
13479,137342,0,1000,13481,0,0,60,60
13480,137343,0,1000,13479,0,0,60,60
13481,137344,0,1000,13482,0,0,60,60
13482,137345,0,1000,13483,0,0,60,60
13483,137346,0,1000,0,0,0,60,60
13484,137377,0,0,0,0,0,60,60
13485,137378,0,0,0,0,0,60,60
13486,137434,0,1000,0,0,0,60,60
13487,137508,0,2000,13488,0,0,60,60
13488,137459,0,1000,13489,0,0,60,60
13489,137460,0,3000,13490,0,0,60,60
13490,137461,0,2000,13491,0,0,60,60
13491,137462,0,2000,0,0,0,60,60
13492,137637,0,1000,0,0,0,60,60
13493,137466,0,1000,0,0,0,60,60
13494,137469,0,1000,13495,0,0,60,60
13495,137470,0,1000,0,0,0,60,60
13497,135238,0,3000,13498,0,0,60,60
13498,135239,0,0,0,0,0,60,60
13499,137475,0,1000,0,0,1,60,60
13500,137476,0,1000,0,0,0,60,60
13501,137477,0,1000,0,0,0,60,60
13502,137483,0,1000,0,0,0,60,60
13504,137514,0,1000,0,0,0,60,60
13505,137518,0,2000,15652,0,0,60,60
13506,137519,0,2000,13508,0,0,60,60
13508,137520,0,1000,13509,0,0,60,60
13509,137521,0,3000,13510,0,0,60,60
13510,137522,0,1000,13511,0,0,60,60
13511,137524,0,1000,0,0,0,60,60
13513,137525,0,1000,13514,0,0,60,60
13514,137526,0,1000,14568,0,0,60,60
13516,0,0,1000,13505,0,0,60,60
13517,137531,0,1000,0,0,0,60,60
13520,137536,0,1000,13521,0,0,60,60
13521,137535,0,1000,13522,0,0,60,60
13522,137537,0,1000,15782,0,0,60,60
13525,137552,0,1000,13526,0,0,60,60
13526,137553,0,1000,13527,0,0,60,60
13527,137554,0,1000,0,0,0,60,60
13528,137561,0,1000,13529,0,0,60,60
13529,137559,0,1000,13530,0,0,60,60
13530,137560,0,1000,0,0,0,60,60
13531,138847,0,1000,13895,0,0,60,60
13532,137559,0,1000,13533,0,0,60,60
13533,137560,0,1000,0,0,0,60,60
13535,137569,0,-3000,13536,0,1,60,60
13536,137570,0,-2000,13537,0,1,60,60
13537,137571,0,-1000,0,0,0,60,60
13539,137573,0,1000,13540,0,1,60,60
13540,137574,0,1000,13541,0,1,60,60
13541,137575,0,1000,0,0,1,60,60
13545,137584,0,1000,0,0,1,60,60
13546,137585,0,2000,13547,0,0,60,60
13547,137586,0,1000,13581,0,0,60,60
13549,137588,0,1000,13551,0,0,60,60
13551,137590,0,-3000,13555,0,0,60,60
13555,137594,0,1000,13558,0,0,60,60
13558,137597,0,1000,0,0,0,60,60
13559,137383,0,1000,13560,0,0,60,60
13560,137384,0,1000,13561,0,0,60,60
13561,137385,0,1000,0,0,0,60,60
13562,137602,0,1000,13563,0,0,60,60
13563,137603,0,1000,13877,0,0,60,60
13565,137605,0,1000,0,0,0,60,60
13567,137608,0,1000,0,0,0,60,60
13568,137609,0,1000,0,0,0,60,60
13574,137389,0,1000,13612,0,0,60,60
13575,137707,0,1000,0,0,0,60,60
13576,137388,0,5000,13574,0,0,60,60
13577,137618,0,1000,0,0,0,60,60
13580,137637,0,2000,0,0,0,60,60
13581,137638,0,1000,0,0,0,60,60
13582,137639,0,1000,0,0,0,60,60
13583,137640,0,1000,13584,0,0,60,60
13584,137641,0,1000,0,0,0,60,60
13585,137643,0,1000,0,0,0,60,60
13586,137640,0,1000,13587,0,0,60,60
13587,137641,0,1000,0,0,0,60,60
13591,137651,0,0,13592,0,0,60,60
13592,137652,0,0,13902,0,0,60,60
13594,137392,0,5000,13595,0,0,60,60
13595,137393,0,1000,13596,0,0,60,60
13596,137394,0,1000,16809,0,0,60,60
13598,137568,0,1000,0,0,0,60,60
13599,137676,0,1000,13602,0,0,60,60
13602,137689,0,1000,13603,0,0,60,60
13603,137690,0,1000,0,0,0,60,60
13605,137708,0,1000,13606,0,0,60,60
13606,137709,0,1000,13610,0,0,60,60
13607,137710,0,1000,0,0,0,60,60
13610,139360,0,1000,13987,0,0,60,60
13612,137390,0,1000,13575,0,0,60,60
13613,137410,0,0,0,0,0,60,60
13614,137411,0,1000,13615,0,0,60,60
13615,137412,0,0,0,0,0,60,60
13616,137409,0,1000,13613,0,0,60,60
13617,137719,0,1000,13618,0,0,60,60
13618,137720,0,1000,13619,0,0,60,60
13619,137721,0,1000,0,0,0,60,60
13623,136117,0,1000,13624,0,0,60,60
13624,136120,0,1000,13625,0,0,60,60
13625,136119,0,1000,13626,0,0,60,60
13626,136118,0,1000,13627,0,0,60,60
13627,136121,0,1000,13628,0,0,60,60
13628,136122,0,1000,0,0,0,60,60
13629,137728,0,1000,0,0,0,60,60
13630,137732,0,1000,0,0,0,60,60
13631,137733,0,1000,13632,0,0,60,60
13632,137734,0,1000,0,0,0,60,60
13633,137742,0,1000,13634,0,0,60,60
13634,137743,0,1000,13635,0,0,60,60
13635,137744,0,1000,0,0,0,60,60
13636,129990,0,0,0,0,1,60,60
13637,137745,0,0,13638,0,1,60,60
13638,137746,0,0,13639,0,0,60,60
13639,137747,0,0,13640,0,0,60,60
13640,137748,0,0,13641,0,1,60,60
13641,137749,0,0,13642,0,1,60,60
13642,137750,0,0,0,0,1,60,60
13644,137757,0,3000,13645,0,1,60,60
13645,137758,0,0,0,0,1,60,60
13646,137762,0,1000,13647,0,0,60,60
13647,137763,0,1000,13648,0,0,60,60
13648,137764,0,1000,0,0,0,60,60
13649,137777,0,1000,13650,0,0,60,60
13650,137778,0,1000,13651,0,0,60,60
13651,137779,0,2000,13652,0,0,60,60
13652,137780,0,1000,13653,0,0,60,60
13653,137781,0,1000,13654,0,0,60,60
13654,137782,0,1000,13655,0,0,60,60
13655,137783,0,1000,13656,0,0,60,60
13656,137784,0,1000,13657,0,0,60,60
13657,137785,0,1000,0,0,0,60,60
13659,112535,0,2000,0,0,1,60,60
13660,112535,0,2000,0,0,1,60,60
13661,112526,0,2000,0,0,1,60,60
13662,112527,0,2000,0,0,1,60,60
13663,112519,0,2000,0,0,1,60,60
13664,112519,0,2000,0,0,1,60,60
13665,112518,0,2000,0,0,1,60,60
13666,112510,0,2000,0,0,1,60,60
13667,112510,0,2000,0,0,1,60,60
13668,112511,0,2000,0,0,1,60,60
13676,137885,0,500,13677,0,0,60,60
13677,137886,0,1000,0,0,1,60,60
13679,137901,0,1000,0,0,0,60,60
13680,137906,0,1000,0,0,0,60,60
13681,137902,0,1000,13682,0,0,60,60
13682,137903,0,1000,13683,0,0,60,60
13683,137905,0,1000,0,0,0,60,60
13690,137887,0,1000,0,0,1,60,60
13691,137911,0,4000,13692,0,0,60,60
13692,137912,0,1000,0,0,0,60,60
13696,152366,0,1000,17136,0,0,60,60
13701,136035,0,1000,13702,0,0,60,60
13702,136036,0,3000,13703,9926,0,60,60
13703,136037,0,0,0,0,0,60,60
13709,0,0,1000,10847,0,0,60,60
13710,138008,0,1000,13711,0,0,60,60
13711,138009,0,1000,0,0,0,60,60
13713,138020,0,1000,0,0,1,60,60
13718,138036,0,1000,13719,0,0,60,60
13719,138037,0,1000,0,0,0,60,60
13723,138044,0,1000,13724,0,0,60,60
13724,138045,0,1000,0,0,0,60,60
13725,138046,0,1000,0,0,0,60,60
13726,138049,0,1000,13727,0,0,60,60
13727,138050,0,1000,0,0,0,60,60
13728,133722,0,1000,13729,0,0,60,60
13729,133723,0,1000,0,0,0,60,60
13737,138067,0,1000,13738,0,0,60,60
13738,138068,0,1000,13741,0,0,60,60
13741,138071,0,1000,13742,0,0,60,60
13742,138069,0,1000,13743,0,0,60,60
13743,138070,0,1000,0,0,0,60,60
13744,138072,0,1000,0,0,0,60,60
13745,138073,0,1000,13746,0,0,60,60
13746,138074,0,1000,0,0,0,60,60
13747,138075,0,1000,0,0,0,60,60
13748,137089,0,1000,13749,0,0,60,60
13749,137090,0,1000,0,0,0,60,60
13750,137091,0,1000,13751,0,0,60,60
13751,137092,0,1000,0,0,0,60,60
13752,137093,0,1000,13753,0,0,60,60
13753,137094,0,1000,0,0,0,60,60
13754,137095,0,1000,13755,0,0,60,60
13755,137097,0,1000,0,0,0,60,60
13756,133623,0,1000,0,0,0,60,60
13757,137128,0,0,14487,0,0,60,60
13758,137143,0,2000,13759,0,0,60,60
13759,137144,0,2000,13760,0,0,60,60
13760,133571,0,0,0,0,0,60,60
13763,137153,0,2000,13764,0,0,60,60
13764,137154,0,0,13765,0,0,60,60
13765,138120,0,0,0,0,0,60,60
13766,0,0,1000,13757,0,0,60,60
13767,138118,0,3000,13763,0,0,60,60
13768,138202,0,0,0,0,0,60,60
13769,138203,0,0,0,0,0,60,60
13776,138208,0,1000,13777,0,0,60,60
13777,138209,0,1000,13778,0,0,60,60
13778,138210,0,1000,13779,0,0,60,60
13779,138211,0,-1000,13780,0,0,60,60
13780,138212,0,-1000,13781,0,0,60,60
13781,138213,0,-1000,13782,0,0,60,60
13782,138214,0,1000,0,0,0,60,60
13783,136981,0,3000,13784,0,0,60,60
13784,136982,0,3000,13785,0,0,60,60
13785,136983,0,3000,13786,0,0,60,60
13786,136984,0,3000,13787,0,0,60,60
13787,136985,0,3000,0,0,0,60,60
13790,138501,0,3000,13791,0,0,60,60
13791,138502,0,1000,0,0,0,60,60
13792,133631,0,1000,0,0,0,60,60
13793,138529,0,500,13794,0,1,60,60
13794,138530,0,0,0,0,0,60,60
13795,138494,0,500,13796,0,1,60,60
13796,138495,0,500,13797,0,0,60,60
13797,138496,0,500,13798,0,0,60,60
13798,138497,0,500,13799,0,0,60,60
13799,138498,0,500,13800,0,0,60,60
13800,138499,0,500,0,0,0,60,60
13801,138548,0,500,13802,0,0,60,60
13802,138549,0,500,13803,0,0,60,60
13803,138550,0,500,13804,0,0,60,60
13804,138551,0,500,13805,0,0,60,60
13805,138552,0,500,0,0,0,60,60
13806,138554,0,0,0,0,0,60,60
13808,138566,0,1000,13809,0,0,60,60
13809,138567,0,1000,13810,0,0,60,60
13810,138568,0,1000,0,0,0,60,60
13811,135464,0,1000,13812,0,1,60,60
13812,135465,0,1000,13813,0,1,60,60
13813,135466,0,1000,0,0,1,60,60
13814,0,0,1000,13801,0,0,60,60
13815,138519,0,500,13816,0,0,60,60
13816,138520,0,500,13817,0,0,60,60
13817,138521,0,0,0,0,0,60,60
13818,138723,0,1000,13819,0,0,60,60
13819,138709,0,1000,13820,0,0,60,60
13820,138724,0,1000,0,0,0,60,60
13822,135752,0,1000,0,0,0,60,60
13823,135753,0,1000,0,0,0,60,60
13824,135754,0,1000,0,0,0,60,60
13825,135755,0,1000,0,0,0,60,60
13826,136014,0,2000,11644,0,0,60,60
13827,133623,0,1000,13756,0,0,60,60
13828,135135,0,3000,12590,0,0,60,60
13829,135135,0,3000,13828,0,0,60,60
13830,135164,0,4000,12964,0,0,60,60
13831,135702,0,3000,0,0,0,60,60
13832,138737,0,1000,13834,0,0,60,60
13834,138739,0,1000,0,0,0,60,60
13835,138752,0,3000,13836,0,0,60,60
13836,138753,0,3000,13837,0,0,60,60
13837,138754,0,2000,13838,0,0,60,60
13838,138755,0,1000,0,0,0,60,60
13848,138759,0,500,14321,0,0,60,60
13849,138760,0,500,14312,0,0,60,60
13851,136533,0,500,15713,0,0,60,60
13852,147726,0,500,0,0,0,60,60
13853,132424,0,2000,12368,0,0,60,60
13854,138766,0,2000,13855,0,0,60,60
13855,138767,0,1000,13856,0,0,60,60
13856,138768,0,0,0,0,0,60,60
13857,135991,0,1000,13858,0,0,60,60
13858,135991,0,1000,0,0,0,60,60
13859,135993,0,1000,13860,0,0,60,60
13860,135993,0,1000,0,0,0,60,60
13861,135994,0,1000,13862,0,0,60,60
13862,135994,0,1000,0,0,0,60,60
13863,135992,0,1000,13864,0,0,60,60
13864,135992,0,1000,0,0,0,60,60
13865,138775,0,500,13866,0,0,60,60
13866,138776,0,1000,0,0,0,60,60
13867,138812,0,5000,13868,0,0,60,60
13868,138813,0,1000,13869,0,0,60,60
13869,138814,0,500,13870,0,0,60,60
13870,138815,0,500,13871,0,0,60,60
13871,138816,0,2000,13872,0,0,60,60
13872,138817,0,1000,13873,0,0,60,60
13873,138818,0,500,13874,0,0,60,60
13874,138819,0,500,13875,0,0,60,60
13875,138820,0,2000,13876,0,0,60,60
13876,138821,0,2000,0,0,0,60,60
13877,138823,0,1000,0,0,0,60,60
13878,138824,0,1000,0,0,0,60,60
13885,138829,0,3000,13886,0,0,60,60
13886,138830,0,4000,13887,0,0,60,60
13887,138832,0,1000,0,0,0,60,60
13895,138848,0,3000,13532,0,0,60,60
13897,137008,0,500,13898,0,1,60,60
13898,137009,0,500,13360,0,1,60,60
13900,139162,0,1000,0,0,1,60,60
13902,139168,0,0,0,0,0,60,60
13904,139204,0,1000,13905,0,1,60,60
13905,139240,0,1000,13906,0,1,60,60
13906,139241,0,1000,0,0,1,60,60
13930,139290,0,1000,0,0,1,60,60
13931,139281,0,1000,13932,0,0,60,60
13932,139282,0,1000,13933,0,0,60,60
13933,139283,0,1000,13934,0,0,60,60
13934,139284,0,1000,13935,0,0,60,60
13935,139285,0,1000,13936,0,0,60,60
13936,139286,0,1000,13937,0,0,60,60
13937,139287,0,1000,13938,0,0,60,60
13938,139288,0,1000,0,0,0,60,60
13939,139263,0,1000,13940,9794,0,60,60
13940,139264,0,1000,13941,12868,0,60,60
13941,139265,0,1000,13942,12869,0,60,60
13942,139266,0,1000,13943,12869,0,60,60
13943,139267,0,1000,13944,12869,0,60,60
13944,139268,0,1000,13945,1514,0,60,60
13945,139269,0,1000,13946,1514,0,60,60
13946,139270,0,1000,13947,1514,0,60,60
13947,139271,0,1000,14019,1514,0,60,60
13948,139256,0,1000,13949,9794,0,60,60
13949,139257,0,1000,13950,1514,0,60,60
13950,139258,0,1000,13951,1514,0,60,60
13951,139259,0,1000,13952,1514,0,60,60
13952,139260,0,1000,13953,1514,0,60,60
13953,139261,0,1000,13954,1514,0,60,60
13954,139262,0,1000,14020,9794,0,60,60
13955,139291,0,1000,0,0,1,60,60
13956,137615,0,1000,13957,0,0,60,60
13957,137616,0,1000,0,0,0,60,60
13958,139359,0,1000,14028,0,0,60,60
13959,139275,0,1000,13960,0,0,60,60
13960,139276,0,1000,0,0,0,60,60
13961,139277,0,1000,13962,0,0,60,60
13962,139278,0,1000,13963,0,0,60,60
13963,139279,0,1000,0,0,0,60,60
13964,139292,0,1000,13965,0,0,60,60
13965,139293,0,1000,13966,0,0,60,60
13966,139294,0,1000,13967,0,0,60,60
13967,139295,0,1000,0,0,0,60,60
13968,139299,0,1000,13969,0,0,60,60
13969,139300,0,1000,13970,0,0,60,60
13970,139301,0,1000,13971,0,0,60,60
13971,139302,0,1000,0,0,0,60,60
13972,139306,0,1000,0,0,0,60,60
13977,139345,0,2000,13978,0,0,60,60
13978,139346,0,2000,13979,0,0,60,60
13979,139348,0,2000,13980,0,0,60,60
13980,139351,0,1000,0,0,0,60,60
13986,139354,0,1000,13607,0,0,60,60
13987,139363,0,1000,13988,0,0,60,60
13988,139364,0,1000,13989,0,0,60,60
13989,139365,0,1000,13990,0,0,60,60
13990,139366,0,-2000,13991,0,0,60,60
13991,139367,0,1000,13992,0,0,60,60
13992,139368,0,1000,13986,0,0,60,60
13993,139370,0,1000,0,0,0,60,60
13995,139375,0,1000,0,0,0,60,60
14003,136528,0,1000,0,0,1,60,60
14005,139299,0,1000,14007,1514,0,60,60
14007,139301,0,1000,14008,1514,0,60,60
14008,139302,0,1000,14026,1514,0,60,60
14015,139384,0,1000,0,0,0,60,60
14016,139386,0,1000,0,0,0,60,60
14017,139387,0,1000,0,0,0,60,60
14018,139388,0,1000,0,0,0,60,60
14019,0,0,0,0,0,0,60,60
14020,0,0,0,0,0,0,60,60
14026,0,0,0,14029,0,0,60,60
14027,139482,0,1000,0,0,0,60,60
14028,139352,0,1000,13959,0,0,60,60
14029,0,0,0,0,0,0,60,60
14030,139974,0,0,14031,0,0,60,60
14031,139975,0,1000,0,0,0,60,60
14032,139977,0,1000,0,0,0,60,60
14033,132690,0,1000,14034,0,0,60,60
14034,132691,0,0,0,0,0,60,60
14035,139990,0,1000,22036,0,0,60,60
14036,139993,0,1000,0,0,0,60,60
14038,139995,0,1000,0,0,0,60,60
14040,139997,0,1000,0,0,0,60,60
14042,139999,0,1000,14043,0,0,60,60
14043,140004,0,1000,0,0,0,60,60
14045,140002,0,1000,14046,0,0,60,60
14046,140003,0,1000,14047,0,0,60,60
14047,140004,0,3000,14048,0,0,60,60
14048,0,0,0,0,0,0,60,60
14049,140030,0,1000,0,0,0,60,60
14050,140085,0,1000,0,0,0,60,60
14051,140090,0,1000,0,0,0,60,60
14052,140091,0,1000,14090,0,0,60,60
14053,140104,0,1000,0,0,0,60,60
14054,140105,0,1000,0,0,0,60,60
14055,140107,0,1000,0,0,0,60,60
14056,140108,0,1000,0,0,0,60,60
14057,140109,0,1000,0,0,0,60,60
14058,140156,0,1000,14059,0,0,60,60
14059,140157,0,1000,14060,0,0,60,60
14060,140158,0,1000,14061,0,1,60,60
14061,140159,0,1000,0,0,1,60,60
14062,140188,0,1000,0,0,0,60,60
14063,140282,0,5000,14064,0,0,60,60
14064,140283,0,1000,0,0,0,60,60
14065,140296,0,1000,14066,0,0,60,60
14066,140297,0,1000,0,0,0,60,60
14067,140308,0,1000,14068,0,0,60,60
14068,140309,0,0,14069,0,0,60,60
14069,140310,0,0,14070,0,0,60,60
14070,140311,0,0,0,0,0,60,60
14071,140317,0,1000,14072,0,0,60,60
14072,140318,0,1000,14073,0,0,60,60
14073,140320,0,1000,14074,0,0,60,60
14074,140319,0,1000,0,0,0,60,60
14075,140322,0,1000,0,0,0,60,60
14076,140334,0,1000,14077,0,0,60,60
14077,140335,0,1000,0,0,0,60,60
14079,140380,0,1000,0,0,0,60,60
14080,140385,0,1000,14081,0,0,60,60
14081,140386,0,1000,14082,0,0,60,60
14082,140387,0,1000,0,0,0,60,60
14084,139992,0,1000,0,0,0,60,60
14085,140437,0,500,0,0,0,60,60
14086,140438,0,500,0,0,0,60,60
14088,148374,0,1000,15929,0,0,60,60
14089,148387,0,1000,15934,0,0,60,60
14090,140458,0,1000,0,0,0,60,60
14093,140472,0,1000,14094,12869,0,60,60
14094,140473,0,1000,14095,12869,0,60,60
14095,140474,0,1000,14096,12869,0,60,60
14096,140475,0,1000,14097,12869,0,60,60
14097,139296,0,1000,0,12869,0,60,60
14098,140483,0,1000,14099,0,0,60,60
14099,140484,0,1000,14296,0,0,60,60
14101,140486,0,0,14292,0,0,60,60
14102,140487,0,1000,14103,0,0,60,60
14103,140488,0,1000,0,0,0,60,60
14104,140489,0,1000,14105,0,0,60,60
14105,140490,0,1000,0,0,0,60,60
14106,140494,0,1000,14107,0,0,60,60
14107,140495,0,1000,14108,0,0,60,60
14108,140496,0,1000,14109,0,0,60,60
14109,140497,0,1000,14110,0,0,60,60
14110,140498,0,1000,14111,0,0,60,60
14111,140499,0,0,0,0,0,60,60
14112,140500,0,500,14113,0,0,60,60
14113,140501,0,500,14115,0,0,60,60
14114,140502,0,0,14117,0,0,60,60
14115,140503,0,1000,14114,0,0,60,60
14116,140504,0,0,0,0,0,60,60
14117,140505,0,0,14118,0,0,60,60
14118,140506,0,0,14116,0,0,60,60
14119,140525,0,0,14120,0,0,60,60
14120,140526,0,0,14121,0,0,60,60
14121,140531,0,0,14122,0,0,60,60
14122,140528,0,0,0,0,0,60,60
14123,140558,0,1000,14124,0,0,60,60
14124,140563,0,1000,14125,0,0,60,60
14125,140564,0,0,14126,0,0,60,60
14126,140560,0,0,14127,0,0,60,60
14127,140565,0,0,0,0,0,60,60
14128,139300,0,1000,14005,1514,0,60,60
14129,140607,0,1000,14130,0,0,60,60
14130,140608,0,1000,14131,0,0,60,60
14131,140609,0,0,14132,0,0,60,60
14132,140610,0,1000,0,0,0,60,60
14133,140611,0,4000,0,0,0,60,60
14136,140619,0,2000,14303,0,0,60,60
14137,137284,0,800,16839,0,0,60,60
14138,140620,0,3000,14139,0,0,60,60
14139,140621,0,5000,14140,0,0,60,60
14140,140623,0,3000,14141,0,0,60,60
14141,140624,0,5000,14142,0,0,60,60
14142,140625,0,0,0,0,0,60,60
14143,140626,0,4000,14144,0,0,60,60
14144,140627,0,1000,0,0,0,60,60
14148,161958,0,1000,0,1523,1,60,60
14149,140671,0,1000,0,1523,0,60,60
14150,140673,0,1000,0,1523,0,60,60
14151,140675,0,2000,14922,3340,0,60,60
14152,139334,0,1000,14153,0,0,60,60
14153,139362,0,0,0,0,0,60,60
14155,140689,0,1000,14157,0,0,60,60
14156,140693,0,0,14155,0,0,60,60
14157,140697,0,1000,0,0,0,60,60
14175,140749,0,1000,14176,0,0,60,60
14176,140750,0,1000,14177,0,0,60,60
14177,140752,0,1000,14178,0,0,60,60
14178,140753,0,1000,14179,0,0,60,60
14179,140754,0,2000,14180,0,0,60,60
14180,140756,0,1000,14181,0,0,60,60
14181,140757,0,1000,14182,0,0,60,60
14182,140758,0,4000,14183,0,0,60,60
14183,140759,0,0,0,0,0,60,60
14188,140769,0,1000,14189,0,0,60,60
14189,140770,0,1000,14190,0,0,60,60
14190,140771,0,1000,0,0,0,60,60
14191,140783,0,1000,0,0,1,60,60
14192,140784,0,1000,0,0,1,60,60
14196,140794,0,1000,0,0,1,60,60
14199,140612,0,1000,14200,0,0,60,60
14200,140632,0,3000,14201,0,0,60,60
14201,140613,0,4000,0,0,0,60,60
14202,140826,0,1000,14203,0,0,60,60
14203,140828,0,1000,0,0,0,60,60
14204,140837,0,1000,0,0,0,60,60
14205,139976,0,2000,0,0,0,60,60
14206,140633,0,1000,14207,0,0,60,60
14207,140634,0,1000,0,0,0,60,60
14208,140638,0,1000,0,0,0,60,60
14209,140642,0,1000,0,0,0,60,60
14210,140641,0,1000,0,0,0,60,60
14211,140643,0,1000,0,0,0,60,60
14218,140896,0,3000,0,0,0,60,60
14219,140892,0,1000,0,0,0,60,60
14220,140893,0,1000,0,0,0,60,60
14221,140894,0,1000,0,0,0,60,60
14222,140895,0,1000,0,0,0,60,60
14223,140905,0,1000,14224,0,0,60,60
14224,140906,0,1000,19695,0,0,60,60
14226,140923,0,0,14227,0,0,60,60
14227,140924,0,4000,0,0,0,60,60
14228,140938,0,1000,14229,0,0,60,60
14229,140937,0,1000,14230,0,0,60,60
14230,140939,0,1000,0,0,0,60,60
14241,136981,0,3000,14242,0,0,60,60
14242,136982,0,3000,14243,0,0,60,60
14243,136983,0,3000,14244,0,0,60,60
14244,136984,0,3000,14245,0,0,60,60
14245,136985,0,3000,0,0,0,60,60
14246,141049,0,1000,13311,0,0,60,60
14247,141052,0,1000,14248,0,0,60,60
14248,141053,0,1000,14252,1514,0,60,60
14249,141054,0,1000,14250,10852,0,60,60
14250,141055,0,1000,14251,0,0,60,60
14251,141056,0,1000,0,0,0,60,60
14252,141057,0,1000,14669,0,0,60,60
14253,141059,0,1000,15151,0,0,60,60
14254,142688,0,1000,0,10852,0,60,60
14255,141061,0,1000,14256,10852,0,60,60
14256,141062,0,1000,0,0,0,60,60
14257,143610,0,1000,15178,0,0,60,60
14258,141067,0,1000,14259,0,0,60,60
14259,141068,0,1000,14257,0,0,60,60
14260,141063,0,1000,14261,10852,0,60,60
14261,141064,0,1000,14262,0,0,60,60
14262,141065,0,1000,0,0,0,60,60
14263,141046,0,1000,14264,0,0,60,60
14264,141072,0,1000,14265,0,0,60,60
14265,141047,0,1000,0,0,0,60,60
14266,0,0,0,0,0,0,60,60
14267,0,0,2000,14246,0,0,60,60
14268,141085,0,1000,0,0,0,60,60
14269,141086,0,1000,0,0,0,60,60
14270,141087,0,1000,0,0,0,60,60
14271,141088,0,1000,0,0,0,60,60
14272,141093,0,4000,14276,0,0,60,60
14275,141096,0,1000,0,0,0,60,60
14276,141139,0,2000,14275,0,0,60,60
14277,141106,0,4000,14278,0,0,60,60
14278,141107,0,2000,14279,0,0,60,60
14279,141100,0,2000,0,0,0,60,60
14280,141137,0,-1000,0,0,0,60,60
14281,141138,0,1000,0,0,0,60,60
14282,0,0,0,14536,0,0,60,60
14284,141143,0,3000,0,0,1,60,60
14285,141147,0,1000,0,0,1,60,60
14286,141152,0,3000,14287,0,1,60,60
14287,141153,0,4000,0,0,1,60,60
14288,140574,0,1000,14289,0,1,60,60
14289,140578,0,1000,14290,0,1,60,60
14290,140582,0,1000,14291,0,1,60,60
14291,140583,0,1000,0,0,1,60,60
14292,0,0,0,14282,0,0,60,60
14293,0,0,1000,14098,0,0,60,60
14294,140487,0,1000,14295,0,0,60,60
14295,140488,0,1000,0,0,0,60,60
14296,140485,0,1000,14297,0,0,60,60
14297,141158,0,1000,14101,0,0,60,60
14299,133274,0,1000,0,0,0,60,60
14300,141185,0,1000,14301,0,0,60,60
14301,141186,0,1000,14302,0,0,60,60
14302,141187,0,-2000,0,0,0,60,60
14303,0,0,4000,14143,0,0,60,60
14305,141197,0,1000,0,0,1,60,60
14306,140590,0,1000,14307,0,1,60,60
14307,140593,0,1000,14308,0,1,60,60
14308,140594,0,1000,0,0,1,60,60
14310,141213,0,1000,0,0,0,60,60
14312,141233,0,500,13848,0,0,60,60
14321,141238,0,500,13851,16684,0,60,60
14322,141262,0,0,14323,0,0,60,60
14323,141263,0,0,14324,0,0,60,60
14324,141265,0,0,14325,0,0,60,60
14325,141266,0,0,14326,0,0,60,60
14326,141275,0,0,14327,0,0,60,60
14327,141276,0,0,0,0,0,60,60
14328,141340,0,0,14329,0,0,60,60
14329,141341,0,0,0,0,0,60,60
14330,141342,0,1000,0,0,0,60,60
14331,141344,0,0,14332,0,0,60,60
14332,141348,0,0,14333,0,0,60,60
14333,141349,0,0,0,0,0,60,60
14335,141351,0,1000,0,0,0,60,60
14336,136464,0,1000,14466,0,0,60,60
14337,141369,0,1000,14338,0,0,60,60
14338,141370,0,0,14339,0,0,60,60
14339,141371,0,1000,0,0,0,60,60
14343,141375,0,0,14344,0,0,60,60
14344,141376,0,0,14347,0,0,60,60
14347,141379,0,0,14348,0,0,60,60
14348,141380,0,0,14349,0,0,60,60
14349,141381,0,0,14350,0,0,60,60
14350,141382,0,0,14351,0,0,60,60
14351,141383,0,0,14352,0,0,60,60
14352,141384,0,0,14355,0,0,60,60
14355,141387,0,0,14356,0,0,60,60
14356,141388,0,0,14357,0,0,60,60
14357,141389,0,0,14359,0,0,60,60
14359,141391,0,0,14360,0,0,60,60
14360,141392,0,0,14361,0,0,60,60
14361,141393,0,0,14362,0,0,60,60
14362,141394,0,0,14363,0,0,60,60
14363,141395,0,0,14364,0,0,60,60
14364,141396,0,0,0,0,0,60,60
14374,141411,0,1000,14375,0,0,60,60
14375,141413,0,1000,14376,0,0,60,60
14376,141412,0,1000,14377,14437,0,60,60
14377,141415,0,0,0,0,0,60,60
14378,141416,0,1000,14385,0,0,60,60
14379,141417,0,0,0,0,0,60,60
14380,141419,0,500,14383,0,0,60,60
14381,141420,0,500,14384,0,0,60,60
14382,141421,0,0,0,0,0,60,60
14383,0,0,3000,14381,0,0,60,60
14384,0,0,3000,14382,0,0,60,60
14385,0,0,3000,14379,0,0,60,60
14386,141372,0,1000,14387,0,0,60,60
14387,141373,0,0,14388,0,0,60,60
14388,141374,0,0,0,0,0,60,60
14389,141426,0,0,0,0,0,60,60
14390,0,0,3000,14389,0,0,60,60
14391,141427,0,1000,14392,0,0,60,60
14392,141428,0,1000,14393,0,0,60,60
14393,141429,0,1000,14394,0,0,60,60
14394,141430,0,5000,14395,0,0,60,60
14395,141431,0,3000,0,0,0,60,60
14405,141480,0,1000,0,0,0,60,60
14406,141497,0,1000,14424,0,0,60,60
14407,141481,0,1000,0,0,0,60,60
14408,141482,0,1000,0,0,0,60,60
14409,141483,0,1000,0,0,0,60,60
14410,141484,0,1000,0,0,0,60,60
14411,141485,0,1000,0,0,0,60,60
14412,141486,0,1000,0,0,0,60,60
14413,141487,0,1000,0,0,0,60,60
14414,141488,0,1000,0,0,0,60,60
14415,141489,0,1000,0,0,0,60,60
14416,141490,0,1000,0,0,0,60,60
14417,141491,0,1000,0,0,0,60,60
14418,141492,0,1000,0,0,0,60,60
14419,141493,0,1000,0,0,0,60,60
14420,141494,0,1000,0,0,0,60,60
14421,141495,0,1000,0,0,0,60,60
14422,141496,0,1000,0,0,0,60,60
14423,141498,0,1000,14406,0,0,60,60
14424,141499,0,1000,0,0,0,60,60
14425,141500,0,5000,0,0,0,60,60
14426,141519,0,1000,0,0,0,60,60
14429,141502,0,1000,14430,0,0,60,60
14430,141503,0,0,14431,0,0,60,60
14431,141504,0,0,20972,0,0,60,60
14432,141505,0,0,14518,0,0,60,60
14439,141517,0,1000,0,0,0,60,60
14440,141554,0,1000,14441,0,0,60,60
14441,141555,0,1000,0,0,0,60,60
14442,141571,0,1000,18520,0,0,60,60
14444,141575,0,2000,0,0,0,60,60
14445,141576,0,2000,0,0,0,60,60
14446,141577,0,2000,0,0,0,60,60
14447,141578,0,2000,0,0,0,60,60
14448,141579,0,2000,0,0,0,60,60
14449,141805,0,1000,14450,0,0,60,60
14450,141806,0,1000,14451,0,0,60,60
14451,141807,0,1000,14452,0,0,60,60
14452,141808,0,1000,14453,0,0,60,60
14453,141809,0,1000,14454,0,0,60,60
14454,141810,0,1000,14455,0,0,60,60
14455,0,0,0,0,0,0,60,60
14456,141609,0,1000,0,0,0,60,60
14457,141596,0,1000,14112,0,0,60,60
14458,141611,0,-500,13258,0,0,60,60
14461,140363,0,0,14462,0,0,60,60
14462,140364,0,2000,22247,0,0,60,60
14463,131843,0,2000,0,0,0,60,60
14464,140809,0,1000,14465,0,0,60,60
14465,140810,0,1000,0,0,0,60,60
14466,0,0,0,0,0,0,60,60
14467,141667,0,1000,0,0,1,60,60
14468,136320,0,3000,0,0,1,60,60
14469,141673,0,0,14470,0,0,60,60
14470,141674,0,0,0,0,0,60,60
14472,141677,0,0,14473,0,0,60,60
14473,141678,0,1000,14474,0,0,60,60
14474,141679,0,1000,14475,0,0,60,60
14475,141680,0,0,14476,0,0,60,60
14476,141681,0,0,15079,0,0,60,60
14477,141684,0,-500,14478,0,1,60,60
14478,141685,0,3000,14479,0,0,60,60
14479,141686,0,1000,14480,0,0,60,60
14480,141687,0,0,14481,0,0,60,60
14481,141688,0,1000,0,0,0,60,60
14482,140733,0,0,14483,0,1,60,60
14483,140734,0,0,14484,0,1,60,60
14484,140735,0,0,0,0,1,60,60
14485,141722,0,1000,0,0,0,60,60
14486,141724,0,1000,14485,0,1,60,60
14487,137127,0,1000,13758,0,0,60,60
14488,141734,0,1000,0,0,0,60,60
14489,141733,0,1000,14488,0,0,60,60
14492,141736,0,1000,14493,0,0,60,60
14493,141737,0,2500,14494,0,0,60,60
14494,141738,0,2000,14495,0,0,60,60
14495,141739,0,0,0,0,0,60,60
14496,142025,0,500,14497,0,0,60,60
14497,142028,0,500,14498,0,0,60,60
14498,142030,0,500,14499,0,0,60,60
14499,142031,0,500,14500,0,0,60,60
14500,142026,0,1000,14501,0,0,60,60
14501,142032,0,1000,14502,0,0,60,60
14502,0,0,0,14503,0,0,60,60
14503,142027,0,500,14504,0,0,60,60
14504,142036,0,500,14505,0,0,60,60
14505,0,0,0,0,0,0,60,60
14507,141767,0,500,0,0,1,60,60
14513,141762,0,500,14514,0,1,60,60
14514,141765,0,500,14515,0,1,60,60
14515,141764,0,500,14516,0,1,60,60
14516,141766,0,500,14507,0,1,60,60
14517,141344,0,0,14335,0,0,60,60
14518,141777,0,0,0,0,0,60,60
14519,142038,0,500,14520,0,0,60,60
14520,142048,0,500,14521,0,0,60,60
14521,142039,0,500,14522,0,0,60,60
14522,142041,0,500,14610,0,0,60,60
14526,142040,0,500,14527,0,0,60,60
14527,142042,0,500,0,0,0,60,60
14529,141778,0,1000,14531,0,0,60,60
14530,141779,0,1000,14532,0,0,60,60
14531,141780,0,1000,0,0,0,60,60
14532,141781,0,1000,0,0,0,60,60
14533,141782,0,1000,14534,0,0,60,60
14534,141783,0,1000,0,0,0,60,60
14535,141784,0,1000,0,0,0,60,60
14536,0,0,5000,14102,0,0,60,60
14537,141787,0,0,14538,0,0,60,60
14538,0,0,0,0,0,0,60,60
14539,141788,0,0,14540,0,0,60,60
14540,0,0,0,0,0,0,60,60
14541,141789,0,2000,14542,0,0,60,60
14542,141793,0,1000,14543,0,0,60,60
14543,141794,0,1000,0,0,0,60,60
14544,141826,0,1000,14545,0,0,60,60
14545,141827,0,1000,14546,0,0,60,60
14546,141828,0,1000,0,0,0,60,60
14547,141837,0,1000,14548,0,0,60,60
14548,141838,0,0,14549,0,0,60,60
14549,141839,0,6000,14550,0,0,60,60
14550,141840,0,0,14551,0,0,60,60
14551,0,0,0,0,0,0,60,60
14552,141841,0,1000,14553,0,0,60,60
14553,0,0,2000,14554,0,0,60,60
14554,0,0,0,0,0,0,60,60
14555,0,0,0,14547,0,0,60,60
14556,141855,0,1000,0,0,0,60,60
14561,141859,0,3000,14562,0,0,60,60
14562,141860,0,1000,0,0,0,60,60
14563,141863,0,1000,14564,0,0,60,60
14564,141864,0,1000,0,0,0,60,60
14565,141790,0,0,14566,0,0,60,60
14566,141791,0,0,14567,0,0,60,60
14567,141792,0,0,0,0,0,60,60
14568,141865,0,1000,0,0,0,60,60
14570,141867,0,1000,13525,0,0,60,60
14571,141881,0,1000,13111,0,0,60,60
14572,141882,0,1000,14573,0,0,60,60
14573,141883,0,1000,0,0,0,60,60
14577,141885,0,1000,14578,0,0,60,60
14578,141886,0,1000,14579,0,0,60,60
14579,141887,0,3000,14580,0,0,60,60
14580,141888,0,1000,14582,0,0,60,60
14581,141890,0,0,14583,0,0,60,60
14582,141889,0,1000,14581,0,0,60,60
14583,141891,0,1000,14584,0,0,60,60
14584,141896,0,1000,0,0,0,60,60
14585,141908,0,500,14586,0,0,60,60
14586,141909,0,1000,14587,0,0,60,60
14587,141910,0,1000,14588,0,0,60,60
14588,141911,0,0,14589,0,0,60,60
14589,0,0,0,0,0,0,60,60
14596,142049,0,500,14597,0,0,60,60
14597,142052,0,500,18001,0,0,60,60
14602,0,0,0,14604,0,0,60,60
14604,142050,0,500,14605,0,0,60,60
14605,142053,0,500,0,0,0,60,60
14607,142020,0,1000,14608,0,0,60,60
14608,142021,0,1000,14609,0,0,60,60
14609,142022,0,1000,0,0,0,60,60
14610,0,0,0,14526,0,0,60,60
14611,142051,0,1000,0,0,0,60,60
14612,142076,0,500,14613,0,0,60,60
14613,142081,0,500,18014,0,0,60,60
14615,142077,0,500,14616,0,0,60,60
14616,142080,0,500,0,0,0,60,60
14617,142185,0,500,14618,0,0,60,60
14618,142207,0,500,18007,0,0,60,60
14620,142204,0,500,14621,0,0,60,60
14621,142206,0,500,0,0,0,60,60
14622,144095,0,500,15016,0,1,60,60
14623,142217,0,500,14624,0,0,60,60
14624,142221,0,500,18003,0,0,60,60
14626,142218,0,500,14627,0,0,60,60
14627,142220,0,500,0,0,0,60,60
14628,142400,0,1000,14629,0,0,60,60
14629,142401,0,1000,14630,0,0,60,60
14630,142402,0,1000,14631,0,0,60,60
14631,142403,0,1000,0,0,0,60,60
14634,0,0,0,14620,0,0,60,60
14636,0,0,12000,14637,0,0,60,60
14637,142573,0,3000,14638,0,0,60,60
14638,142574,0,5000,14639,0,0,60,60
14639,142575,0,0,0,0,0,60,60
14640,136422,0,0,0,0,0,60,60
14641,142594,0,1000,0,0,0,60,60
14642,143616,0,0,0,0,0,60,60
14643,142596,0,0,0,0,0,60,60
14644,142597,0,0,0,0,0,60,60
14646,142599,0,1000,0,0,0,60,60
14647,141507,0,0,14648,0,0,60,60
14648,141508,0,0,0,0,0,60,60
14649,141509,0,0,0,0,0,60,60
14651,142603,0,0,0,0,0,60,60
14652,142601,0,5000,14653,0,0,60,60
14653,142602,0,0,0,0,0,60,60
14655,143633,0,1000,0,0,0,60,60
14656,142637,0,3000,14657,0,0,60,60
14657,142638,0,0,0,0,0,60,60
14658,141912,0,500,14659,0,0,60,60
14659,141913,0,500,14660,0,0,60,60
14660,141914,0,500,14661,0,0,60,60
14661,141915,0,500,14662,0,0,60,60
14662,141916,0,0,0,0,0,60,60
14663,142664,0,1000,0,0,1,60,60
14664,141918,0,500,14665,0,0,60,60
14665,141919,0,500,14666,0,0,60,60
14666,141920,0,500,14667,0,0,60,60
14667,141921,0,500,14668,0,0,60,60
14668,141922,0,0,0,0,0,60,60
14669,142672,0,1000,14249,0,0,60,60
14671,0,0,2000,14672,0,0,60,60
14672,142680,0,1000,0,0,0,60,60
14673,0,0,2000,14674,0,0,60,60
14674,142683,0,1000,0,0,0,60,60
14676,142719,0,1000,0,0,1,60,60
14677,142897,0,1000,0,0,0,60,60
14678,142898,0,1000,14677,0,0,60,60
14680,0,0,1000,14664,0,0,60,60
14681,0,0,0,14626,0,0,60,60
14682,0,0,0,14615,0,0,60,60
14683,109720,0,1000,14684,0,0,60,60
14684,110424,0,1000,14596,0,0,60,60
14685,109721,0,1000,14686,0,0,60,60
14686,110426,0,1000,14623,0,0,60,60
14687,124050,0,1000,14688,0,0,60,60
14688,124049,0,1000,14617,0,0,60,60
14690,142993,0,1000,0,0,0,60,60
14691,142994,0,1000,0,0,0,60,60
14692,142995,0,1000,0,0,0,60,60
14693,142997,0,1000,14694,0,0,60,60
14694,142998,0,1000,0,0,0,60,60
14695,142872,0,0,14696,0,0,60,60
14696,142873,0,0,14697,0,0,60,60
14697,142874,0,500,0,0,0,60,60
14701,142878,0,500,14702,0,0,60,60
14702,142879,0,500,14703,0,0,60,60
14703,142880,0,500,14705,0,0,60,60
14705,142881,0,500,14706,0,0,60,60
14706,142882,0,4000,14707,0,0,60,60
14707,142883,0,500,14708,0,0,60,60
14708,142884,0,500,14709,0,0,60,60
14709,142885,0,500,14710,0,0,60,60
14710,142886,0,500,14711,0,0,60,60
14711,142887,0,500,14712,0,0,60,60
14712,142888,0,500,14713,0,0,60,60
14713,142889,0,500,14714,0,0,60,60
14714,142890,0,0,0,0,0,60,60
14718,141400,0,3000,14719,0,0,60,60
14719,141401,0,0,14720,0,0,60,60
14720,141402,0,0,14721,0,0,60,60
14721,141403,0,-2500,14722,0,0,60,60
14722,141404,0,0,14723,0,0,60,60
14723,141405,0,0,0,0,0,60,60
14724,141397,0,1000,14725,0,0,60,60
14725,141398,0,1000,14726,0,0,60,60
14726,141399,0,0,0,0,0,60,60
14727,143031,0,0,0,0,0,60,60
14728,141512,0,0,15465,0,0,60,60
14729,143032,0,0,0,0,0,60,60
14730,143033,0,0,14734,0,0,60,60
14731,143034,0,0,0,0,0,60,60
14732,143035,0,3000,14729,0,0,60,60
14734,143037,0,0,0,0,0,60,60
14735,143039,0,0,14736,0,0,60,60
14736,143041,0,0,14737,0,0,60,60
14737,143042,0,0,15461,0,0,60,60
14740,143083,0,0,14741,0,0,60,60
14741,143085,0,0,0,0,0,60,60
14742,143086,0,0,14743,0,0,60,60
14743,143087,0,0,0,0,0,60,60
14744,143088,0,0,14745,0,0,60,60
14745,149549,0,0,16316,0,0,60,60
14746,143100,0,0,14747,0,0,60,60
14747,143102,0,0,16330,0,0,60,60
14748,143044,0,0,0,0,0,60,60
14749,127575,0,0,0,0,0,60,60
14751,142609,0,500,14752,0,0,60,60
14752,142610,0,500,14753,0,0,60,60
14753,142611,0,0,0,0,0,60,60
14754,142612,0,500,14755,0,0,60,60
14755,142613,0,500,14787,0,0,60,60
14756,143313,0,0,0,0,0,60,60
14759,142616,0,500,14760,0,0,60,60
14760,142617,0,500,14761,0,0,60,60
14761,142618,0,0,0,0,0,60,60
14762,150361,0,1000,0,0,0,60,60
14764,143235,0,2000,14765,0,0,60,60
14765,143238,0,2000,14766,0,0,60,60
14766,143239,0,2000,14767,0,0,60,60
14767,143240,0,2000,14768,0,0,60,60
14768,143242,0,3000,0,0,0,60,60
14769,152183,0,1000,0,0,0,60,60
14770,143229,0,1000,14785,0,0,60,60
14776,143280,0,1000,14778,0,0,60,60
14777,143281,0,1000,0,0,0,60,60
14778,143283,0,1000,14777,0,0,60,60
14779,143286,0,1000,0,0,0,60,60
14785,143307,0,1000,0,0,0,60,60
14786,143312,0,1000,0,0,0,60,60
14787,142614,0,0,14756,0,0,60,60
14788,142960,0,500,14789,0,0,60,60
14789,142961,0,1000,0,0,0,60,60
14790,143335,0,1000,14806,0,0,60,60
14794,143374,0,1000,14795,0,0,60,60
14795,143375,0,1000,14796,0,0,60,60
14796,143376,0,1000,0,0,0,60,60
14797,143124,0,500,14798,0,0,60,60
14798,143144,0,0,14799,0,0,60,60
14799,143145,0,0,14800,0,0,60,60
14800,143146,0,0,14801,0,0,60,60
14801,143147,0,0,14802,0,0,60,60
14802,143148,0,0,14803,0,0,60,60
14803,143149,0,0,14804,0,0,60,60
14804,143150,0,0,14805,0,0,60,60
14805,143151,0,0,0,0,0,60,60
14806,143336,0,1000,14807,0,0,60,60
14807,143337,0,1000,0,0,0,60,60
14819,143539,0,500,0,8994,0,60,60
14821,142964,0,500,14822,0,0,60,60
14822,142965,0,500,0,0,0,60,60
14823,143553,0,1000,14824,0,0,60,60
14824,143554,0,1000,14825,0,0,60,60
14825,143555,0,1000,14826,0,0,60,60
14826,143557,0,1000,14827,0,0,60,60
14827,143558,0,1000,0,0,1,60,60
14828,143276,0,500,14829,0,0,60,60
14829,143277,0,0,14830,0,0,60,60
14830,143288,0,0,14831,0,0,60,60
14831,143293,0,0,14832,0,0,60,60
14832,143292,0,0,0,0,0,60,60
14833,142966,0,500,14834,0,0,60,60
14834,142967,0,500,14835,0,0,60,60
14835,142968,0,500,14836,0,0,60,60
14836,142969,0,500,0,0,0,60,60
14837,143543,0,500,14838,0,0,60,60
14838,143544,0,500,14839,0,0,60,60
14839,143545,0,500,14840,0,0,60,60
14840,143546,0,500,14841,0,0,60,60
14841,143547,0,500,14844,0,0,60,60
14844,143550,0,500,14845,0,0,60,60
14845,143551,0,3000,14846,0,0,60,60
14846,143552,0,500,14847,0,0,60,60
14847,143556,0,500,0,0,0,60,60
14848,142606,0,500,14849,0,0,60,60
14849,142607,0,500,14850,0,0,60,60
14850,142608,0,500,0,0,0,60,60
14851,143566,0,1000,14852,0,0,60,60
14852,143568,0,1000,0,0,0,60,60
14855,143481,0,1000,14856,0,0,60,60
14856,143482,0,0,0,0,0,60,60
14857,143172,0,0,14858,0,0,60,60
14858,143173,0,0,14859,0,0,60,60
14859,143175,0,1000,14860,0,0,60,60
14860,143176,0,1000,14861,0,0,60,60
14861,143178,0,0,14862,0,0,60,60
14862,143179,0,0,0,0,0,60,60
14863,143718,0,0,14864,0,0,60,60
14864,143720,0,0,0,0,0,60,60
14868,143788,0,0,0,0,0,60,60
14869,143814,0,800,13972,0,0,60,60
14870,137284,0,3000,13472,0,0,60,60
14871,154702,0,1000,0,0,1,60,60
14872,143816,0,3000,14873,0,1,60,60
14873,143817,0,1000,0,0,0,60,60
14874,143818,0,1000,14875,0,1,60,60
14875,143819,0,1000,0,0,1,60,60
14876,143820,0,1000,14877,0,0,60,60
14877,143821,0,800,14878,0,0,60,60
14878,139306,0,1000,0,0,0,60,60
14879,151326,0,1000,14880,0,0,60,60
14880,143823,0,800,14881,0,0,60,60
14881,143824,0,1000,0,0,0,60,60
14882,151327,0,1000,14883,0,0,60,60
14883,143827,0,800,14884,0,0,60,60
14884,143824,0,1000,0,0,0,60,60
14885,143828,0,3000,14886,0,0,60,60
14886,143829,0,3000,0,0,0,60,60
14888,143830,0,1000,0,0,1,60,60
14890,143831,0,1000,0,0,1,60,60
14892,143832,0,1000,0,0,1,60,60
14894,143833,0,1000,0,0,1,60,60
14895,143834,0,3000,14896,0,0,60,60
14896,143835,0,1000,0,0,1,60,60
14897,140622,0,3000,14898,0,0,60,60
14898,143836,0,1000,0,0,1,60,60
14899,143834,0,3000,14900,0,0,60,60
14900,143837,0,1000,0,0,1,60,60
14901,143838,0,3000,14902,0,1,60,60
14902,143839,0,1000,0,0,0,60,60
14903,143840,0,3000,14904,0,1,60,60
14904,143841,0,1000,0,0,0,60,60
14905,143842,0,3000,14906,0,1,60,60
14906,143839,0,1000,0,0,0,60,60
14907,143843,0,1000,0,0,1,60,60
14908,143844,0,1000,0,0,1,60,60
14909,143857,0,1000,14913,0,0,60,60
14910,143856,0,1000,0,0,0,60,60
14911,143854,0,2000,14912,0,0,60,60
14912,143855,0,1000,0,0,0,60,60
14913,143859,0,1000,0,0,0,60,60
14914,138741,0,2000,14915,0,0,60,60
14915,138742,0,1000,0,0,0,60,60
14920,143876,0,1000,0,0,0,60,60
14921,0,0,3000,14920,0,0,60,60
14922,140729,0,1000,0,0,0,60,60
14923,143917,0,0,0,0,0,60,60
14924,143930,0,0,0,0,0,60,60
14925,143963,0,1000,14924,0,0,60,60
14926,143923,0,1000,14927,0,0,60,60
14927,143931,0,0,0,0,0,60,60
14928,143924,0,1000,14929,0,0,60,60
14929,143932,0,0,0,0,0,60,60
14930,143925,0,1000,14931,0,0,60,60
14931,143933,0,0,0,0,0,60,60
14932,143926,0,1000,14933,0,0,60,60
14933,143934,0,0,0,0,0,60,60
14934,143927,0,1000,14935,0,0,60,60
14935,143935,0,0,0,0,0,60,60
14936,143928,0,1000,14937,0,0,60,60
14937,143936,0,0,0,0,0,60,60
14938,143929,0,1000,14939,0,0,60,60
14939,143937,0,0,0,0,0,60,60
14940,143922,0,1000,14941,0,0,60,60
14941,143949,0,0,0,0,0,60,60
14942,143940,0,1000,14943,0,0,60,60
14943,143950,0,0,0,0,0,60,60
14944,143942,0,1000,14945,0,0,60,60
14945,143952,0,0,0,0,0,60,60
14946,143943,0,1000,14947,0,0,60,60
14947,143956,0,0,0,0,0,60,60
14948,143944,0,1000,14949,0,0,60,60
14949,143957,0,0,0,0,0,60,60
14950,143945,0,1000,14951,0,0,60,60
14951,143958,0,0,0,0,0,60,60
14952,143946,0,1000,14953,0,0,60,60
14953,143959,0,0,0,0,0,60,60
14954,143947,0,1000,14955,0,0,60,60
14955,143962,0,0,0,0,0,60,60
14956,143921,0,1000,14957,0,0,60,60
14957,143972,0,2000,14958,0,0,60,60
14958,143973,0,2000,14959,0,0,60,60
14959,143974,0,0,0,0,0,60,60
14960,143980,0,1000,14961,0,0,60,60
14961,143988,0,0,0,0,0,60,60
14962,143981,0,1000,14963,0,0,60,60
14963,143989,0,0,0,0,0,60,60
14964,143982,0,1000,14965,0,0,60,60
14965,143990,0,0,0,0,0,60,60
14966,143983,0,1000,14967,0,0,60,60
14967,143991,0,0,0,0,0,60,60
14968,143984,0,1000,14969,0,0,60,60
14969,143992,0,0,0,0,0,60,60
14970,143985,0,1000,14971,0,0,60,60
14971,143993,0,0,0,0,0,60,60
14972,143986,0,1000,14973,0,0,60,60
14973,143994,0,0,0,0,0,60,60
14974,143987,0,1000,14975,0,0,60,60
14975,143995,0,0,0,0,0,60,60
14976,143996,0,1000,14977,0,0,60,60
14977,144004,0,1000,0,0,0,60,60
14978,143997,0,1000,14979,0,0,60,60
14979,144005,0,1000,0,0,0,60,60
14980,143998,0,1000,14981,0,0,60,60
14981,144006,0,0,0,0,0,60,60
14982,143999,0,1000,14983,0,0,60,60
14983,144007,0,0,0,0,0,60,60
14984,144000,0,1000,14985,0,0,60,60
14985,144008,0,0,0,0,0,60,60
14986,144001,0,1000,14987,0,0,60,60
14987,144009,0,0,0,0,0,60,60
14988,144002,0,1000,14989,0,0,60,60
14989,144010,0,0,0,0,0,60,60
14990,144003,0,1000,14991,0,0,60,60
14991,144011,0,0,0,0,0,60,60
14992,144015,0,0,0,0,0,60,60
14993,144016,0,0,0,0,0,60,60
14994,144021,0,1000,0,0,0,60,60
14995,144025,0,1000,0,0,0,60,60
14996,144020,0,1000,14997,0,0,60,60
14997,144023,0,2000,14998,0,0,60,60
14998,144024,0,1000,14999,0,0,60,60
14999,144027,0,0,0,0,0,60,60
15000,144068,0,1000,15001,0,0,60,60
15001,144069,0,1000,15002,0,0,60,60
15002,144070,0,1000,0,0,0,60,60
15003,144087,0,2000,15004,0,0,60,60
15004,144088,0,2250,15005,0,0,60,60
15005,144093,0,2000,15006,0,0,60,60
15006,144089,0,4000,0,0,0,60,60
15010,144094,0,1000,0,0,0,60,60
15011,0,0,1000,15010,0,0,60,60
15012,144090,0,4000,15013,0,0,60,60
15013,144091,0,6000,0,0,0,60,60
15015,144107,0,1000,0,0,1,60,60
15016,144096,0,500,15017,0,1,60,60
15017,144097,0,500,15019,0,1,60,60
15019,144099,0,6000,15015,0,1,60,60
15020,142718,0,1000,14622,0,1,60,60
15021,143598,0,1000,15022,0,0,60,60
15022,143599,0,1000,15023,0,0,60,60
15023,143600,0,0,0,0,0,60,60
15024,143699,0,1000,0,0,0,60,60
15025,143601,0,0,15026,0,0,60,60
15026,143602,0,0,15027,0,0,60,60
15027,143603,0,0,0,0,0,60,60
15028,143700,0,1000,0,0,0,60,60
15029,144138,0,1000,0,0,0,60,60
15031,143605,0,1000,15032,0,0,60,60
15032,143606,0,0,0,0,0,60,60
15034,143608,0,0,15035,0,0,60,60
15035,143609,0,0,0,0,0,60,60
15036,144140,0,1000,15037,0,0,60,60
15037,144139,0,1000,15038,0,0,60,60
15038,144141,0,1000,15039,0,0,60,60
15039,144142,0,1000,0,0,0,60,60
15040,143003,0,0,15041,0,0,60,60
15041,143004,0,0,15042,0,0,60,60
15042,143005,0,0,0,0,0,60,60
15043,143010,0,500,15044,0,0,60,60
15044,143011,0,500,15045,0,0,60,60
15045,143012,0,500,0,0,0,60,60
15046,142999,0,500,15047,0,0,60,60
15047,143000,0,500,15048,0,0,60,60
15048,143001,0,500,15049,0,0,60,60
15049,143002,0,500,0,0,0,60,60
15050,136652,0,1000,0,0,0,60,60
15051,144163,0,1000,0,0,1,60,60
15052,144164,0,1000,15053,0,0,60,60
15053,144165,0,1000,15054,0,0,60,60
15054,144167,0,1000,0,0,0,60,60
15055,140321,0,3500,15060,0,0,60,60
15056,143976,0,3000,0,0,0,60,60
15057,143977,0,1500,15067,0,0,60,60
15058,0,0,500,15057,0,0,60,60
15059,0,0,500,15055,0,0,60,60
15060,0,0,400,15056,0,0,60,60
15061,135734,0,500,15062,0,0,60,60
15062,135736,0,500,15063,0,0,60,60
15063,135735,0,500,15064,0,0,60,60
15064,135737,0,500,15065,0,0,60,60
15065,135738,0,500,15066,0,0,60,60
15066,135739,0,500,0,0,0,60,60
15067,0,0,750,15068,0,0,60,60
15068,144184,0,0,0,0,0,60,60
15069,136646,0,1000,13168,0,0,60,60
15070,143018,0,500,15071,0,0,60,60
15071,143019,0,500,15072,0,0,60,60
15072,143020,0,500,15073,0,0,60,60
15073,143013,0,500,15074,0,0,60,60
15074,143014,0,500,15075,0,0,60,60
15075,143015,0,1000,15076,0,0,60,60
15076,143016,0,1500,15077,0,0,60,60
15077,143017,0,0,0,0,0,60,60
15078,144268,0,0,15012,0,0,60,60
15079,141870,0,0,15080,0,0,60,60
15080,141871,0,1000,15081,0,0,60,60
15081,141872,0,0,15082,0,0,60,60
15082,141873,0,1000,15083,0,0,60,60
15083,141874,0,500,15084,0,0,60,60
15084,141875,0,500,15085,0,0,60,60
15085,141876,0,0,0,0,0,60,60
15086,141892,0,1000,15087,0,0,60,60
15087,141893,0,1000,15088,0,0,60,60
15088,141894,0,1000,15089,0,0,60,60
15089,141895,0,1000,15090,0,0,60,60
15090,141897,0,0,15091,0,0,60,60
15091,141898,0,0,0,0,0,60,60
15092,130731,0,1000,15093,0,0,60,60
15093,130707,0,0,11229,0,0,60,60
15094,144307,0,1000,0,0,0,60,60
15095,144335,0,1000,0,0,0,60,60
15096,144345,0,0,0,0,0,60,60
15097,144468,0,1000,0,0,0,60,60
15098,142639,0,1000,0,0,0,60,60
15099,142640,0,1000,0,0,0,60,60
15100,144359,0,1000,15101,0,0,60,60
15101,144360,0,1000,15102,0,0,60,60
15102,144361,0,1000,15103,0,0,60,60
15103,144362,0,0,15138,0,0,60,60
15106,144374,0,0,0,0,0,60,60
15107,142595,0,1000,14642,0,0,60,60
15108,144376,0,1000,0,0,1,60,60
15111,142604,0,1000,0,0,0,60,60
15115,143624,0,1000,15116,0,0,60,60
15116,143625,0,1000,15117,0,0,60,60
15117,143626,0,500,15118,0,0,60,60
15118,0,0,0,0,0,0,60,60
15119,143630,0,1000,15120,0,0,60,60
15120,143631,0,1000,15121,0,0,60,60
15121,143632,0,500,15122,0,0,60,60
15122,0,0,0,0,0,0,60,60
15123,142605,0,1000,14655,0,0,60,60
15124,143635,0,1000,15125,0,0,60,60
15125,143636,0,1000,15126,0,0,60,60
15126,143637,0,500,0,0,0,60,60
15129,143639,0,1000,0,0,0,60,60
15130,142598,0,1000,0,0,0,60,60
15132,144379,0,0,15133,0,0,60,60
15133,144380,0,0,0,0,0,60,60
15134,144381,0,0,15135,0,0,60,60
15135,144382,0,0,0,0,0,60,60
15136,144385,0,1000,15137,0,0,60,60
15137,144393,0,1000,0,0,0,60,60
15138,0,0,0,0,0,0,60,60
15139,144387,0,2000,15140,0,0,60,60
15140,144388,0,2000,0,0,0,60,60
15141,144399,0,1000,0,0,0,60,60
15142,144401,0,1000,0,0,0,60,60
15143,144404,0,1000,0,0,0,60,60
15145,138712,0,1000,15146,0,0,60,60
15146,144400,0,1000,15141,0,0,60,60
15147,138713,0,1000,15142,0,0,60,60
15148,138714,0,1000,15149,0,0,60,60
15149,144402,0,1000,15150,0,0,60,60
15150,144403,0,1000,15143,0,0,60,60
15151,141060,0,1000,14254,10852,0,60,60
15152,143640,0,0,0,0,0,60,60
15160,142674,0,1000,15161,0,0,60,60
15161,142686,0,1000,0,0,0,60,60
15162,142659,0,1000,0,0,0,60,60
15164,142660,0,1000,15165,0,0,60,60
15165,142689,0,1000,0,10852,0,60,60
15166,142666,0,1000,15167,0,0,60,60
15167,141065,0,1000,0,10852,0,60,60
15168,142667,0,1000,15169,0,0,60,60
15169,142668,0,1000,15170,0,0,60,60
15170,141063,0,1000,15171,10852,0,60,60
15171,142670,0,1000,0,0,0,60,60
15172,142691,0,1000,15173,0,0,60,60
15173,142692,0,1000,0,10852,0,60,60
15174,142696,0,1000,15175,0,0,60,60
15175,142697,0,1000,0,10852,0,60,60
15177,141066,0,1000,14258,0,0,60,60
15178,143611,0,1000,15179,0,0,60,60
15179,143612,0,1000,15180,0,0,60,60
15180,143613,0,1000,15181,0,0,60,60
15181,143614,0,0,0,0,0,60,60
15182,134463,0,5000,0,0,1,60,60
15183,143641,0,0,15184,0,0,60,60
15184,143642,0,1000,15185,0,0,60,60
15185,143643,0,1000,15186,0,0,60,60
15186,143644,0,500,15187,0,0,60,60
15187,143645,0,1000,15188,0,0,60,60
15188,143646,0,1000,15432,0,0,60,60
15189,135512,0,1000,0,0,1,60,60
15191,144558,0,1000,0,0,0,60,60
15192,144559,0,1000,0,0,0,60,60
15193,144560,0,1000,0,0,0,60,60
15195,144561,0,1000,0,0,0,60,60
15196,144562,0,1000,0,0,0,60,60
15200,144668,0,1000,0,0,1,60,60
15201,144671,0,0,15202,0,0,60,60
15202,144700,0,0,0,0,0,60,60
15203,144701,0,0,15204,0,0,60,60
15204,144702,0,0,0,0,0,60,60
15205,144703,0,0,15206,0,0,60,60
15206,144704,0,0,0,0,0,60,60
15207,144705,0,5000,15208,0,0,60,60
15208,144706,0,1000,0,0,0,60,60
15213,144732,0,1000,15214,0,0,60,60
15214,144733,0,1000,0,0,0,60,60
15215,144734,0,1000,0,0,0,60,60
15216,144735,0,1000,0,0,0,60,60
15217,144736,0,4000,15218,0,0,60,60
15218,144737,0,4000,15219,0,0,60,60
15219,144738,0,3000,15220,0,0,60,60
15220,144740,0,4000,15221,0,0,60,60
15221,144739,0,3000,0,0,0,60,60
15222,144741,0,1000,0,0,0,60,60
15223,144742,0,1000,15224,0,0,60,60
15224,144743,0,0,0,0,0,60,60
15225,144744,0,1000,15412,0,0,60,60
15226,144746,0,1000,0,0,0,60,60
15227,144747,0,1000,15228,0,0,60,60
15228,144748,0,0,0,0,0,60,60
15229,144773,0,4000,0,0,0,60,60
15230,143417,0,1000,15231,0,0,60,60
15231,144794,0,1000,0,0,0,60,60
15232,144795,0,1000,15233,0,0,60,60
15233,144796,0,1000,0,0,0,60,60
15234,144801,0,1000,15235,0,0,60,60
15235,144802,0,1000,0,0,0,60,60
15236,144805,0,500,15237,0,1,60,60
15237,144808,0,500,0,0,1,60,60
15238,143418,0,1000,15239,0,0,60,60
15239,144809,0,1000,0,0,0,60,60
15240,144884,0,1000,0,0,0,60,60
15241,144891,0,3000,15249,0,0,60,60
15242,144885,0,0,15243,0,0,60,60
15243,144886,0,0,0,0,0,60,60
15244,144888,0,2000,15245,0,0,60,60
15245,144889,0,0,15246,0,0,60,60
15246,144887,0,0,0,0,0,60,60
15247,144812,0,1000,0,0,1,60,60
15248,144812,0,1000,0,0,1,60,60
15249,144892,0,3000,15250,0,0,60,60
15250,144893,0,4000,15251,0,0,60,60
15251,144894,0,3000,0,0,0,60,60
15252,143483,0,0,15253,0,0,60,60
15253,143484,0,0,15254,0,0,60,60
15254,143485,0,0,15255,0,0,60,60
15255,143486,0,0,0,0,0,60,60
15256,144928,0,1000,0,0,1,60,60
15258,144929,0,1000,0,0,1,60,60
15259,145095,0,3000,15260,0,0,60,60
15260,145096,0,3000,15261,0,0,60,60
15261,145097,0,3000,15262,0,0,60,60
15262,145099,0,3000,15263,0,0,60,60
15263,145100,0,3000,15264,0,0,60,60
15264,145101,0,3000,15265,0,0,60,60
15265,145103,0,3000,15266,0,0,60,60
15266,145104,0,3000,15267,0,0,60,60
15267,145105,0,3000,15268,0,0,60,60
15268,145106,0,3000,15269,0,0,60,60
15269,145111,0,3000,15270,0,0,60,60
15270,145115,0,3000,15271,0,0,60,60
15271,145119,0,3000,15272,0,0,60,60
15272,145127,0,3000,15273,0,0,60,60
15273,145128,0,3000,15274,0,0,60,60
15274,145129,0,3000,0,0,0,60,60
15275,143006,0,0,15276,0,0,60,60
15276,143007,0,0,15277,0,0,60,60
15277,143008,0,0,15278,0,0,60,60
15278,143009,0,0,0,0,0,60,60
15279,145176,0,2000,0,0,0,60,60
15280,145181,0,0,0,0,0,60,60
15281,145261,0,1000,0,0,0,60,60
15282,145300,0,2000,0,0,0,60,60
15283,145407,0,0,0,0,0,60,60
15287,145647,0,2000,0,0,0,60,60
15288,145706,0,3000,0,0,0,60,60
15291,145724,0,1000,0,0,0,60,60
15292,0,0,2000,15293,0,0,60,60
15293,145885,0,1000,0,0,0,60,60
15294,145888,0,1000,15295,0,0,60,60
15295,145894,0,0,0,0,0,60,60
15296,145902,0,1000,0,0,1,60,60
15297,145903,0,1000,0,0,1,60,60
15298,145904,0,1000,0,0,1,60,60
15299,145905,0,1000,0,0,1,60,60
15300,145906,0,1000,0,0,1,60,60
15301,145907,0,1000,0,0,1,60,60
15302,145908,0,1000,0,0,1,60,60
15303,145909,0,1000,0,0,1,60,60
15304,145910,0,0,0,0,0,60,60
15305,143285,0,2000,0,0,0,60,60
15306,145918,0,1000,0,0,0,60,60
15307,145927,0,1000,15308,0,0,60,60
15308,145928,0,1000,0,0,0,60,60
15309,145929,0,1000,15310,0,0,60,60
15310,145930,0,1000,15311,0,0,60,60
15311,145931,0,1000,15312,0,0,60,60
15312,145932,0,1000,0,0,0,60,60
15313,145939,0,1000,0,0,0,60,60
15314,145940,0,1000,0,0,0,60,60
15315,145942,0,1000,0,0,0,60,60
15316,145938,0,1000,15313,0,0,60,60
15317,145941,0,1000,15315,0,0,60,60
15318,144869,0,1000,15319,0,0,60,60
15319,144870,0,1000,15320,0,0,60,60
15320,144871,0,1000,15321,0,0,60,60
15321,144872,0,1000,0,0,0,60,60
15322,144882,0,1000,15323,0,0,60,60
15323,144874,0,1000,15324,0,0,60,60
15324,144883,0,1000,15325,0,0,60,60
15325,144876,0,1000,15326,0,0,60,60
15326,144877,0,1000,15327,0,0,60,60
15327,144878,0,1000,15329,0,0,60,60
15329,149809,0,1000,0,0,0,60,60
15330,145977,0,1000,0,0,0,60,60
15331,146005,0,1000,15259,0,0,60,60
15332,146023,0,1000,15333,0,0,60,60
15333,146025,0,2000,15334,0,0,60,60
15334,146026,0,3000,15335,0,1,60,60
15335,146027,0,4000,15350,0,0,60,60
15337,146029,0,4000,15338,0,0,60,60
15338,146083,0,2000,15351,0,0,60,60
15339,146031,0,3000,15340,0,0,60,60
15340,146032,0,3000,15341,0,0,60,60
15341,146033,0,3000,15342,0,0,60,60
15342,146031,0,3000,15343,0,0,60,60
15343,146032,0,3000,0,0,0,60,60
15344,146034,0,0,0,0,0,60,60
15345,146035,0,0,0,0,0,60,60
15346,146036,0,0,0,0,0,60,60
15347,146037,0,0,0,0,0,60,60
15348,146038,0,0,0,0,0,60,60
15349,146039,0,0,0,0,0,60,60
15350,146361,0,7000,15337,0,0,60,60
15351,146080,0,1000,15339,0,0,60,60
15353,146110,0,0,0,0,0,60,60
15360,146187,0,4000,0,0,0,60,60
15361,146177,0,1000,15362,0,0,60,60
15362,146193,0,1000,0,0,0,60,60
15363,146197,0,2000,15364,0,0,60,60
15364,146198,0,2000,15365,0,0,60,60
15365,146199,0,0,0,0,0,60,60
15366,146203,0,1000,15367,0,0,60,60
15367,146204,0,2000,15368,0,0,60,60
15368,146205,0,0,0,0,0,60,60
15369,146207,0,1000,15370,0,0,60,60
15370,146208,0,1000,0,0,0,60,60
15374,146210,0,1000,0,0,0,60,60
15375,146211,0,1000,0,0,0,60,60
15376,146221,0,1000,15377,0,0,60,60
15377,146222,0,1000,0,0,0,60,60
15378,0,0,2000,15379,0,0,60,60
15379,146235,0,1000,0,0,0,60,60
15380,146236,0,1000,0,0,0,60,60
15381,146250,0,2000,15382,0,0,60,60
15382,146251,0,2000,0,0,0,60,60
15383,146346,0,3000,15384,0,0,60,60
15384,146347,0,0,0,0,1,60,60
15385,146392,0,1000,15386,0,0,60,60
15386,146393,0,1000,15387,0,0,60,60
15387,146395,0,1000,15388,0,0,60,60
15388,146396,0,1000,15389,0,0,60,60
15389,146397,0,1000,0,0,0,60,60
15391,146284,0,500,15392,0,0,60,60
15392,146285,0,500,15393,0,0,60,60
15393,146286,0,500,15394,0,0,60,60
15394,146287,0,500,0,0,0,60,60
15395,146290,0,1000,0,0,1,60,60
15396,146348,0,1000,15385,0,0,60,60
15397,146293,0,500,15398,0,0,60,60
15398,146294,0,0,0,0,0,60,60
15399,146403,0,2000,15400,0,0,60,60
15400,146404,0,0,0,0,0,60,60
15401,146295,0,1000,0,0,0,60,60
15403,146296,0,1000,15404,0,0,60,60
15404,146297,0,1000,0,0,0,60,60
15405,146298,0,1000,15406,0,0,60,60
15406,146299,0,1000,15407,0,0,60,60
15407,146300,0,1000,0,0,0,60,60
15408,146301,0,1000,15409,0,0,60,60
15409,146302,0,1000,0,0,0,60,60
15410,146306,0,1000,0,0,0,60,60
15411,146363,0,1000,0,0,0,60,60
15412,146412,0,0,0,0,0,60,60
15413,146414,0,2000,15414,0,0,60,60
15414,146416,0,2000,15415,0,0,60,60
15415,146415,0,2000,15416,0,0,60,60
15416,146417,0,0,0,0,0,60,60
15417,146446,0,0,15418,0,0,60,60
15418,146447,0,0,0,0,0,60,60
15419,146312,0,0,15420,0,0,60,60
15420,146313,0,0,15421,0,0,60,60
15421,146314,0,0,15422,0,0,60,60
15422,146315,0,0,15423,0,0,60,60
15423,146316,0,0,0,0,0,60,60
15424,146471,0,0,15425,0,0,60,60
15425,146472,0,0,15426,0,0,60,60
15426,146473,0,0,0,0,0,60,60
15427,146480,0,1000,15428,0,0,60,60
15428,146481,0,1000,16115,0,0,60,60
15429,0,0,1000,15427,0,0,60,60
15430,146488,0,2000,15431,0,0,60,60
15431,146490,0,0,0,0,0,60,60
15432,143647,0,500,15189,0,0,60,60
15434,146364,0,1000,0,0,0,60,60
15435,146317,0,1000,15436,0,0,60,60
15436,146318,0,1000,0,0,0,60,60
15437,146518,0,1000,0,0,0,60,60
15448,146654,0,1000,0,0,0,60,60
15449,146656,0,1000,0,0,0,60,60
15450,0,0,500,15451,0,0,60,60
15451,146660,0,1000,0,0,0,60,60
15452,0,0,500,15453,0,0,60,60
15453,146662,0,1000,0,0,0,60,60
15454,146667,0,0,15455,0,0,60,60
15455,146590,0,0,0,0,0,60,60
15456,0,0,500,15697,0,0,60,60
15458,146683,0,1000,15459,0,0,60,60
15459,146684,0,1000,0,0,0,60,60
15460,146685,0,1000,0,0,0,60,60
15461,143043,0,0,0,0,0,60,60
15462,0,0,0,0,0,0,60,60
15463,146741,0,0,15464,0,0,60,60
15464,146742,0,0,0,0,0,60,60
15465,143036,0,0,0,0,0,60,60
15466,143196,0,1000,15467,0,0,60,60
15467,146749,0,1000,0,0,0,60,60
15468,146751,0,1000,15469,0,0,60,60
15469,146753,0,1000,0,0,0,60,60
15470,146756,0,1000,0,0,0,60,60
15472,146758,0,1000,15473,0,0,60,60
15473,146761,0,1000,15474,0,0,60,60
15474,146763,0,1000,15475,0,0,60,60
15475,144185,0,1000,15476,0,0,60,60
15476,146764,0,1000,0,0,0,60,60
15477,146772,0,1000,0,0,0,60,60
15478,146778,0,1000,15479,0,0,60,60
15479,146779,0,1000,0,0,0,60,60
15481,150285,0,500,17560,16684,0,60,60
15482,146782,0,500,15481,0,0,60,60
15484,142719,0,1000,0,0,1,60,60
15486,144100,0,1000,0,0,1,60,60
15487,146808,0,1000,0,0,1,60,60
15488,143567,0,1000,0,0,0,60,60
15489,143583,0,1000,15490,14920,0,60,60
15490,143584,0,1000,15491,14918,0,60,60
15491,143589,0,1000,15492,14919,0,60,60
15492,143585,0,1000,15493,14921,0,60,60
15493,143586,0,1000,15494,0,0,60,60
15494,143590,0,1000,15495,0,0,60,60
15495,143587,0,1000,0,0,0,60,60
15496,146827,0,1000,15498,0,1,60,60
15497,146832,0,1000,15499,0,0,60,60
15498,146831,0,1000,0,0,0,60,60
15499,146835,0,1000,0,0,0,60,60
15500,146838,0,1000,15501,0,0,60,60
15501,146840,0,1000,0,0,0,60,60
15502,146846,0,1000,15503,0,0,60,60
15503,146848,0,1000,15504,0,0,60,60
15504,146849,0,1000,0,0,0,60,60
15505,143203,0,500,15506,0,0,60,60
15506,143204,0,0,15507,0,0,60,60
15507,143205,0,0,15508,0,0,60,60
15508,143615,0,0,15509,0,0,60,60
15509,143206,0,0,0,0,0,60,60
15510,146859,0,1000,0,0,0,60,60
15511,143591,0,500,15512,14920,0,60,60
15512,143592,0,500,15513,14918,0,60,60
15513,143596,0,500,15514,14919,0,60,60
15514,143593,0,500,15515,14921,0,60,60
15515,143594,0,500,15516,0,0,60,60
15516,143595,0,0,0,0,0,60,60
15517,147045,0,1000,0,0,0,60,60
15518,147166,0,1000,15519,0,0,60,60
15519,147167,0,1000,15520,0,0,60,60
15520,147168,0,1000,0,0,0,60,60
15521,140748,0,3750,0,0,0,60,60
15522,147199,0,1000,0,0,0,60,60
15523,0,0,0,12785,0,0,60,60
15524,153770,0,0,0,0,0,60,60
15528,147275,0,1000,15529,0,0,60,60
15529,147277,0,0,15530,0,0,60,60
15530,147279,0,0,15531,0,0,60,60
15531,147281,0,0,0,0,0,60,60
15533,137157,0,1000,15537,0,0,60,60
15537,0,0,0,0,0,0,60,60
15538,147311,0,1000,0,0,0,60,60
15539,147634,0,2000,15540,0,0,60,60
15540,147345,0,2000,15541,0,0,60,60
15541,147346,0,1000,15542,0,0,60,60
15542,147347,0,1000,15543,0,0,60,60
15543,147348,0,0,0,0,0,60,60
15544,147349,0,0,15545,0,0,60,60
15545,147350,0,0,15546,0,0,60,60
15546,147351,0,0,15547,0,0,60,60
15547,147352,0,0,15549,0,0,60,60
15549,147353,0,3000,15685,0,0,60,60
15550,133669,0,4000,15551,0,0,60,60
15551,147356,0,1000,0,0,0,60,60
15552,147359,0,1000,0,0,0,60,60
15553,147361,0,1000,0,0,0,60,60
15554,147366,0,1000,15555,0,0,60,60
15555,147367,0,0,15556,0,0,60,60
15556,147368,0,0,15557,0,0,60,60
15557,147369,0,0,0,0,0,60,60
15558,147370,0,1000,15559,0,0,60,60
15559,143419,0,1000,0,0,0,60,60
15560,143468,0,0,15561,0,0,60,60
15561,143469,0,0,15562,0,0,60,60
15562,143470,0,0,15563,0,0,60,60
15563,143471,0,0,15564,0,0,60,60
15564,143472,0,0,15565,0,0,60,60
15565,143473,0,0,15566,0,0,60,60
15566,143474,0,0,15567,0,0,60,60
15567,143475,0,0,15568,0,0,60,60
15568,143476,0,0,15569,0,0,60,60
15569,143477,0,0,15570,0,0,60,60
15570,143478,0,0,15571,0,0,60,60
15571,143479,0,0,15572,0,0,60,60
15572,143480,0,0,15573,0,0,60,60
15573,143481,0,0,15574,0,0,60,60
15574,143482,0,0,0,0,0,60,60
15575,141110,0,0,15576,0,0,60,60
15576,141111,0,0,15577,0,0,60,60
15577,141112,0,0,15578,0,0,60,60
15578,141113,0,0,15579,0,0,60,60
15579,141114,0,0,15580,0,0,60,60
15580,141115,0,0,15581,0,0,60,60
15581,141116,0,0,15582,0,0,60,60
15582,141117,0,0,15583,0,0,60,60
15583,141118,0,0,15584,0,0,60,60
15584,141119,0,0,15585,0,0,60,60
15585,141120,0,0,15586,0,0,60,60
15586,141121,0,0,15587,0,0,60,60
15587,141122,0,0,0,0,0,60,60
15588,147372,0,1000,0,0,0,60,60
15589,147373,0,1000,0,0,0,60,60
15590,147396,0,1000,0,0,0,60,60
15591,141947,0,1000,15592,0,0,60,60
15592,141948,0,0,0,0,0,60,60
15593,141949,0,1000,15594,0,0,60,60
15594,141950,0,0,0,0,0,60,60
15595,143270,0,0,15596,0,0,60,60
15596,143271,0,0,0,0,0,60,60
15597,143273,0,0,15598,0,0,60,60
15598,143275,0,0,0,0,0,60,60
15599,143228,0,0,15600,0,0,60,60
15600,143234,0,0,0,0,0,60,60
15601,143236,0,0,15602,0,0,60,60
15602,143241,0,0,0,0,0,60,60
15603,141940,0,0,15604,0,0,60,60
15604,141941,0,0,0,0,0,60,60
15605,141943,0,0,15606,0,0,60,60
15606,141944,0,0,0,0,0,60,60
15607,147412,0,1000,15608,0,0,60,60
15608,0,0,0,0,0,0,60,60
15609,147413,0,1000,0,0,0,60,60
15610,147424,0,1000,15612,0,0,60,60
15611,147425,0,1000,15613,0,0,60,60
15612,0,0,0,0,0,0,60,60
15613,147426,0,1000,15614,0,0,60,60
15614,147427,0,1000,0,0,0,60,60
15615,137157,0,1000,15616,0,0,60,60
15616,0,0,0,0,0,0,60,60
15617,135746,0,1000,15618,0,0,60,60
15618,135747,0,0,15619,0,0,60,60
15619,135748,0,1000,15620,0,0,60,60
15620,135751,0,0,0,0,0,60,60
15621,147440,0,0,15622,0,0,60,60
15622,147441,0,0,15623,0,0,60,60
15623,147442,0,0,0,0,0,60,60
15624,147471,0,1000,21352,0,0,60,60
15625,147497,0,1000,0,0,0,60,60
15626,147496,0,1000,15627,0,0,60,60
15627,0,0,0,0,0,0,60,60
15628,147528,0,1000,0,0,0,60,60
15629,147527,0,7000,15630,0,0,60,60
15630,0,0,0,0,0,0,60,60
15631,147533,0,2000,15632,0,0,60,60
15632,147534,0,2000,15633,0,0,60,60
15633,147535,0,0,0,0,0,60,60
15635,147344,0,2000,15636,0,0,60,60
15636,147537,0,0,0,0,0,60,60
15637,147549,0,6000,15638,0,0,60,60
15638,147550,0,7000,15639,0,0,60,60
15639,147551,0,3000,15640,0,0,60,60
15640,147552,0,6000,15641,0,0,60,60
15641,147553,0,4000,15642,0,0,60,60
15642,147559,0,6000,15643,0,0,60,60
15643,147560,0,5000,15644,0,0,60,60
15644,147561,0,1000,0,0,0,60,60
15645,147586,0,3000,15646,0,0,60,60
15646,147589,0,2000,15647,0,0,60,60
15647,147587,0,5000,15648,0,0,60,60
15648,147588,0,1000,0,0,0,60,60
15651,0,0,1000,15177,0,0,60,60
15652,0,0,0,13506,0,0,60,60
15653,147633,0,1000,0,0,0,60,60
15654,147635,0,1000,0,0,0,60,60
15655,147636,0,1000,0,0,0,60,60
15656,147638,0,0,0,0,0,60,60
15659,147639,0,0,0,0,0,60,60
15661,147640,0,0,0,0,0,60,60
15662,147642,0,1000,0,0,0,60,60
15663,147645,0,2000,15664,0,0,60,60
15664,147646,0,2000,15665,0,0,60,60
15665,147647,0,1000,15666,0,0,60,60
15666,147648,0,1000,0,0,0,60,60
15669,142875,0,1000,0,0,0,60,60
15671,142877,0,1000,0,0,0,60,60
15672,142876,0,0,0,0,0,60,60
15673,147663,0,1000,0,0,0,60,60
15674,135923,0,1000,14266,0,0,60,60
15675,147675,0,1000,15676,0,0,60,60
15676,147676,0,0,15677,0,0,60,60
15677,147677,0,1000,15678,0,0,60,60
15678,147678,0,0,0,0,0,60,60
15679,147679,0,1000,15680,0,0,60,60
15680,147681,0,0,15681,0,0,60,60
15681,147682,0,1000,0,0,0,60,60
15682,147685,0,1000,0,0,0,60,60
15683,147684,0,1000,15684,0,0,60,60
15684,0,0,0,0,0,0,60,60
15685,147355,0,0,0,0,0,60,60
15686,147687,0,1000,0,0,0,60,60
15687,147686,0,1000,20053,0,0,60,60
15688,0,0,0,0,0,0,60,60
15689,147425,0,1000,15690,0,0,60,60
15690,147689,0,1000,15691,0,0,60,60
15691,147690,0,1000,15692,0,0,60,60
15692,147691,0,1000,0,0,0,60,60
15693,147688,0,1000,15694,0,0,60,60
15694,0,0,0,0,0,0,60,60
15695,147693,0,1000,0,0,0,60,60
15696,146772,0,1000,0,0,0,60,60
15697,146660,0,1000,0,0,0,60,60
15698,146772,0,1000,0,0,0,60,60
15699,146772,0,1000,0,0,0,60,60
15700,147716,0,0,15701,0,0,60,60
15701,147717,0,0,0,0,0,60,60
15702,0,0,500,15703,0,0,60,60
15703,147718,0,1000,16297,0,0,60,60
15704,146772,0,1000,0,0,0,60,60
15705,146772,0,1000,0,0,0,60,60
15706,0,0,500,15707,0,0,60,60
15707,147721,0,1000,0,0,0,60,60
15708,0,0,500,15709,0,0,60,60
15709,147722,0,1000,0,0,0,60,60
15710,0,0,500,15711,0,0,60,60
15711,147723,0,500,16089,0,0,60,60
15712,147724,0,1000,0,0,0,60,60
15713,138762,0,500,15714,0,0,60,60
15714,147725,0,500,13852,0,0,60,60
15715,147727,0,1000,0,0,0,60,60
15716,147728,0,1000,0,0,0,60,60
15717,147733,0,0,15721,0,0,60,60
15721,147737,0,0,0,0,0,60,60
15729,137157,0,1000,15730,0,0,60,60
15730,0,0,0,0,0,0,60,60
15731,147752,0,1000,15732,0,0,60,60
15732,147755,0,1000,15733,0,0,60,60
15733,147756,0,2000,15735,0,0,60,60
15735,147753,0,1000,0,0,0,60,60
15736,147754,0,1000,15737,0,0,60,60
15737,147758,0,1000,0,0,0,60,60
15738,144170,0,2000,15739,0,0,60,60
15739,144171,0,2000,15740,0,0,60,60
15740,144172,0,0,0,0,0,60,60
15741,144173,0,2000,15742,0,0,60,60
15742,144174,0,0,15743,0,0,60,60
15743,144175,0,0,0,0,0,60,60
15744,144176,0,1000,15745,0,0,60,60
15745,144177,0,0,15746,0,0,60,60
15746,144178,0,0,0,0,0,60,60
15747,147777,0,1000,21052,0,0,60,60
15748,147778,0,1000,21053,0,0,60,60
15749,147782,0,1000,21056,0,0,60,60
15750,147783,0,1000,21057,0,0,60,60
15759,147822,0,1000,21061,0,0,60,60
15760,147823,0,1000,21062,0,0,60,60
15761,147827,0,1000,0,0,0,60,60
15762,147828,0,1000,0,0,0,60,60
15765,147833,0,1000,0,0,0,60,60
15768,147853,0,1000,0,0,0,60,60
15769,147860,0,500,15770,0,0,60,60
15770,147861,0,0,0,0,0,60,60
15771,147855,0,500,17547,0,0,60,60
15773,147874,0,1000,21064,0,0,60,60
15774,147875,0,1000,21065,0,0,60,60
15775,147878,0,2000,18958,0,1,60,60
15776,147887,0,1000,0,0,0,60,60
15777,147888,0,1000,0,0,0,60,60
15778,136820,0,1000,15779,0,0,60,60
15779,136822,0,1000,15780,0,0,60,60
15780,141612,0,1000,16337,0,0,60,60
15782,147886,0,1000,18808,0,0,60,60
15783,137533,0,1000,0,0,0,60,60
15784,132733,0,1000,15785,0,0,60,60
15785,147904,0,4000,15786,0,0,60,60
15786,132734,0,1000,15787,0,0,60,60
15787,132735,0,0,0,0,0,60,60
15788,147894,0,0,15789,0,0,60,60
15789,147892,0,0,15790,0,0,60,60
15790,147891,0,0,15791,0,0,60,60
15791,147893,0,0,15792,0,0,60,60
15792,147895,0,0,15793,0,0,60,60
15793,147896,0,0,0,0,0,60,60
15795,146390,0,1000,15796,0,0,60,60
15796,146391,0,0,0,0,0,60,60
15797,147854,0,1000,0,0,0,60,60
15798,147913,0,1000,0,0,0,60,60
15799,147914,0,1000,0,0,0,60,60
15800,147915,0,1000,0,0,0,60,60
15801,147916,0,2000,15802,0,0,60,60
15802,140161,0,2000,15803,0,0,60,60
15803,147919,0,1000,0,0,0,60,60
15806,147948,0,1000,0,0,0,60,60
15807,147949,0,1000,0,0,0,60,60
15808,147952,0,1000,0,0,0,60,60
15809,147953,0,1000,0,0,0,60,60
15810,147978,0,1000,0,0,0,60,60
15811,147979,0,1000,0,0,0,60,60
15812,147970,0,1000,0,0,0,60,60
15813,147974,0,3000,0,0,0,60,60
15814,147975,0,3000,0,0,0,60,60
15815,147999,0,1000,0,0,0,60,60
15816,148000,0,1000,0,0,0,60,60
15817,147980,0,2000,15818,16686,1,60,60
15818,147981,0,2000,0,10852,1,60,60
15819,147982,0,3000,0,0,0,60,60
15820,147983,0,3000,0,0,0,60,60
15821,147997,0,1000,0,0,0,60,60
15822,147996,0,1000,0,0,0,60,60
15823,148001,0,1000,0,0,0,60,60
15824,148002,0,1000,0,0,0,60,60
15825,148007,0,1000,15826,0,0,60,60
15826,148008,0,1000,15827,0,0,60,60
15827,148009,0,1000,0,0,0,60,60
15828,148027,0,1000,15829,0,0,60,60
15829,148029,0,1000,15830,0,0,60,60
15830,148031,0,1000,0,0,0,60,60
15831,134156,0,1000,0,0,0,60,60
15832,141858,0,1000,0,0,0,60,60
15833,148070,0,1000,0,0,0,60,60
15834,148071,0,1000,0,0,0,60,60
15835,148073,0,1000,0,0,0,60,60
15836,148074,0,1000,0,0,0,60,60
15837,148083,0,1000,0,0,0,60,60
15838,148084,0,1000,0,0,0,60,60
15839,148085,0,1000,0,0,0,60,60
15840,148086,0,1000,0,0,0,60,60
15841,148078,0,3000,15842,0,1,60,60
15842,148079,0,1000,0,0,1,60,60
15843,148092,0,3000,15844,0,1,60,60
15844,148093,0,1000,0,0,1,60,60
15845,148080,0,3000,15846,0,1,60,60
15846,148081,0,1000,0,0,1,60,60
15847,148100,0,1250,15848,0,1,60,60
15848,148101,0,1000,0,0,1,60,60
15849,148112,0,1000,0,0,0,60,60
15850,148114,0,1000,0,0,0,60,60
15851,148118,0,1000,0,0,0,60,60
15852,148119,0,1000,0,0,0,60,60
15853,148120,0,1000,0,0,0,60,60
15854,148121,0,1000,0,0,0,60,60
15855,148127,0,1000,21054,0,0,60,60
15856,148128,0,1000,21055,0,0,60,60
15857,148129,0,1000,0,0,0,60,60
15858,148130,0,1000,0,0,0,60,60
15859,148133,0,0,15860,0,0,60,60
15860,148132,0,0,15861,0,0,60,60
15861,148131,0,0,0,0,0,60,60
15862,148140,0,1000,0,0,0,60,60
15863,148141,0,1000,0,0,0,60,60
15864,148142,0,1000,15866,0,0,60,60
15865,148144,0,1000,0,0,0,60,60
15866,148143,0,1000,15865,0,0,60,60
15867,148150,0,1000,0,0,0,60,60
15868,148151,0,1000,0,0,0,60,60
15869,148152,0,0,15870,0,0,60,60
15870,148153,0,0,15871,0,0,60,60
15871,148154,0,0,0,0,0,60,60
15872,148155,0,1000,0,0,0,60,60
15873,148158,0,5000,15874,0,0,60,60
15874,148159,0,5000,17305,0,0,60,60
15875,148160,0,5000,0,0,0,60,60
15876,148161,0,5000,15877,0,0,60,60
15877,148162,0,5000,0,0,0,60,60
15878,148163,0,5000,15879,0,0,60,60
15879,148164,0,5000,0,0,0,60,60
15880,148165,0,1000,0,0,0,60,60
15881,148165,0,1000,0,0,0,60,60
15882,148166,0,1000,0,0,0,60,60
15883,148169,0,1000,0,0,0,60,60
15884,148170,0,1000,0,0,0,60,60
15885,148178,0,1000,15886,0,0,60,60
15886,143296,0,1000,0,0,0,60,60
15887,134263,0,0,12297,0,1,60,60
15888,148182,0,1000,15889,0,0,60,60
15889,148185,0,1000,15890,0,0,60,60
15890,148186,0,1000,0,0,0,60,60
15891,148156,0,1000,0,0,0,60,60
15892,148205,0,0,15893,0,0,60,60
15893,148206,0,1000,0,0,0,60,60
15895,148352,0,1000,0,0,0,60,60
15896,148353,0,1000,0,0,0,60,60
15897,148222,0,1000,15898,0,0,60,60
15898,148146,0,1000,0,0,0,60,60
15899,148252,0,3000,0,0,0,60,60
15900,148253,0,3000,0,0,0,60,60
15901,148254,0,3000,0,0,0,60,60
15902,148255,0,3000,0,0,0,60,60
15903,148257,0,1000,15906,0,0,60,60
15904,148258,0,1000,15903,0,0,60,60
15906,148260,0,1000,15907,0,0,60,60
15907,148261,0,1000,0,0,0,60,60
15908,148340,0,1000,16370,0,0,60,60
15911,136198,0,500,0,0,0,60,60
15912,148386,0,0,14089,0,0,60,60
15929,148375,0,1000,15930,0,0,60,60
15930,148376,0,1000,15931,0,0,60,60
15931,148377,0,1000,15932,0,0,60,60
15932,148378,0,1000,15933,0,0,60,60
15933,148379,0,0,15912,0,0,60,60
15934,148380,0,1000,15935,0,0,60,60
15935,148381,0,1000,0,0,0,60,60
15945,148413,0,3000,0,0,0,60,60
15946,148415,0,1000,0,0,0,60,60
15947,148416,0,1000,0,0,0,60,60
15948,148414,0,3000,0,0,0,60,60
15949,148446,0,3000,0,0,0,60,60
15950,148447,0,3000,0,0,0,60,60
15951,148448,0,1000,15952,0,0,60,60
15952,148449,0,1000,0,0,0,60,60
15956,148453,0,1000,0,0,0,60,60
15957,148454,0,1000,0,0,0,60,60
15961,148451,0,1000,15962,0,1,60,60
15962,148452,0,3000,17141,0,1,60,60
15965,0,0,500,15967,0,0,60,60
15967,147703,0,2000,16082,0,0,60,60
15968,148488,0,1000,15969,0,1,60,60
15969,148489,0,-3000,0,0,1,60,60
15970,143409,0,1000,15971,0,0,60,60
15971,143412,0,1000,15972,0,0,60,60
15972,143301,0,1000,15973,0,0,60,60
15973,148492,0,1000,15976,0,0,60,60
15974,148493,0,3000,15975,0,0,60,60
15975,143413,0,1000,0,0,0,60,60
15976,0,0,0,15974,0,0,60,60
15982,148513,0,1000,15983,0,0,60,60
15983,148514,0,1000,15984,0,0,60,60
15984,148524,0,1000,15985,0,0,60,60
15985,148528,0,1000,15986,0,0,60,60
15986,148536,0,1000,0,0,0,60,60
15987,148542,0,1000,0,0,0,60,60
15988,148546,0,1000,0,0,0,60,60
15989,148545,0,1000,0,0,0,60,60
15990,148547,0,1000,0,0,0,60,60
15991,148611,0,1000,0,0,0,60,60
15992,148615,0,1000,0,0,0,60,60
15993,148692,0,1000,0,0,0,60,60
15994,148693,0,1000,0,0,0,60,60
16000,148694,0,1000,0,0,0,60,60
16001,147921,0,1000,16002,0,1,60,60
16002,147936,0,1000,16003,0,0,60,60
16003,148695,0,0,16004,0,0,60,60
16004,148696,0,1000,16005,0,0,60,60
16005,148697,0,0,18826,0,0,60,60
16006,148710,0,1000,16007,0,0,60,60
16007,148713,0,1000,0,0,0,60,60
16008,148765,0,1000,16010,0,0,60,60
16010,148767,0,1000,0,0,0,60,60
16011,148773,0,0,0,0,0,60,60
16012,148774,0,0,0,0,0,60,60
16013,148775,0,0,0,0,0,60,60
16014,148778,0,0,0,0,0,60,60
16015,148779,0,0,0,0,0,60,60
16016,148780,0,0,0,0,0,60,60
16017,148782,0,1000,16021,0,0,60,60
16020,148803,0,0,0,0,0,60,60
16021,148806,0,1000,16022,0,0,60,60
16022,148809,0,0,0,0,0,60,60
16023,148843,0,1000,16024,0,0,60,60
16024,148844,0,1000,16025,0,0,60,60
16025,148845,0,1000,16027,0,0,60,60
16027,148847,0,0,0,0,0,60,60
16028,148848,0,0,0,0,0,60,60
16029,148849,0,0,0,0,0,60,60
16030,148850,0,1000,16031,0,0,60,60
16031,148851,0,1000,16032,0,0,60,60
16032,148852,0,0,0,0,0,60,60
16034,153487,0,1000,16035,0,0,60,60
16035,153488,0,1000,16036,0,0,60,60
16036,148856,0,1000,16037,0,0,60,60
16037,148855,0,1000,18106,0,0,60,60
16043,148875,0,1000,16044,0,0,60,60
16044,148874,0,0,16045,0,0,60,60
16045,148876,0,1000,16046,0,0,60,60
16046,148877,0,0,0,0,0,60,60
16050,148883,0,2000,0,0,0,60,60
16051,148885,0,1000,0,0,0,60,60
16052,148886,0,1000,0,0,0,60,60
16053,148887,0,1000,16054,0,0,60,60
16054,148888,0,1000,16055,0,0,60,60
16055,148889,0,1000,16056,0,0,60,60
16056,148890,0,0,0,0,0,60,60
16057,148891,0,1000,0,0,0,60,60
16058,148892,0,1000,0,0,0,60,60
16059,148896,0,1000,16060,0,0,60,60
16060,148897,0,1000,18156,0,0,60,60
16061,148899,0,1000,0,0,0,60,60
16062,148902,0,1000,0,0,0,60,60
16063,148903,0,1000,16064,0,0,60,60
16064,148904,0,1000,16065,0,0,60,60
16065,148905,0,1000,16066,0,0,60,60
16066,148906,0,0,0,0,0,60,60
16074,148930,0,1000,0,0,1,60,60
16075,148931,0,250,16076,0,0,60,60
16076,148932,0,250,16077,0,0,60,60
16077,148933,0,250,16078,0,0,60,60
16078,148934,0,0,16079,0,0,60,60
16079,148935,0,0,0,0,0,60,60
16082,148944,0,1000,0,0,0,60,60
16083,148945,0,1000,0,0,0,60,60
16084,148946,0,1000,0,0,0,60,60
16085,148786,0,8000,16086,0,0,60,60
16086,148952,0,8000,16088,0,0,60,60
16087,148014,0,8000,0,0,0,60,60
16088,148953,0,8000,16087,0,0,60,60
16089,148955,0,1000,0,0,0,60,60
16090,148969,0,1000,0,0,0,60,60
16091,148970,0,1000,0,0,0,60,60
16093,148974,0,1000,0,0,0,60,60
16094,143243,0,1000,0,0,0,60,60
16095,148976,0,1000,16096,0,0,60,60
16096,148978,0,1000,16097,0,0,60,60
16097,148979,0,1000,0,0,0,60,60
16098,148994,0,1000,0,0,1,60,60
16099,148996,0,1000,0,0,1,60,60
16100,148997,0,1000,0,0,1,60,60
16101,148995,0,1000,0,0,0,60,60
16102,149001,0,1000,0,0,1,60,60
16103,149000,0,1000,0,0,1,60,60
16104,148999,0,1000,0,0,1,60,60
16105,148998,0,1000,0,0,0,60,60
16106,149005,0,1000,0,0,1,60,60
16107,149004,0,1000,0,0,1,60,60
16108,149003,0,1000,0,0,0,60,60
16109,149002,0,1000,0,0,0,60,60
16111,149036,0,1000,0,0,0,60,60
16112,149033,0,0,16113,0,0,60,60
16113,149037,0,0,0,0,0,60,60
16114,149038,0,1000,0,0,0,60,60
16115,149057,0,1000,16116,0,0,60,60
16116,149058,0,1000,16117,0,0,60,60
16117,149059,0,1000,0,0,0,60,60
16118,149041,0,1000,16119,0,0,60,60
16119,149060,0,1000,18310,0,0,60,60
16120,149043,0,1000,16121,0,0,60,60
16121,149062,0,1000,16122,0,0,60,60
16122,149061,0,0,0,0,0,60,60
16123,149044,0,2000,16124,0,0,60,60
16124,149052,0,0,0,0,0,60,60
16125,149046,0,1000,16126,0,0,60,60
16126,149053,0,0,0,0,0,60,60
16127,149047,0,0,16128,0,0,60,60
16128,149054,0,0,16129,0,0,60,60
16129,149055,0,0,0,0,0,60,60
16130,149048,0,1000,16131,0,0,60,60
16131,149063,0,0,0,0,0,60,60
16132,149049,0,1000,16133,0,0,60,60
16133,149056,0,1000,0,0,0,60,60
16134,149051,0,1000,16135,0,0,60,60
16135,149064,0,1000,16136,0,0,60,60
16136,149065,0,1000,0,0,0,60,60
16141,149074,0,1000,0,0,0,60,60
16142,149075,0,1000,0,0,0,60,60
16143,149076,0,0,16346,0,0,60,60
16145,149083,0,1000,0,0,0,60,60
16146,149084,0,1000,0,0,0,60,60
16147,149090,0,1000,0,0,0,60,60
16148,149091,0,1000,0,0,0,60,60
16149,149092,0,1000,0,0,0,60,60
16150,149094,0,1000,0,0,0,60,60
16151,149096,0,1000,0,0,0,60,60
16152,149100,0,1000,0,0,0,60,60
16153,149101,0,1000,0,0,0,60,60
16154,149105,0,1000,18343,0,0,60,60
16155,149121,0,1000,16156,0,1,60,60
16156,149106,0,0,0,0,0,60,60
16157,149127,0,1000,0,0,0,60,60
16160,149122,0,1000,16161,0,0,60,60
16161,149123,0,1000,0,0,0,60,60
16163,149111,0,1000,16164,0,0,60,60
16164,149116,0,1000,0,0,0,60,60
16165,149113,0,1000,16166,0,0,60,60
16166,149118,0,0,0,0,0,60,60
16167,149115,0,0,16168,0,0,60,60
16168,149120,0,0,16169,0,0,60,60
16169,149119,0,0,0,0,0,60,60
16170,149128,0,1000,0,0,0,60,60
16171,149129,0,1000,0,0,0,60,60
16172,149170,0,1000,0,0,0,60,60
16173,149171,0,1000,0,0,0,60,60
16174,149143,0,1000,0,0,0,60,60
16175,149144,0,1000,0,0,0,60,60
16176,149166,0,1000,0,0,0,60,60
16177,149181,0,1000,0,0,0,60,60
16178,149193,0,0,16179,0,0,60,60
16179,149194,0,0,0,0,0,60,60
16180,149197,0,0,16181,0,0,60,60
16181,149196,0,0,16182,0,0,60,60
16182,149195,0,0,16183,0,0,60,60
16183,149198,0,0,16184,0,0,60,60
16184,149199,0,0,0,0,0,60,60
16185,149220,0,0,16189,0,0,60,60
16187,149236,0,0,16188,0,0,60,60
16188,149237,0,0,0,0,0,60,60
16189,149238,0,0,0,0,0,60,60
16190,149239,0,0,16191,0,0,60,60
16191,149240,0,0,0,0,0,60,60
16192,149241,0,0,16193,0,0,60,60
16193,149243,0,0,0,0,0,60,60
16194,149247,0,1000,0,0,0,60,60
16195,149248,0,1000,0,0,0,60,60
16196,149253,0,1000,16197,0,0,60,60
16197,149254,0,1000,0,0,0,60,60
16198,149268,0,1000,16199,0,0,60,60
16199,149269,0,1000,16200,0,0,60,60
16200,149270,0,1000,0,0,0,60,60
16201,149265,0,1000,16202,0,0,60,60
16202,149266,0,1000,16203,0,0,60,60
16203,149267,0,1000,0,0,0,60,60
16204,149271,0,1000,16205,0,0,60,60
16205,149272,0,1000,16206,0,0,60,60
16206,149273,0,1000,16207,0,0,60,60
16207,149274,0,1000,16208,0,0,60,60
16208,149275,0,1000,16209,0,0,60,60
16209,149276,0,1000,0,0,0,60,60
16214,149280,0,1000,0,0,0,60,60
16215,149286,0,0,15717,0,0,60,60
16216,149337,0,1000,16219,0,0,60,60
16219,149343,0,1000,16220,0,0,60,60
16220,149346,0,1000,16221,0,0,60,60
16221,149348,0,1000,0,0,0,60,60
16222,149287,0,0,0,0,0,60,60
16232,149292,0,1000,16233,0,0,60,60
16233,149307,0,1000,0,0,0,60,60
16234,149309,0,1000,16235,0,0,60,60
16235,149294,0,3000,16236,0,0,60,60
16236,149299,0,1000,16237,0,0,60,60
16237,149300,0,1000,0,0,0,60,60
16238,149295,0,1000,16239,0,0,60,60
16239,149298,0,1000,0,0,0,60,60
16240,149296,0,1000,16241,0,0,60,60
16241,149310,0,1000,16242,0,0,60,60
16242,149311,0,1000,16243,0,0,60,60
16243,149312,0,1000,0,0,0,60,60
16249,149297,0,1000,16250,0,0,60,60
16250,149319,0,1000,16251,0,0,60,60
16251,149320,0,1000,16252,0,0,60,60
16252,149323,0,1000,16253,0,0,60,60
16253,149322,0,1000,16254,0,0,60,60
16254,149321,0,0,0,0,0,60,60
16257,149306,0,0,0,0,0,60,60
16258,149302,0,1000,16257,0,0,60,60
16260,148520,0,0,16261,0,0,60,60
16261,148522,0,0,16262,0,0,60,60
16262,148523,0,0,16263,0,0,60,60
16263,148525,0,0,16264,0,0,60,60
16264,148526,0,0,0,0,0,60,60
16265,149382,0,1000,0,0,0,60,60
16267,149415,0,1000,0,0,0,60,60
16269,149414,0,1000,16270,0,0,60,60
16270,148842,0,1000,0,0,0,60,60
16271,149420,0,1000,0,0,0,60,60
16272,149417,0,1000,0,0,0,60,60
16273,149421,0,1000,0,0,0,60,60
16276,149456,0,1000,0,0,0,60,60
16277,149460,0,1000,0,0,0,60,60
16278,149461,0,1000,0,0,0,60,60
16279,149458,0,1000,0,0,0,60,60
16280,149462,0,0,16281,0,0,60,60
16281,149463,0,0,0,0,0,60,60
16282,149464,0,0,0,0,0,60,60
16283,149466,0,1000,0,0,0,60,60
16284,153347,0,1000,0,0,0,60,60
16287,149468,0,2000,16288,0,0,60,60
16288,149469,0,2000,16289,0,0,60,60
16289,149470,0,2000,16290,0,0,60,60
16290,149472,0,2000,16291,0,0,60,60
16291,149471,0,2000,0,0,0,60,60
16297,149481,0,1000,0,0,0,60,60
16298,149508,0,1000,0,0,0,60,60
16299,149521,0,1000,16300,0,0,60,60
16300,149522,0,1000,16301,0,0,60,60
16301,149523,0,1000,16302,0,0,60,60
16302,149525,0,1000,0,0,0,60,60
16303,149530,0,0,16304,0,0,60,60
16304,149531,0,1000,16305,0,0,60,60
16305,149532,0,1000,0,0,0,60,60
16308,0,0,3000,16309,0,0,60,60
16309,149541,0,1000,16310,0,0,60,60
16310,149542,0,1000,0,0,0,60,60
16312,149545,0,1000,18096,0,0,60,60
16315,149552,0,1000,16319,0,0,60,60
16316,149550,0,0,16317,0,0,60,60
16317,143097,0,0,0,0,0,60,60
16318,149553,0,1000,16315,0,0,60,60
16319,149554,0,1000,0,0,0,60,60
16320,141676,0,1000,16318,0,0,60,60
16321,149556,0,1000,0,0,0,60,60
16322,149555,0,1000,0,0,0,60,60
16323,149557,0,1000,0,0,0,60,60
16324,149558,0,1000,0,0,0,60,60
16328,149601,0,1000,0,0,0,60,60
16329,149606,0,1000,0,0,0,60,60
16330,149609,0,0,0,0,0,60,60
16331,149610,0,0,16332,0,0,60,60
16332,149611,0,0,16333,0,0,60,60
16333,149612,0,0,0,0,0,60,60
16335,149614,0,2000,16336,0,0,60,60
16336,149615,0,1000,0,0,0,60,60
16337,149616,0,1000,0,0,0,60,60
16338,149618,0,1000,0,0,0,60,60
16339,149619,0,1000,16338,0,0,60,60
16340,149655,0,-500,16341,0,0,60,60
16341,149665,0,1000,16342,0,0,60,60
16342,149658,0,1000,16343,0,0,60,60
16343,149667,0,1000,16344,0,0,60,60
16344,149661,0,0,19860,0,0,60,60
16345,149701,0,0,16347,0,0,60,60
16346,149694,0,0,18378,0,0,60,60
16347,149704,0,0,16348,0,0,60,60
16348,149705,0,0,16349,0,0,60,60
16349,149707,0,0,16350,0,0,60,60
16350,149708,0,0,16351,0,0,60,60
16351,149709,0,-1000,16352,0,0,60,60
16352,149710,0,0,0,0,0,60,60
16355,149713,0,500,16356,0,0,60,60
16356,149714,0,1000,16357,0,0,60,60
16357,149717,0,1000,0,0,0,60,60
16363,149719,0,1000,16364,0,0,60,60
16364,149738,0,1000,16365,0,0,60,60
16365,149744,0,1000,16366,0,0,60,60
16366,149745,0,1000,16367,0,0,60,60
16367,149746,0,1000,0,0,0,60,60
16368,149751,0,1000,0,0,0,60,60
16369,149752,0,1000,0,0,0,60,60
16370,149766,0,1000,0,0,0,60,60
16371,149774,0,1000,16373,0,1,60,60
16373,149776,0,0,0,0,1,60,60
16375,149782,0,1000,16376,0,0,60,60
16376,149783,0,1000,0,0,0,60,60
16377,149797,0,0,16378,0,0,60,60
16378,149798,0,0,16379,0,0,60,60
16379,149800,0,0,0,0,0,60,60
16381,149803,0,1000,16382,0,0,60,60
16382,149804,0,1000,0,0,0,60,60
16383,149805,0,0,16384,0,0,60,60
16384,149806,0,0,16385,0,0,60,60
16385,149807,0,0,18498,0,0,60,60
16387,149812,0,1000,0,0,0,60,60
16388,149813,0,500,16389,0,0,60,60
16389,149814,0,500,16390,0,0,60,60
16390,149815,0,0,0,0,0,60,60
16391,149846,0,0,16392,0,0,60,60
16392,149847,0,0,16393,0,0,60,60
16393,149858,0,0,0,0,0,60,60
16394,149824,0,500,16395,0,0,60,60
16395,149825,0,500,0,0,0,60,60
16396,149826,0,500,16397,0,0,60,60
16397,149827,0,500,16398,0,0,60,60
16398,149828,0,500,16399,0,0,60,60
16399,149829,0,500,16400,0,0,60,60
16400,149830,0,500,16401,0,0,60,60
16401,149831,0,500,16402,0,0,60,60
16402,149832,0,500,16403,0,0,60,60
16403,149833,0,500,0,0,0,60,60
16411,149870,0,1000,16412,0,1,60,60
16412,149871,0,1000,0,0,1,60,60
16415,149875,0,1000,16665,0,0,60,60
16416,149882,0,1000,16417,0,0,60,60
16417,149877,0,1000,16418,0,0,60,60
16418,149878,0,0,16419,0,0,60,60
16419,149879,0,0,16420,0,0,60,60
16420,149880,0,1000,20413,0,0,60,60
16421,149874,0,1000,16415,0,0,60,60
16423,0,0,1000,0,0,1,60,60
16424,149894,0,1000,0,0,0,60,60
16425,0,0,0,16426,0,0,60,60
16426,149790,0,4000,16427,0,0,60,60
16427,149793,0,4000,16428,0,0,60,60
16428,149788,0,4000,16429,0,0,60,60
16429,149787,0,5000,16430,0,0,60,60
16430,149946,0,8000,0,0,0,60,60
16431,149937,0,1000,0,0,0,60,60
16438,0,0,0,16439,0,0,60,60
16439,149792,0,5000,16440,0,0,60,60
16440,149910,0,5000,16441,0,0,60,60
16441,149794,0,5000,16442,0,0,60,60
16442,149799,0,7000,0,0,0,60,60
16443,155904,0,1000,16444,0,0,60,60
16444,149985,0,1000,0,0,0,60,60
16445,155905,0,1000,16446,0,0,60,60
16446,149991,0,1000,0,0,0,60,60
16447,0,0,0,16621,0,0,60,60
16452,149156,0,1000,0,0,0,60,60
16454,150128,0,1000,16455,0,0,60,60
16455,150122,0,0,16456,0,0,60,60
16456,150131,0,0,16482,0,0,60,60
16457,150132,0,3000,16459,0,0,60,60
16458,150122,0,1000,16457,0,0,60,60
16459,150134,0,3000,16460,0,0,60,60
16460,150135,0,3000,16461,0,0,60,60
16461,150139,0,3000,16462,0,0,60,60
16462,150141,0,3000,16463,0,0,60,60
16463,150142,0,3000,16464,0,0,60,60
16464,150143,0,3000,16465,0,0,60,60
16465,150145,0,0,16466,0,0,60,60
16466,150144,0,0,16483,0,0,60,60
16470,150146,0,3000,16471,0,0,60,60
16471,150148,0,0,16472,0,0,60,60
16472,150149,0,0,16473,0,0,60,60
16473,150151,0,0,16474,0,0,60,60
16474,150152,0,0,16475,0,0,60,60
16475,150153,0,0,16476,0,0,60,60
16476,150154,0,0,16486,0,0,60,60
16480,149838,0,1000,16481,0,0,60,60
16481,149839,0,1000,0,0,0,60,60
16482,150131,0,0,16458,0,0,60,60
16483,150144,0,0,16484,0,0,60,60
16484,150144,0,0,16485,0,0,60,60
16485,150144,0,0,16470,0,0,60,60
16486,150127,0,0,16487,0,0,60,60
16487,150122,0,0,16488,0,0,60,60
16488,150125,0,0,0,0,0,60,60
16491,149885,0,500,0,0,0,60,60
16493,149891,0,500,0,0,0,60,60
16495,149886,0,500,0,0,0,60,60
16497,149899,0,500,0,0,0,60,60
16499,149892,0,500,0,0,0,60,60
16501,149900,0,500,0,0,0,60,60
16503,150316,0,500,0,0,0,60,60
16505,150317,0,500,0,0,0,60,60
16507,150323,0,500,0,0,0,60,60
16509,150318,0,500,0,0,0,60,60
16511,150335,0,500,0,0,0,60,60
16513,150013,0,500,0,0,0,60,60
16515,150016,0,500,0,0,0,60,60
16517,150017,0,500,0,0,0,60,60
16519,150029,0,500,0,0,0,60,60
16521,150040,0,500,0,0,0,60,60
16523,150232,0,500,0,0,0,60,60
16525,150233,0,500,0,0,0,60,60
16527,150234,0,500,0,0,0,60,60
16529,127577,0,500,0,0,0,60,60
16531,150308,0,500,0,0,0,60,60
16533,150241,0,500,0,0,0,60,60
16535,150086,0,500,0,0,0,60,60
16537,150088,0,500,0,0,0,60,60
16539,150090,0,500,0,0,0,60,60
16540,146772,0,1000,0,0,0,60,60
16542,150102,0,500,0,0,0,60,60
16544,150112,0,500,0,0,0,60,60
16546,149956,0,500,0,0,0,60,60
16548,149957,0,500,0,0,0,60,60
16550,149958,0,500,0,0,0,60,60
16552,149966,0,500,0,0,0,60,60
16554,149975,0,500,0,0,0,60,60
16556,150207,0,500,0,0,0,60,60
16558,150208,0,500,0,0,0,60,60
16560,150209,0,500,0,0,0,60,60
16562,150219,0,500,0,0,0,60,60
16564,150227,0,500,0,0,0,60,60
16565,150347,0,1000,16566,0,0,60,60
16566,150348,0,0,16567,0,0,60,60
16567,150350,0,1000,16568,0,0,60,60
16568,150351,0,1000,16569,0,0,60,60
16569,150352,0,1000,0,0,0,60,60
16571,149902,0,500,0,0,0,60,60
16573,149903,0,500,0,0,0,60,60
16575,149904,0,500,0,0,0,60,60
16577,149936,0,500,0,0,0,60,60
16579,149926,0,500,0,0,0,60,60
16581,150129,0,500,0,0,0,60,60
16583,150130,0,500,0,0,0,60,60
16585,150133,0,500,0,0,0,60,60
16587,150155,0,500,0,0,0,60,60
16589,150162,0,500,0,0,0,60,60
16591,150173,0,500,0,0,0,60,60
16593,150174,0,500,0,0,0,60,60
16595,150175,0,500,0,0,0,60,60
16597,150188,0,500,0,0,0,60,60
16599,150199,0,500,0,0,0,60,60
16601,150052,0,500,0,0,0,60,60
16603,150051,0,500,0,0,0,60,60
16605,150053,0,500,0,0,0,60,60
16607,150065,0,500,0,0,0,60,60
16609,150078,0,500,0,0,0,60,60
16611,149982,0,500,0,0,0,60,60
16613,149984,0,500,0,0,0,60,60
16615,149986,0,500,0,0,0,60,60
16617,149996,0,500,0,0,0,60,60
16619,150005,0,500,0,0,0,60,60
16620,146772,0,1000,0,0,0,60,60
16621,150363,0,4000,16622,0,0,60,60
16622,150364,0,4000,16623,0,0,60,60
16623,150365,0,4000,16624,0,0,60,60
16624,149910,0,4000,16626,0,0,60,60
16625,146772,0,1000,0,0,0,60,60
16626,149793,0,4000,0,0,0,60,60
16628,149396,0,1000,0,0,0,60,60
16634,149619,0,1000,0,0,0,60,60
16635,150420,0,1000,0,0,1,60,60
16636,150421,0,1000,0,0,0,60,60
16641,150448,0,1000,0,0,0,60,60
16643,150465,0,0,16644,0,0,60,60
16644,150466,0,0,0,0,0,60,60
16645,150467,0,0,16646,0,0,60,60
16646,150468,0,0,16647,0,0,60,60
16647,150469,0,0,0,0,0,60,60
16648,150480,0,0,16649,0,0,60,60
16649,150484,0,0,16650,0,0,60,60
16650,150482,0,0,0,0,0,60,60
16651,150500,0,1000,0,0,0,60,60
16652,150501,0,1000,16653,0,0,60,60
16653,150503,0,0,0,0,0,60,60
16654,150532,0,0,16656,0,0,60,60
16655,150529,0,0,16654,0,0,60,60
16656,150537,0,1000,16660,0,0,60,60
16658,137157,0,1000,16659,0,0,60,60
16659,0,0,0,0,0,0,60,60
16660,150538,0,0,16661,0,0,60,60
16661,150539,0,2000,16662,0,0,60,60
16662,150540,0,0,16663,0,0,60,60
16663,150541,0,0,16664,0,0,60,60
16664,150542,0,0,0,0,0,60,60
16665,149876,0,0,16666,0,0,60,60
16666,149873,0,1000,16416,0,0,60,60
16668,150632,0,1000,16669,0,0,60,60
16669,150634,0,1000,0,0,0,60,60
16670,150633,0,1000,16668,0,0,60,60
16671,150640,0,1000,16672,0,0,60,60
16672,150641,0,0,0,0,0,60,60
16673,150644,0,1000,0,0,0,60,60
16674,150645,0,1000,0,0,0,60,60
16675,150646,0,1000,0,0,0,60,60
16676,150647,0,1000,0,0,0,60,60
16677,150648,0,1000,0,0,0,60,60
16678,150649,0,1000,0,0,0,60,60
16679,150650,0,3000,0,0,0,60,60
16680,150651,0,3000,0,0,0,60,60
16681,150652,0,1000,0,0,0,60,60
16682,150653,0,1000,0,0,0,60,60
16683,150654,0,1000,0,0,0,60,60
16684,136610,0,1000,16685,0,0,60,60
16685,136611,0,1000,0,0,0,60,60
16686,149653,0,1000,16687,0,0,60,60
16687,149666,0,1000,16688,0,0,60,60
16688,149656,0,1000,0,0,0,60,60
16689,149653,0,1000,16690,0,0,60,60
16690,149664,0,1000,16691,0,0,60,60
16691,149656,0,1000,0,0,0,60,60
16692,150779,0,1000,16693,0,0,60,60
16693,150784,0,1000,16694,0,0,60,60
16694,150781,0,1000,16695,0,0,60,60
16695,150783,0,0,0,0,0,60,60
16696,150800,0,0,16697,0,0,60,60
16697,150801,0,0,0,0,0,60,60
16698,150805,0,0,0,0,0,60,60
16699,150806,0,0,0,0,0,60,60
16700,150812,0,0,16701,0,0,60,60
16701,150813,0,0,0,0,0,60,60
16702,150814,0,0,16703,0,0,60,60
16703,150815,0,0,0,0,0,60,60
16704,150816,0,0,16705,0,0,60,60
16705,150817,0,0,0,0,0,60,60
16706,150818,0,0,16707,0,0,60,60
16707,150819,0,0,0,0,0,60,60
16708,150820,0,0,16709,0,0,60,60
16709,150821,0,0,0,0,0,60,60
16710,150824,0,0,16711,0,0,60,60
16711,150825,0,0,0,0,0,60,60
16712,148314,0,8000,16713,0,0,60,60
16713,0,0,3000,16714,0,0,60,60
16714,148315,0,3000,16715,0,0,60,60
16715,0,0,1500,16716,0,0,60,60
16716,148316,0,7000,16717,0,0,60,60
16717,148317,0,6000,16718,0,0,60,60
16718,0,0,8000,16719,0,0,60,60
16719,148320,0,7000,16720,0,0,60,60
16720,148321,0,5000,16721,0,0,60,60
16721,0,0,3000,16722,0,0,60,60
16722,148322,0,3000,16723,0,0,60,60
16723,0,0,1000,16724,0,0,60,60
16724,148323,0,7500,16725,0,0,60,60
16725,0,0,1000,16726,0,0,60,60
16726,148324,0,6000,16727,0,0,60,60
16727,0,0,1000,16728,0,0,60,60
16728,148325,0,6300,16729,0,0,60,60
16729,148326,0,5500,16730,0,0,60,60
16730,148327,0,8000,16731,0,0,60,60
16731,0,0,2500,16732,0,0,60,60
16732,148328,0,3500,16733,0,0,60,60
16733,0,0,2000,16734,0,0,60,60
16734,148329,0,5000,16735,0,0,60,60
16735,148330,0,5000,16746,0,0,60,60
16736,148331,0,5000,16747,0,0,60,60
16737,148332,0,6080,16738,0,0,60,60
16738,148333,0,9500,16748,0,0,60,60
16739,148334,0,5900,16740,0,0,60,60
16740,148335,0,9000,16749,0,0,60,60
16741,148336,0,7000,16742,0,0,60,60
16742,148337,0,10000,16743,0,0,60,60
16743,148338,0,10050,16750,0,0,60,60
16744,148339,0,5900,16751,0,0,60,60
16745,149712,0,5400,0,0,0,60,60
16746,0,0,2000,16736,0,0,60,60
16747,0,0,1500,16737,0,0,60,60
16748,0,0,2000,16739,0,0,60,60
16749,0,0,1000,16741,0,0,60,60
16750,0,0,1000,16744,0,0,60,60
16751,0,0,1500,16745,0,0,60,60
16752,150827,0,0,16753,0,0,60,60
16753,150829,0,0,0,0,0,60,60
16754,150830,0,0,16755,0,0,60,60
16755,150831,0,0,0,0,0,60,60
16756,150832,0,0,16757,0,0,60,60
16757,150833,0,0,0,0,0,60,60
16758,156957,0,1000,0,0,0,60,60
16759,156958,0,1000,0,0,0,60,60
16760,150865,0,0,16761,0,0,60,60
16761,150866,0,0,0,0,0,60,60
16762,150868,0,1000,0,0,0,60,60
16763,150869,0,1000,0,0,0,60,60
16764,146235,0,1000,15380,0,0,60,60
16769,150914,0,0,16774,0,0,60,60
16770,150922,0,0,16775,0,0,60,60
16771,150923,0,0,16776,0,0,60,60
16772,150924,0,0,16777,0,0,60,60
16773,150925,0,0,0,0,0,60,60
16774,0,0,2000,16770,0,0,60,60
16775,0,0,1800,16771,0,0,60,60
16776,0,0,1000,16772,0,0,60,60
16777,0,0,1500,16773,0,0,60,60
16778,150952,0,1000,0,0,0,60,60
16779,150953,0,1000,0,0,0,60,60
16780,150430,0,6000,16781,0,0,60,60
16781,150431,0,6000,16782,0,0,60,60
16782,150432,0,0,0,0,0,60,60
16783,150558,0,1500,16784,0,0,60,60
16784,150559,18605,1500,16785,0,0,60,60
16785,150560,0,0,0,0,0,60,60
16786,150433,11726,2000,16787,0,0,60,60
16787,150434,554,1500,16788,0,0,60,60
16788,150435,552,1500,16789,0,0,60,60
16789,150436,552,1500,16790,0,0,60,60
16790,150437,552,0,0,0,0,60,60
16791,150988,0,1000,0,0,0,60,60
16792,150989,0,1000,0,0,0,60,60
16793,150438,0,6000,16794,0,0,60,60
16794,150439,0,0,0,0,0,60,60
16795,150473,0,1000,16796,0,0,60,60
16796,150474,0,1000,16797,0,0,60,60
16797,150475,0,0,0,0,0,60,60
16798,150440,0,1500,16799,0,0,60,60
16799,150441,0,0,0,0,0,60,60
16800,150476,0,0,0,0,0,60,60
16801,150442,0,4000,16802,0,0,60,60
16802,150443,0,0,0,0,0,60,60
16803,150705,0,1000,16805,0,0,60,60
16804,150706,0,0,0,0,0,60,60
16805,150707,0,1000,16804,0,0,60,60
16806,150936,0,1000,0,0,0,60,60
16807,150937,0,1000,0,0,0,60,60
16808,151026,0,1000,0,0,0,60,60
16809,137395,0,1000,13598,0,0,60,60
16810,151034,0,1000,0,0,0,60,60
16813,151113,0,0,0,0,0,60,60
16814,151101,0,1000,17008,0,0,60,60
16816,143075,0,1000,16817,0,1,60,60
16817,143076,0,1500,16818,0,1,60,60
16818,143077,0,1500,16819,0,1,60,60
16819,143079,0,1500,16820,0,1,60,60
16820,143080,0,1500,0,0,1,60,60
16821,151293,0,1000,16823,0,0,60,60
16822,151294,0,8000,16821,0,0,60,60
16823,151295,0,5000,18899,0,0,60,60
16825,150478,552,1500,16826,0,1,60,60
16826,150479,552,1500,16850,0,1,60,60
16828,150451,552,1500,16829,0,1,60,60
16829,151330,552,1500,16830,0,0,60,60
16830,151331,552,1000,16954,0,1,60,60
16831,150483,554,1500,16832,0,0,60,60
16832,150485,552,1500,16833,0,0,60,60
16833,150491,552,0,0,0,0,60,60
16834,151320,0,1000,0,0,0,60,60
16835,151322,0,1000,16836,0,0,60,60
16836,151323,0,0,16837,0,0,60,60
16837,151324,0,0,0,0,0,60,60
16838,150460,0,0,0,0,1,60,60
16839,154707,0,1000,14871,0,0,60,60
16840,151328,0,800,16841,0,0,60,60
16841,154704,0,1000,16842,0,0,60,60
16842,154702,0,1000,0,0,1,60,60
16843,137284,0,800,16844,0,0,60,60
16844,154707,0,1000,16845,0,0,60,60
16845,154709,0,1000,0,0,1,60,60
16846,151328,0,800,16847,0,0,60,60
16847,154704,0,1000,16848,0,0,60,60
16848,154709,0,1000,0,0,1,60,60
16849,151333,0,1000,0,0,0,60,60
16850,150454,552,0,0,0,1,60,60
16853,151347,0,1000,16854,0,0,60,60
16854,151352,0,1000,16855,0,0,60,60
16855,151355,0,2000,16856,0,0,60,60
16856,151360,0,1000,16857,0,0,60,60
16857,151370,0,1000,0,0,0,60,60
16858,0,0,1000,16853,0,0,60,60
16859,151342,0,1000,0,16091,1,60,60
16860,151341,0,1000,0,16091,1,60,60
16861,151359,0,1000,0,0,1,60,60
16862,151374,0,1000,0,0,1,60,60
16863,151383,0,1000,0,16088,1,60,60
16864,151358,0,1000,0,0,1,60,60
16865,151372,0,1000,0,0,1,60,60
16866,151381,0,1000,0,16088,1,60,60
16867,151362,0,1000,16868,0,1,60,60
16868,151419,0,1000,0,0,1,60,60
16869,151365,0,1000,16870,0,1,60,60
16870,151420,0,1000,0,0,1,60,60
16871,151366,0,1000,16872,0,1,60,60
16872,151421,0,1000,0,0,1,60,60
16873,151375,0,1000,16874,0,1,60,60
16874,151425,0,1000,0,0,1,60,60
16875,151376,0,1000,16876,0,1,60,60
16876,151426,0,1000,0,0,1,60,60
16877,151377,0,1000,16878,0,1,60,60
16878,151427,0,1000,0,0,1,60,60
16879,151384,0,1000,16880,16088,1,60,60
16880,151431,0,1000,0,0,1,60,60
16881,151385,0,1000,16882,16089,1,60,60
16882,151432,0,1000,0,0,1,60,60
16883,151386,0,1000,16884,16089,1,60,60
16884,151433,0,1000,0,0,1,60,60
16885,151335,0,1000,0,0,1,60,60
16886,151336,0,1000,0,0,1,60,60
16887,151338,0,1000,0,16091,1,60,60
16888,151368,0,1000,16889,0,1,60,60
16889,151422,0,1000,0,0,1,60,60
16890,151369,0,1000,16891,0,1,60,60
16891,151424,0,1000,0,0,1,60,60
16892,151369,0,1000,16893,0,1,60,60
16893,151423,0,1000,0,0,1,60,60
16894,151387,0,1000,16895,16088,1,60,60
16895,151434,0,1000,0,0,1,60,60
16896,151391,0,1000,16897,16088,1,60,60
16897,151437,0,1000,0,0,1,60,60
16898,151389,0,1000,16899,11995,1,60,60
16899,151435,0,1000,0,0,1,60,60
16900,151378,0,1000,16901,0,1,60,60
16901,151428,0,1000,0,0,1,60,60
16902,151380,0,1000,16903,0,1,60,60
16903,151430,0,1000,0,0,1,60,60
16904,151379,0,1000,16905,0,1,60,60
16905,151429,0,1000,0,0,1,60,60
16908,151471,0,1000,0,16091,1,60,60
16909,151470,0,1000,0,16091,1,60,60
16910,151457,0,1000,0,0,1,60,60
16911,151468,0,1000,0,16091,1,60,60
16912,151461,0,1000,0,0,1,60,60
16913,151456,0,1000,0,0,1,60,60
16914,151464,0,1000,0,16091,1,60,60
16915,151460,0,1000,0,0,1,60,60
16916,151459,0,1000,0,0,1,60,60
16917,151472,0,1000,0,16091,1,60,60
16918,151463,0,1000,0,0,1,60,60
16919,151458,0,1000,0,0,1,60,60
16920,151469,0,1000,0,16088,1,60,60
16921,151462,0,1000,0,0,1,60,60
16922,151498,0,1000,16923,0,0,60,60
16923,151501,0,800,16924,0,0,60,60
16924,139306,0,1000,0,0,0,60,60
16925,151502,0,1000,16926,0,0,60,60
16926,151503,0,800,16927,0,0,60,60
16927,143824,0,1000,0,0,0,60,60
16928,151504,0,1000,16929,0,0,60,60
16929,151505,0,800,16930,16088,0,60,60
16930,151510,0,1000,0,16089,0,60,60
16931,151506,0,1000,16932,0,0,60,60
16932,151507,0,800,16933,16089,0,60,60
16933,151510,0,1000,0,16089,0,60,60
16934,151508,0,1000,16935,0,0,60,60
16935,151509,0,800,16936,16088,0,60,60
16936,151510,0,1000,0,16089,0,60,60
16937,151582,0,1500,16938,0,0,60,60
16938,154703,0,1000,16939,0,0,60,60
16939,154702,0,1000,0,0,1,60,60
16940,151582,0,1500,16941,0,0,60,60
16941,154703,0,1000,16942,0,0,60,60
16942,154709,0,1000,0,0,1,60,60
16943,137284,0,800,16944,0,0,60,60
16944,154707,0,1000,16945,0,0,60,60
16945,154705,0,1000,0,16088,1,60,60
16946,151582,0,800,16947,0,0,60,60
16947,154703,0,1000,16948,0,0,60,60
16948,154705,0,1000,0,16088,1,60,60
16949,151328,0,800,16950,0,0,60,60
16950,154704,0,1000,16951,0,0,60,60
16951,154705,0,1000,0,11995,1,60,60
16952,151490,0,800,16953,0,1,60,60
16953,151491,0,1000,0,0,1,60,60
16954,151332,552,1000,16955,0,1,60,60
16955,150453,552,1000,16956,0,1,60,60
16956,150454,552,1500,16957,0,1,60,60
16957,150457,552,1500,16958,0,0,60,60
16958,150458,552,1500,16959,0,0,60,60
16959,150459,552,0,0,0,0,60,60
16960,151786,0,1000,16961,0,0,60,60
16961,151787,0,500,16962,0,0,60,60
16962,151788,0,1000,16963,0,1,60,60
16963,151789,0,1000,16964,0,0,60,60
16964,151790,0,0,0,0,0,60,60
16965,151783,0,3000,0,0,0,60,60
16967,151784,0,3000,0,0,0,60,60
16968,0,0,1000,16967,0,0,60,60
16970,151785,0,0,0,0,0,60,60
16971,150444,0,6000,16972,0,0,60,60
16972,150445,0,3000,16973,0,0,60,60
16973,150446,0,6000,16974,0,0,60,60
16974,150565,0,5000,16975,0,0,60,60
16975,150566,0,0,0,0,0,60,60
16976,151819,0,1000,0,16088,1,60,60
16977,151821,0,1000,0,0,1,60,60
16978,151824,0,1000,0,0,1,60,60
16979,150462,16377,1500,16980,0,0,60,60
16980,150463,22710,1500,16981,0,0,60,60
16981,150464,552,0,0,0,0,60,60
16982,151826,0,1000,0,0,1,60,60
16983,151827,0,1000,0,16088,1,60,60
16984,151890,0,1000,16985,0,0,60,60
16985,148766,0,1000,0,0,0,60,60
16986,151885,0,1000,0,0,0,60,60
16987,151886,0,1000,0,0,0,60,60
16988,138234,0,1000,16989,0,0,60,60
16989,138232,0,0,16990,0,0,60,60
16990,138233,0,1000,16991,0,0,60,60
16991,138235,0,1000,16992,0,0,60,60
16992,138238,0,1000,16993,0,0,60,60
16993,138240,0,1000,16994,0,0,60,60
16994,138242,0,1000,16995,0,0,60,60
16995,138247,0,0,0,0,0,60,60
16997,151915,0,1000,0,0,0,60,60
16998,151916,0,1000,0,0,0,60,60
16999,151909,0,1000,17000,0,0,60,60
17000,151910,0,0,0,0,0,60,60
17008,151938,0,1000,0,0,0,60,60
17009,151923,0,1000,0,0,0,60,60
17012,151931,0,0,16813,0,0,60,60
17013,151948,0,1000,13010,0,0,60,60
17014,0,0,0,17020,0,0,60,60
17020,150663,0,4000,17021,0,0,60,60
17021,151970,0,1000,0,0,0,60,60
17022,151964,0,0,17023,0,0,60,60
17023,151974,0,0,0,0,0,60,60
17024,151975,0,0,17025,0,0,60,60
17025,151976,0,0,0,0,0,60,60
17026,151979,0,1000,0,0,0,60,60
17027,0,0,6000,17026,0,0,60,60
17032,151921,0,0,17033,0,0,60,60
17033,151922,0,1000,21372,0,0,60,60
17034,152007,0,1000,18252,0,1,60,60
17035,152112,0,0,17036,0,0,60,60
17036,0,0,2000,17037,0,0,60,60
17037,152111,0,1500,17044,0,0,60,60
17038,152121,0,1500,17043,0,0,60,60
17039,152114,0,1500,17040,0,0,60,60
17040,0,0,2000,17041,0,0,60,60
17041,152122,0,1800,17042,0,0,60,60
17042,152113,0,0,17046,0,0,60,60
17043,0,0,1000,17039,0,0,60,60
17044,0,0,1000,17038,0,0,60,60
17046,0,0,20000,0,0,0,60,60
17048,152142,0,1000,0,0,0,60,60
17049,152143,0,1000,0,0,0,60,60
17050,152144,0,1000,0,0,0,60,60
17051,152147,0,1000,0,0,0,60,60
17052,152148,0,1000,0,0,0,60,60
17053,148975,0,1000,0,0,0,60,60
17054,152145,0,1000,0,0,0,60,60
17055,152146,0,1000,0,0,0,60,60
17056,127568,0,1000,0,0,0,60,60
17057,152152,0,1000,0,0,0,60,60
17058,152153,0,1000,0,0,0,60,60
17059,127574,0,1000,0,0,0,60,60
17060,152137,0,1000,0,0,0,60,60
17061,152138,0,1000,0,0,0,60,60
17062,152139,0,1000,0,0,0,60,60
17063,127581,0,1000,0,0,0,60,60
17064,152140,0,1000,0,0,0,60,60
17065,152141,0,1000,0,0,0,60,60
17066,152158,0,1000,0,0,0,60,60
17067,152159,0,1000,0,0,0,60,60
17068,152160,0,1000,0,0,0,60,60
17069,152161,0,1000,0,0,0,60,60
17070,152162,0,1000,0,0,0,60,60
17071,152163,0,1000,0,0,0,60,60
17072,152164,0,1000,0,0,0,60,60
17073,152166,0,1000,0,0,0,60,60
17074,152167,0,1000,0,0,0,60,60
17075,152168,0,1000,0,0,0,60,60
17076,152169,0,1000,0,0,0,60,60
17077,152170,0,1000,0,0,0,60,60
17078,152213,0,1000,0,0,0,60,60
17079,152214,0,1000,0,0,0,60,60
17080,152215,0,1000,0,0,0,60,60
17081,152216,0,1000,0,0,0,60,60
17082,152154,0,1000,0,0,0,60,60
17083,152156,0,1000,0,0,0,60,60
17084,152157,0,1000,0,0,0,60,60
17085,152155,0,1000,0,0,0,60,60
17086,152186,0,1000,0,0,0,60,60
17087,152187,0,1000,0,0,0,60,60
17088,152202,0,1000,0,0,0,60,60
17089,152203,0,1000,0,0,0,60,60
17090,152204,0,1000,0,0,0,60,60
17091,152199,0,1000,0,0,0,60,60
17092,152200,0,1000,0,0,0,60,60
17093,152201,0,1000,0,0,0,60,60
17094,150359,0,1000,0,0,0,60,60
17095,152178,0,1000,0,0,0,60,60
17096,152177,0,1000,0,0,0,60,60
17097,150360,0,1000,0,0,0,60,60
17098,152179,0,1000,0,0,0,60,60
17099,152180,0,1000,0,0,0,60,60
17100,152181,0,1000,0,0,0,60,60
17101,152188,0,1000,0,0,0,60,60
17102,152190,0,1000,0,0,0,60,60
17103,152189,0,1000,0,0,0,60,60
17104,152209,0,1000,0,0,0,60,60
17105,152210,0,1000,0,0,0,60,60
17106,152211,0,1000,0,0,0,60,60
17107,152205,0,1000,0,0,0,60,60
17108,152208,0,1000,0,0,0,60,60
17109,152207,0,1000,0,0,0,60,60
17110,152206,0,1000,0,0,0,60,60
17111,152191,0,1000,0,0,0,60,60
17112,152192,0,1000,0,0,0,60,60
17113,152193,0,1000,0,0,0,60,60
17114,152194,0,1000,0,0,0,60,60
17115,152195,0,1000,0,0,0,60,60
17116,152198,0,1000,0,0,0,60,60
17117,152196,0,1000,0,0,0,60,60
17118,152197,0,1000,0,0,0,60,60
17119,152220,0,1000,16822,0,0,60,60
17120,152223,0,0,17121,0,0,60,60
17121,152225,0,0,17122,0,0,60,60
17122,152226,0,0,17123,0,0,60,60
17123,152227,0,0,0,0,0,60,60
17124,152230,0,1000,0,0,0,60,60
17125,152232,0,1000,17130,0,0,60,60
17126,152232,0,1000,17131,0,0,60,60
17127,156054,0,1000,0,0,0,60,60
17128,156059,0,1000,0,0,0,60,60
17129,152249,0,1000,0,0,0,60,60
17130,152264,0,1000,0,0,0,60,60
17131,152265,0,1000,0,0,0,60,60
17132,152359,0,1000,0,0,0,60,60
17133,156953,0,1000,0,0,0,60,60
17134,156067,0,1000,0,0,0,60,60
17135,156073,0,1000,0,0,0,60,60
17136,152286,0,0,17137,0,0,60,60
17137,152290,0,1000,0,0,0,60,60
17138,152297,0,1000,0,0,0,60,60
17139,137926,0,1000,17140,0,0,60,60
17140,152301,0,0,0,0,0,60,60
17141,152338,0,0,0,0,0,60,60
17142,152367,0,1000,17143,0,0,60,60
17143,152368,0,0,0,0,0,60,60
17144,152373,0,1000,0,0,0,60,60
17145,152374,0,0,0,0,0,60,60
17146,137157,0,1000,17147,0,0,60,60
17147,0,0,0,0,0,0,60,60
17148,152376,0,1000,0,0,0,60,60
17149,152387,0,1000,17150,0,0,60,60
17150,152388,0,0,0,0,0,60,60
17151,152403,0,1000,0,0,0,60,60
17152,152617,0,1000,17153,0,0,60,60
17153,152264,0,1000,0,0,0,60,60
17154,152624,0,1000,17155,0,0,60,60
17155,152265,0,1000,0,0,0,60,60
17156,156066,0,1000,0,0,0,60,60
17157,156074,0,1000,0,0,0,60,60
17158,152626,0,1000,17159,0,0,60,60
17159,152264,0,1000,0,0,0,60,60
17160,152629,0,1000,17161,0,0,60,60
17161,152265,0,1000,0,0,0,60,60
17162,152631,0,1000,17163,0,0,60,60
17163,152264,0,1000,0,0,0,60,60
17164,152633,0,1000,17165,0,0,60,60
17165,152265,0,1000,0,0,0,60,60
17166,152635,0,1000,17167,0,0,60,60
17167,152264,0,1000,0,0,0,60,60
17168,152637,0,1000,17169,0,0,60,60
17169,152265,0,1000,0,0,0,60,60
17170,134226,0,1000,0,0,0,60,60
17171,134233,0,1000,0,0,0,60,60
17172,134223,0,1000,0,0,0,60,60
17173,134252,0,1000,0,0,0,60,60
17174,151245,0,1000,0,0,0,60,60
17175,151246,0,1000,0,0,0,60,60
17176,152407,0,1000,0,0,0,60,60
17177,152409,0,1000,0,0,0,60,60
17178,152412,0,1000,0,0,0,60,60
17179,138279,0,1000,17180,0,0,60,60
17180,138280,0,1000,17181,0,0,60,60
17181,138281,0,1000,17182,0,1,60,60
17182,138282,0,1000,17183,0,0,60,60
17183,138288,0,1000,0,0,0,60,60
17187,156054,0,1000,0,0,0,60,60
17188,154016,0,1000,0,0,0,60,60
17191,152422,0,1000,0,0,0,60,60
17192,152423,0,1000,0,0,0,60,60
17193,138426,0,1000,17194,0,1,60,60
17194,138427,0,1000,17195,0,0,60,60
17195,138429,0,1000,17196,0,1,60,60
17196,138439,0,1000,17197,0,0,60,60
17197,138437,0,1000,17198,0,0,60,60
17198,138434,0,1000,17199,0,0,60,60
17199,138438,0,0,0,0,0,60,60
17200,152427,0,1000,0,0,0,60,60
17201,152428,0,1000,0,0,0,60,60
17202,152434,0,1000,0,0,0,60,60
17203,152435,0,1000,0,0,0,60,60
17204,0,0,1000,17205,0,0,60,60
17205,152437,0,5000,17206,0,0,60,60
17206,152438,0,8000,17207,0,0,60,60
17207,152439,0,5000,17208,0,0,60,60
17208,152440,0,1000,0,0,0,60,60
17209,152448,0,1000,17210,0,0,60,60
17210,152449,0,1000,17211,0,0,60,60
17211,152450,0,1000,17212,0,0,60,60
17212,152451,0,1000,0,0,0,60,60
17213,142919,552,1000,17214,0,0,60,60
17214,142920,552,1000,17215,0,0,60,60
17215,142921,552,1000,0,0,0,60,60
17216,150085,0,1000,17217,0,0,60,60
17217,150087,0,1000,17218,0,0,60,60
17218,150089,0,1000,17219,0,0,60,60
17219,150091,0,1000,0,0,0,60,60
17220,152465,0,1000,0,0,0,60,60
17221,152467,0,1000,0,0,0,60,60
17222,150682,0,5000,17223,0,1,60,60
17223,150683,0,1000,0,0,1,60,60
17224,152481,0,1000,17225,0,0,60,60
17225,152482,0,1000,17226,0,0,60,60
17226,152483,0,1000,0,0,0,60,60
17227,152486,0,1000,0,0,0,60,60
17228,152487,0,1000,0,0,0,60,60
17229,142927,0,1000,17230,0,1,60,60
17230,142928,0,1000,0,0,1,60,60
17231,142924,0,1000,17232,0,1,60,60
17232,142925,0,1000,17233,0,0,60,60
17233,142926,0,1000,0,0,0,60,60
17234,142929,0,1000,17235,0,0,60,60
17235,142930,0,1000,0,0,0,60,60
17236,142931,0,1000,17237,0,1,60,60
17237,142932,0,1000,0,0,1,60,60
17238,141842,0,1000,0,0,1,60,60
17239,141843,0,1000,17240,0,0,60,60
17240,141844,0,1000,0,0,0,60,60
17241,150097,775,1000,17242,0,0,60,60
17242,150100,552,1000,0,0,0,60,60
17243,142933,552,1000,17244,0,0,60,60
17244,142934,552,1000,17245,0,0,60,60
17245,142935,775,1000,0,0,0,60,60
17246,152499,0,1000,0,0,0,60,60
17247,152500,0,1000,0,0,0,60,60
17248,152501,0,1000,0,0,0,60,60
17257,152512,0,1000,0,0,0,60,60
17258,152514,0,1000,17260,0,0,60,60
17260,0,0,0,0,0,0,60,60
17261,152518,0,1000,0,0,0,60,60
17262,152520,0,1000,17263,0,0,60,60
17263,152519,0,1000,0,0,0,60,60
17264,152521,0,1000,17268,0,0,60,60
17265,152523,0,1000,0,0,0,60,60
17266,152524,0,1000,0,0,0,60,60
17267,152527,0,1000,0,0,0,60,60
17268,0,0,0,0,0,0,60,60
17269,133492,0,0,17293,0,0,60,60
17271,133463,0,0,17294,0,0,60,60
17273,133305,0,1000,0,0,0,60,60
17274,152539,0,2000,17275,0,0,60,60
17275,152540,0,1000,17276,0,0,60,60
17276,152541,0,1000,17277,0,0,60,60
17277,152542,0,0,17278,0,0,60,60
17278,152543,0,0,17279,0,0,60,60
17279,152544,0,0,17281,0,0,60,60
17280,152545,0,0,0,0,0,60,60
17281,152546,0,1000,17280,0,0,60,60
17282,152547,0,0,17283,0,0,60,60
17283,152548,0,0,17284,0,0,60,60
17284,152549,0,0,17285,0,0,60,60
17285,152550,0,0,0,0,0,60,60
17290,152551,0,1000,0,0,0,60,60
17291,152552,0,1000,0,0,0,60,60
17292,133389,0,0,0,0,0,60,60
17293,133048,0,0,0,0,0,60,60
17294,133304,0,0,0,0,0,60,60
17296,152555,0,1000,0,0,0,60,60
17297,152559,0,2000,17447,0,0,60,60
17298,152711,0,1000,0,0,0,60,60
17299,152713,0,1000,0,0,0,60,60
17300,152578,0,1000,0,0,0,60,60
17305,152596,0,5000,15875,0,0,60,60
17306,152572,0,0,17307,0,0,60,60
17307,152571,0,0,0,0,0,60,60
17308,152564,0,1000,17309,0,0,60,60
17309,152563,0,0,17310,0,0,60,60
17310,152562,0,0,0,0,0,60,60
17311,152567,0,2000,17312,0,0,60,60
17312,152566,0,0,17313,0,0,60,60
17313,152565,0,0,0,0,0,60,60
17314,152570,0,2000,17315,0,0,60,60
17315,152569,0,2000,17316,0,0,60,60
17316,152568,0,0,0,0,0,60,60
17317,152611,0,1000,0,0,0,60,60
17318,152607,0,1000,0,0,0,60,60
17319,152594,0,1000,17320,0,0,60,60
17320,152599,0,0,17321,0,0,60,60
17321,152600,0,0,0,0,0,60,60
17322,152616,0,1000,0,0,0,60,60
17323,152619,0,1000,0,0,0,60,60
17324,152620,0,1000,0,0,0,60,60
17325,152608,0,3000,17326,0,0,60,60
17326,152609,0,2000,17327,0,0,60,60
17327,152610,0,3000,17328,0,0,60,60
17328,152614,0,2000,17329,0,0,60,60
17329,152612,0,3000,17330,0,0,60,60
17330,152613,0,1000,17331,0,0,60,60
17331,152615,0,2000,18267,0,0,60,60
17332,152621,0,1000,0,0,0,60,60
17333,152622,0,1000,0,0,0,60,60
17334,152623,0,1000,0,0,0,60,60
17335,152638,0,1000,17336,0,0,60,60
17336,152639,0,1000,0,0,0,60,60
17337,152640,0,0,17339,0,0,60,60
17338,152643,0,1000,0,0,0,60,60
17339,152641,0,0,17340,0,0,60,60
17340,152642,0,0,0,0,0,60,60
17341,152645,0,1000,0,0,0,60,60
17342,152644,0,1000,0,0,0,60,60
17343,152646,0,1000,0,0,0,60,60
17344,152647,0,1000,0,0,0,60,60
17345,152648,0,0,0,0,0,60,60
17346,152649,0,1000,0,0,0,60,60
17347,152650,0,1000,0,0,0,60,60
17356,152654,0,1000,0,0,0,60,60
17357,152655,0,1000,0,0,0,60,60
17360,151933,0,1000,0,0,0,60,60
17361,152735,0,1000,17390,0,0,60,60
17362,152714,0,0,17366,0,0,60,60
17363,152806,0,1000,0,0,0,60,60
17364,152807,0,1000,0,0,0,60,60
17365,152717,0,0,17378,0,0,60,60
17366,152715,0,0,17367,0,0,60,60
17367,152716,0,0,0,0,0,60,60
17373,152666,0,6000,17376,0,0,60,60
17376,152672,0,3000,17377,0,0,60,60
17377,152673,0,0,0,0,0,60,60
17378,152718,0,0,17379,0,0,60,60
17379,152719,0,0,17380,0,0,60,60
17380,152720,0,0,17381,0,0,60,60
17381,152721,0,0,17382,0,0,60,60
17382,152722,0,0,17383,0,0,60,60
17383,152723,0,0,17384,0,0,60,60
17384,152724,0,0,17385,0,0,60,60
17385,152726,0,0,0,0,0,60,60
17386,152466,0,1000,0,0,0,60,60
17387,152728,0,1000,0,0,0,60,60
17388,156527,0,1000,0,0,0,60,60
17389,156528,0,1000,0,0,0,60,60
17390,152736,0,1000,17391,0,0,60,60
17391,152737,0,1000,17392,0,0,60,60
17392,152738,0,1000,17393,0,0,60,60
17393,152739,0,1000,17394,0,0,60,60
17394,152740,0,0,17395,0,0,60,60
17395,152741,0,0,17396,0,0,60,60
17396,152742,0,0,17397,0,0,60,60
17397,152743,0,0,0,0,0,60,60
17398,152748,0,4000,17399,0,0,60,60
17399,152749,0,5000,17402,0,0,60,60
17400,152751,0,0,0,0,0,60,60
17402,152750,0,4000,17403,0,0,60,60
17403,152752,0,2000,17404,0,0,60,60
17404,152753,0,4000,17400,0,0,60,60
17405,0,0,1000,17398,0,0,60,60
17406,152754,0,0,0,0,0,60,60
17407,152758,0,0,0,0,0,60,60
17408,152780,0,1000,0,0,0,60,60
17409,152781,0,1000,0,0,0,60,60
17413,152760,0,2000,17414,0,0,60,60
17414,152761,0,2000,18293,0,0,60,60
17416,152763,0,1000,17417,0,0,60,60
17417,152765,0,1000,17419,0,0,60,60
17419,152767,0,1000,18294,0,0,60,60
17420,152769,0,1000,17421,0,0,60,60
17421,152770,0,1000,17422,0,0,60,60
17422,152771,0,1000,17423,0,0,60,60
17423,152808,0,1000,17446,0,0,60,60
17424,152809,0,1000,0,0,0,60,60
17425,152813,0,1000,0,0,0,60,60
17426,152815,0,1000,17427,0,0,60,60
17427,152816,0,1000,0,0,0,60,60
17428,152817,0,0,17429,0,0,60,60
17429,152818,0,0,0,0,0,60,60
17430,152819,0,500,17431,0,0,60,60
17431,152820,0,500,17432,0,0,60,60
17432,152821,0,500,17433,0,0,60,60
17433,152822,0,500,17434,0,0,60,60
17434,152823,0,500,0,0,1,60,60
17435,136532,0,500,17436,16684,0,60,60
17436,148213,0,500,17437,0,0,60,60
17437,148214,0,500,17438,16684,0,60,60
17438,148215,0,500,17439,0,0,60,60
17439,148216,0,500,17440,0,0,60,60
17440,152824,0,500,17441,0,0,60,60
17441,148217,0,500,17442,16684,0,60,60
17442,148218,0,2000,22243,0,0,60,60
17444,152828,0,1000,0,0,0,60,60
17445,152829,0,1000,0,0,0,60,60
17446,152830,0,1000,0,0,0,60,60
17447,152831,0,5000,0,0,0,60,60
17449,152759,0,2000,17413,0,0,60,60
17450,153045,0,1000,0,0,0,60,60
17451,153073,0,1000,0,0,0,60,60
17452,152836,0,0,17453,0,0,60,60
17453,149613,0,0,17454,0,0,60,60
17454,152839,0,0,0,0,0,60,60
17458,0,0,7000,17459,0,0,60,60
17459,152845,0,3000,17460,0,0,60,60
17460,152846,0,3000,17461,0,0,60,60
17461,152847,0,3000,17462,0,0,60,60
17462,152848,0,3000,17463,0,0,60,60
17463,152849,0,3000,17464,0,0,60,60
17464,152850,0,6000,17465,0,0,60,60
17465,152851,0,0,0,0,0,60,60
17466,152852,0,1000,17467,0,0,60,60
17467,152853,0,1000,17468,0,0,60,60
17468,152854,0,2000,17469,0,0,60,60
17469,152855,0,2000,17470,0,0,60,60
17470,152856,0,0,0,0,0,60,60
17471,152857,0,2000,17472,0,0,60,60
17472,152858,0,2000,17473,0,0,60,60
17473,152859,0,2000,17474,0,0,60,60
17474,152860,0,1000,17475,0,0,60,60
17475,152861,0,2000,17476,0,0,60,60
17476,152862,0,0,0,0,0,60,60
17477,152868,0,2000,17478,0,0,60,60
17478,152869,0,2000,17479,0,0,60,60
17479,152870,0,2000,17480,0,0,60,60
17480,152871,0,2000,17481,0,0,60,60
17481,152872,0,0,0,0,0,60,60
17482,152863,0,2000,19469,0,0,60,60
17484,152865,0,2000,17485,0,0,60,60
17485,152866,0,2000,17486,0,0,60,60
17486,152867,0,0,0,0,0,60,60
17487,136491,0,1000,17488,0,0,60,60
17488,136492,0,1000,17489,0,0,60,60
17489,136493,0,1000,0,0,0,60,60
17490,152883,0,1000,0,0,0,60,60
17491,0,0,3000,17492,0,0,60,60
17492,152905,0,0,17493,0,0,60,60
17493,152906,0,0,0,0,0,60,60
17494,152910,0,3000,17495,0,0,60,60
17495,152925,0,1000,0,0,0,60,60
17496,153074,0,4000,17497,0,0,60,60
17497,153075,0,1000,0,0,1,60,60
17498,152674,0,2000,17499,0,0,60,60
17499,152676,0,2000,17500,0,0,60,60
17500,152677,0,2000,17501,0,0,60,60
17501,152678,0,5000,0,0,0,60,60
17509,153160,0,1000,0,0,0,60,60
17510,153161,0,1000,0,0,0,60,60
17511,152687,0,2000,17512,0,0,60,60
17512,152688,0,2000,0,0,0,60,60
17513,152689,0,2000,17514,0,1,60,60
17514,152690,0,2000,17515,0,0,60,60
17515,152692,0,2000,17516,0,0,60,60
17516,152693,0,2000,0,0,0,60,60
17517,152697,0,2000,17518,0,0,60,60
17518,152698,0,3000,17519,0,0,60,60
17519,152699,0,6000,17520,0,0,60,60
17520,152700,0,4000,0,0,0,60,60
17521,153096,0,1000,0,0,0,60,60
17522,153097,0,1000,0,0,0,60,60
17523,153114,0,1000,0,0,0,60,60
17524,153115,0,1000,0,0,0,60,60
17525,151795,0,0,17526,0,1,60,60
17526,151796,0,0,17527,0,1,60,60
17527,151797,0,0,0,0,1,60,60
17528,153133,0,1000,0,0,0,60,60
17529,153134,0,1000,0,0,0,60,60
17530,153135,0,0,15217,0,0,60,60
17531,153143,0,0,16655,0,0,60,60
17532,153144,0,0,17533,0,0,60,60
17533,153145,0,0,17534,0,0,60,60
17534,153150,0,0,0,0,0,60,60
17542,129993,0,4000,17543,0,0,60,60
17543,153230,0,3000,17587,0,0,60,60
17544,153256,0,2000,17545,0,0,60,60
17545,153257,0,3000,17599,0,0,60,60
17546,153259,0,3000,17600,0,0,60,60
17547,147856,0,1000,0,0,0,60,60
17548,153213,0,1000,17549,0,0,60,60
17549,153214,0,1000,17550,0,0,60,60
17550,153215,0,1000,0,0,0,60,60
17551,152661,0,1000,17552,0,0,60,60
17552,152687,0,1000,17553,0,0,60,60
17553,152662,0,1000,17554,0,0,60,60
17554,152688,0,1000,17585,0,0,60,60
17555,0,0,0,17557,0,0,60,60
17556,152665,0,1000,17555,0,0,60,60
17557,152668,0,0,17558,0,0,60,60
17558,152664,0,0,0,0,0,60,60
17559,146781,0,2000,15482,16684,0,60,60
17560,150286,0,500,17561,16684,0,60,60
17561,150287,0,500,17562,16684,0,60,60
17562,150288,0,2000,17563,16684,0,60,60
17563,150289,0,0,0,16684,0,60,60
17564,152682,0,2000,17565,0,0,60,60
17565,152683,0,2000,17566,0,0,60,60
17566,153224,0,2000,17594,0,0,60,60
17572,152680,0,2000,17573,0,0,60,60
17573,152681,0,2000,17574,0,0,60,60
17574,152684,0,2000,17575,0,0,60,60
17575,152685,0,2000,0,0,0,60,60
17577,153226,0,3000,17578,0,0,60,60
17578,153227,0,3000,17579,0,0,60,60
17579,153228,0,3000,0,0,0,60,60
17580,150258,0,1000,18488,12868,1,60,60
17585,152663,0,1000,17556,0,0,60,60
17586,0,0,1000,17551,0,0,60,60
17587,129998,0,4000,17589,0,0,60,60
17589,130119,0,3000,17590,0,0,60,60
17590,130120,0,3000,17592,0,0,60,60
17592,130121,0,6000,17593,0,0,60,60
17593,153231,0,9000,17595,0,0,60,60
17594,0,0,0,0,0,0,60,60
17595,153247,0,4000,17597,0,0,60,60
17596,153248,0,9000,17544,0,0,60,60
17597,153250,0,5000,17596,0,0,60,60
17599,153264,0,6000,17546,0,0,60,60
17600,153258,0,3000,17601,0,0,60,60
17601,153262,0,2000,17602,0,0,60,60
17602,153260,0,2000,17603,0,0,60,60
17603,153261,0,2000,17604,0,0,60,60
17604,153263,0,10000,18169,0,0,60,60
17606,153282,0,1000,17607,0,0,60,60
17607,153283,0,1000,17608,0,0,60,60
17608,153284,0,1000,17609,0,0,60,60
17609,153285,0,1000,17610,0,0,60,60
17610,153286,0,1000,17611,0,0,60,60
17611,153287,0,1000,0,0,0,60,60
17612,152063,0,0,17613,0,0,60,60
17613,152064,0,0,0,0,0,60,60
17614,153292,0,0,17615,0,0,60,60
17615,153293,0,0,0,0,0,60,60
17618,153306,0,1000,17619,0,0,60,60
17619,153311,0,1000,17620,0,0,60,60
17620,153312,0,1000,17621,0,0,60,60
17621,153313,0,1000,17622,0,0,60,60
17622,153314,0,1000,17623,0,0,60,60
17623,153315,0,0,0,0,0,60,60
17624,0,0,2000,17618,0,0,60,60
17625,153321,0,1000,0,0,0,60,60
17626,153325,0,1000,0,0,0,60,60
17627,153326,0,0,17628,0,0,60,60
17628,153327,0,0,17629,0,0,60,60
17629,153328,0,0,17630,0,0,60,60
17630,153329,0,0,0,0,0,60,60
17631,153332,0,0,0,0,0,60,60
17632,153333,0,0,0,0,0,60,60
17633,153334,0,0,17634,0,0,60,60
17634,153335,0,0,17635,0,0,60,60
17635,153336,0,0,0,0,0,60,60
17636,153337,0,1000,17637,0,0,60,60
17637,153338,0,0,0,0,0,60,60
17639,153344,0,1000,0,0,0,60,60
17640,153345,0,1000,0,0,0,60,60
17641,153197,0,0,17645,0,0,60,60
17643,153199,0,0,19559,0,0,60,60
17645,157157,0,1000,17643,0,0,60,60
17646,153349,0,1000,0,0,0,60,60
17647,153350,0,1000,0,0,0,60,60
17648,152842,0,0,17649,0,0,60,60
17649,152843,0,0,17650,0,0,60,60
17650,152844,0,0,0,0,0,60,60
17651,0,0,1000,17373,0,0,60,60
17652,155906,0,1000,17653,0,0,60,60
17653,153376,0,1000,0,0,0,60,60
17654,155907,0,1000,17655,0,0,60,60
17655,153378,0,1000,0,0,0,60,60
17656,155904,0,1000,17657,0,0,60,60
17657,153380,0,1000,0,0,0,60,60
17658,155905,0,1000,17659,0,0,60,60
17659,153387,0,1000,0,0,0,60,60
17660,155906,0,1000,17661,0,0,60,60
17661,153397,0,1000,0,0,0,60,60
17662,155907,0,1000,17663,0,0,60,60
17663,153401,0,1000,0,0,0,60,60
17664,153413,0,1000,0,0,0,60,60
17665,153952,0,1000,0,0,0,60,60
17666,153952,0,1000,0,0,0,60,60
17667,154013,0,1000,0,0,0,60,60
17668,153426,0,1000,17669,0,0,60,60
17669,153427,0,1000,17670,0,0,60,60
17670,153428,0,1000,17671,0,0,60,60
17671,153429,0,1000,17672,0,0,60,60
17672,153430,0,1000,17673,0,0,60,60
17673,153431,0,1000,0,0,0,60,60
17674,146790,0,500,17675,12868,1,60,60
17675,153217,0,500,18516,12868,1,60,60
17676,150267,0,500,17678,0,0,60,60
17677,150266,0,500,17676,12868,1,60,60
17678,153465,0,500,0,12868,1,60,60
17679,151798,0,1000,17680,0,0,60,60
17680,151799,0,1000,17681,0,0,60,60
17681,151800,0,1000,0,0,0,60,60
17683,152920,0,1000,17684,0,0,60,60
17684,152928,0,1000,0,0,0,60,60
17687,153207,0,0,19578,0,0,60,60
17690,153505,0,2000,17691,0,0,60,60
17691,153506,0,2000,17692,0,0,60,60
17692,153507,0,2000,17693,0,0,60,60
17693,153508,0,4000,17694,0,0,60,60
17694,153509,0,2000,17695,0,0,60,60
17695,153510,0,2000,17696,0,0,60,60
17696,153511,0,2000,17697,0,0,60,60
17697,153512,0,4000,17698,0,0,60,60
17698,153513,0,2000,17699,0,0,60,60
17699,153514,0,2000,17700,0,0,60,60
17700,153515,0,2000,17701,0,0,60,60
17701,153516,0,4000,17702,0,0,60,60
17702,153517,0,2000,17703,0,0,60,60
17703,153518,0,2000,17704,0,0,60,60
17704,153520,0,2000,17705,0,0,60,60
17705,153521,0,4000,17706,0,0,60,60
17706,153522,0,2000,17707,0,0,60,60
17707,153523,0,2000,17708,0,0,60,60
17708,153524,0,2000,17709,0,0,60,60
17709,153525,0,4000,17710,0,0,60,60
17710,153526,0,2000,17711,0,0,60,60
17711,153528,0,2000,17712,0,0,60,60
17712,153529,0,2000,17713,0,0,60,60
17713,153530,0,0,0,0,0,60,60
17715,0,0,1000,17716,0,0,60,60
17716,153544,0,1500,17717,0,0,60,60
17717,153545,0,1500,17718,0,0,60,60
17718,153546,0,1500,17719,0,0,60,60
17719,153547,0,1500,17720,0,0,60,60
17720,153548,0,1500,19438,0,0,60,60
17721,153549,0,1500,0,0,0,60,60
17722,153531,0,2000,17723,0,0,60,60
17723,153532,0,1000,17731,0,0,60,60
17724,153537,0,2000,17725,0,0,60,60
17725,153538,0,3000,17726,0,0,60,60
17726,153539,0,1000,17727,0,0,60,60
17727,153540,0,2000,17728,0,0,60,60
17728,153541,0,2000,17729,0,0,60,60
17729,153542,0,1000,17730,0,0,60,60
17730,153543,0,1000,0,0,0,60,60
17731,153550,0,2000,17724,0,0,60,60
17732,153425,0,1000,17733,0,0,60,60
17733,153497,0,1000,0,0,0,60,60
17734,153564,0,1000,17735,0,0,60,60
17735,153565,0,1000,17736,0,0,60,60
17736,153566,0,1000,17737,0,0,60,60
17737,153567,0,1000,17738,0,0,60,60
17738,153568,0,1000,0,0,0,60,60
17739,153571,0,1500,17740,0,0,60,60
17740,153572,0,1500,17741,0,0,60,60
17741,153573,0,1500,17742,0,0,60,60
17742,153574,0,1500,17743,0,0,60,60
17743,153575,0,1000,0,0,0,60,60
17744,127576,0,1000,0,0,0,60,60
17745,153581,0,1000,0,0,0,60,60
17746,153582,0,1000,0,0,0,60,60
17747,153594,0,1000,0,0,0,60,60
17748,153595,0,1000,0,0,0,60,60
17749,153597,0,1000,0,0,0,60,60
17750,153598,0,1000,0,0,0,60,60
17751,153599,0,1000,0,0,0,60,60
17752,153600,0,1000,0,0,0,60,60
17753,153601,0,1000,0,0,0,60,60
17754,153602,0,1000,0,0,0,60,60
17755,153641,0,2000,17756,0,0,60,60
17756,153642,0,3000,0,0,0,60,60
17757,150268,0,500,0,4509,1,60,60
17768,150271,0,500,17769,12868,1,60,60
17769,150272,0,0,17770,0,0,60,60
17770,150273,0,0,17771,0,0,60,60
17771,150274,0,0,17772,0,0,60,60
17772,153656,0,0,17773,0,0,60,60
17773,150275,0,0,17774,0,0,60,60
17774,150276,0,0,17775,0,0,60,60
17775,150277,0,0,17776,0,0,60,60
17776,150278,0,0,17777,0,0,60,60
17777,153220,0,0,0,0,1,60,60
17783,150269,0,500,17784,0,1,60,60
17784,150270,0,0,0,0,0,60,60
17785,0,0,1000,17425,0,0,60,60
17786,153662,0,1000,17426,0,0,60,60
17787,153274,0,0,0,0,0,60,60
17788,153694,0,0,0,0,0,60,60
17789,153699,0,0,0,0,0,60,60
17790,153703,0,1000,0,0,0,60,60
17791,153704,0,1000,0,0,0,60,60
17792,153705,0,1000,0,0,0,60,60
17793,153706,0,1000,0,0,0,60,60
17794,153707,0,1000,0,0,0,60,60
17795,153708,0,1000,0,0,0,60,60
17796,153709,0,1000,0,0,0,60,60
17797,153710,0,1000,0,0,0,60,60
17798,153711,0,1000,0,0,0,60,60
17799,153712,0,1000,0,0,0,60,60
17810,153721,0,1000,0,0,0,60,60
17811,153722,0,1000,0,0,0,60,60
17812,153723,0,1000,0,0,0,60,60
17813,153724,0,1000,0,0,0,60,60
17814,153725,0,1000,0,0,0,60,60
17815,153726,0,1000,0,0,0,60,60
17816,153727,0,1000,0,0,0,60,60
17817,153728,0,1000,0,0,0,60,60
17818,153729,0,1000,0,0,0,60,60
17819,153730,0,1000,0,0,0,60,60
17820,151345,0,1000,0,0,1,60,60
17821,151350,0,1000,0,0,1,60,60
17822,151354,0,1000,0,0,1,60,60
17823,154711,0,1000,0,0,1,60,60
17824,154710,0,1000,17823,0,0,60,60
17825,151438,0,1000,0,0,1,60,60
17826,151396,0,1000,17825,0,1,60,60
17827,151399,0,1000,17828,0,1,60,60
17828,151440,0,1000,0,4772,1,60,60
17829,151398,0,1000,17830,0,1,60,60
17830,151439,0,1000,0,0,1,60,60
17831,151492,0,1000,17832,0,1,60,60
17832,151493,0,1000,0,0,1,60,60
17833,151413,0,1000,17834,0,1,60,60
17834,151450,0,1000,0,0,1,60,60
17835,151415,0,1000,17836,0,1,60,60
17836,151452,0,1000,0,4772,1,60,60
17837,151414,0,1000,17838,0,1,60,60
17838,151451,0,1000,0,0,1,60,60
17839,123163,0,500,17840,0,0,60,60
17840,123218,0,500,17841,0,0,60,60
17841,153751,0,1000,17842,0,0,60,60
17842,153752,0,1000,17843,0,0,60,60
17843,0,0,0,17844,0,0,60,60
17844,153753,0,1000,17845,0,0,60,60
17845,153754,0,1000,0,0,0,60,60
17846,151405,0,1000,17847,0,1,60,60
17847,151444,0,1000,0,0,1,60,60
17848,151407,0,1000,17849,0,1,60,60
17849,151446,0,1500,0,16088,1,60,60
17850,151406,0,1000,17851,0,1,60,60
17851,151445,0,1000,0,0,1,60,60
17852,151343,0,1000,0,0,1,60,60
17853,151349,0,1000,0,0,1,60,60
17854,151353,0,1000,0,0,1,60,60
17855,151400,0,1000,17856,0,1,60,60
17856,151441,0,1000,0,0,1,60,60
17857,151402,0,1000,17858,0,1,60,60
17858,151443,0,1000,0,9794,1,60,60
17859,151401,0,1000,17860,0,1,60,60
17860,151442,0,1000,0,0,1,60,60
17861,151416,0,1000,17862,0,1,60,60
17862,151453,0,1000,0,0,1,60,60
17863,151418,0,1000,17864,0,1,60,60
17864,151455,0,1000,0,9794,1,60,60
17865,151417,0,1000,17866,0,1,60,60
17866,151454,0,1000,0,0,1,60,60
17867,151408,0,1000,17868,0,1,60,60
17868,151447,0,1000,0,0,1,60,60
17869,151410,0,1000,17870,0,1,60,60
17870,151449,0,1000,0,11995,1,60,60
17871,151409,0,1000,17872,0,1,60,60
17872,151448,0,1000,0,0,1,60,60
17873,151346,0,1000,0,0,1,60,60
17874,151356,0,1000,0,0,1,60,60
17875,151351,0,1000,0,0,1,60,60
17876,151517,0,1000,17877,0,0,60,60
17877,151511,0,1000,17878,0,0,60,60
17878,151512,0,1000,0,0,0,60,60
17879,151517,0,1000,17880,0,0,60,60
17880,151515,0,1000,17881,16088,0,60,60
17881,151516,0,1000,0,0,0,60,60
17882,151517,0,1000,17883,0,0,60,60
17883,151513,0,1000,17884,0,0,60,60
17884,151514,0,1000,0,0,0,60,60
17885,151566,0,1000,17886,0,0,60,60
17886,151550,0,1000,17887,0,0,60,60
17887,151552,0,1000,0,0,0,60,60
17888,151566,0,1000,17889,0,0,60,60
17889,151563,0,1000,17890,16088,0,60,60
17890,151564,0,1000,0,0,0,60,60
17891,151566,0,1000,17892,0,0,60,60
17892,151556,0,1000,17893,0,0,60,60
17893,151559,0,1000,0,0,0,60,60
17894,151549,0,1000,17895,0,0,60,60
17895,151522,0,1000,17896,0,0,60,60
17896,151527,0,1000,0,0,0,60,60
17897,151549,0,1000,17898,0,0,60,60
17898,151542,0,1000,17899,16088,0,60,60
17899,151547,0,1000,0,0,0,60,60
17900,151549,0,1000,17901,0,0,60,60
17901,151532,0,1000,17902,0,0,60,60
17902,151533,0,1000,0,0,0,60,60
17903,154712,0,1000,17904,16089,0,60,60
17904,154711,0,1000,0,0,1,60,60
17905,154714,0,1000,17906,0,0,60,60
17906,154711,0,1000,0,0,1,60,60
17907,154710,0,1000,17908,0,0,60,60
17908,154716,0,1000,0,0,1,60,60
17909,154712,0,1000,17910,16088,0,60,60
17910,154716,0,1000,0,0,1,60,60
17911,154714,0,1000,17912,0,0,60,60
17912,154716,0,1000,0,0,1,60,60
17913,109721,0,1000,17914,0,0,60,60
17914,110426,0,1000,17915,0,0,60,60
17915,153771,0,500,17916,0,0,60,60
17916,153772,0,500,17917,0,0,60,60
17917,153773,0,1000,17918,0,0,60,60
17918,153774,0,1000,17919,0,0,60,60
17919,0,0,0,17920,0,0,60,60
17920,153775,0,0,17921,0,0,60,60
17921,153776,0,0,0,0,0,60,60
17922,154710,0,1000,17923,0,0,60,60
17923,154717,0,1000,0,0,1,60,60
17924,154712,0,1000,17925,16089,0,60,60
17925,154717,0,1000,0,0,1,60,60
17926,154714,0,1000,17927,0,0,60,60
17927,154717,0,1000,0,0,1,60,60
17928,151496,0,1000,17929,0,1,60,60
17929,151497,0,1000,0,0,1,60,60
17930,151473,0,1000,0,0,1,60,60
17931,151494,0,800,17932,0,1,60,60
17932,151495,0,1000,0,0,1,60,60
17933,151483,0,1000,0,0,1,60,60
17934,151478,0,1000,0,0,1,60,60
17935,151476,0,1000,0,0,1,60,60
17936,151486,0,1000,0,0,1,60,60
17937,151481,0,1000,0,0,1,60,60
17938,151465,0,1000,0,0,1,60,60
17939,151467,0,1000,0,0,1,60,60
17940,151466,0,1000,0,0,1,60,60
17941,151477,0,1000,0,0,1,60,60
17942,151487,0,1000,0,0,1,60,60
17943,151482,0,1000,0,0,1,60,60
17944,151393,0,1000,0,0,1,60,60
17945,151474,0,1000,0,0,1,60,60
17946,151484,0,1000,0,0,1,60,60
17947,151479,0,1000,0,0,1,60,60
17948,151411,0,1000,0,0,1,60,60
17949,151475,0,1000,0,0,1,60,60
17950,151485,0,1000,0,0,1,60,60
17951,151480,0,1000,0,0,1,60,60
17952,151403,0,1000,0,0,1,60,60
17953,151394,0,1000,0,0,1,60,60
17954,151404,0,1000,0,0,1,60,60
17955,151412,0,1000,0,0,1,60,60
17956,151828,0,1000,0,0,1,60,60
17957,151831,0,1000,0,0,1,60,60
17958,151829,0,1000,0,0,1,60,60
17959,153777,0,500,17960,0,0,60,60
17960,153778,0,500,17961,0,0,60,60
17961,153779,0,500,17962,0,0,60,60
17962,153780,0,500,17963,0,0,60,60
17963,0,0,0,17964,0,0,60,60
17964,153781,0,1000,17965,0,0,60,60
17965,153782,0,1000,0,0,0,60,60
17966,109721,0,1000,17967,0,0,60,60
17967,110426,0,1000,17968,0,0,60,60
17968,153783,0,500,17969,0,0,60,60
17969,153784,0,500,17970,0,0,60,60
17970,153785,0,1000,17971,0,0,60,60
17971,153786,0,1000,17972,0,0,60,60
17972,0,0,0,17973,0,0,60,60
17973,153787,0,0,17974,0,0,60,60
17974,153788,0,0,0,0,0,60,60
17975,109721,0,1000,17976,0,0,60,60
17976,110426,0,1000,17977,0,0,60,60
17977,195863,0,500,17978,0,0,60,60
17978,195868,0,500,17979,0,0,60,60
17979,153795,0,1000,17980,0,0,60,60
17980,153796,0,1000,41304,0,0,60,60
17982,153797,0,0,17983,0,0,60,60
17983,153798,0,0,0,0,0,60,60
17984,152232,0,1000,17985,0,0,60,60
17985,152264,0,1000,0,0,0,60,60
17986,152232,0,1000,17987,0,0,60,60
17987,152264,0,1000,0,0,0,60,60
17989,153815,0,1000,0,0,1,60,60
17990,153811,0,1000,17991,0,0,60,60
17991,153812,0,1000,17992,0,0,60,60
17992,153813,0,0,17993,0,0,60,60
17993,153814,0,0,17994,0,0,60,60
17994,0,0,0,17995,0,0,60,60
17995,153816,0,0,17996,0,0,60,60
17996,153817,0,0,0,0,0,60,60
17997,153818,0,1000,0,0,1,60,60
17998,153920,0,1000,0,9926,0,60,60
17999,109724,0,1000,18000,0,0,60,60
18000,110421,0,1000,14519,0,0,60,60
18001,153820,0,500,18002,0,0,60,60
18002,153821,0,500,14602,0,0,60,60
18003,153822,0,500,18004,0,0,60,60
18004,153823,0,500,18005,0,0,60,60
18005,153824,0,500,18006,0,0,60,60
18006,153825,0,500,14681,0,0,60,60
18007,153826,0,500,18008,0,0,60,60
18008,153827,0,500,14634,0,0,60,60
18009,153828,0,1000,0,0,1,60,60
18010,153830,0,1000,0,0,1,60,60
18011,153833,0,1000,0,0,1,60,60
18012,109837,0,1000,18013,0,0,60,60
18013,110422,0,1000,14612,0,0,60,60
18014,153829,0,500,18015,0,0,60,60
18015,153832,0,500,14682,0,0,60,60
18016,153839,0,1000,0,0,1,60,60
18017,0,0,3000,18018,0,0,60,60
18018,153841,0,1000,0,0,0,60,60
18021,153843,0,1000,18022,0,0,60,60
18022,153847,0,1000,0,0,0,60,60
18023,199369,0,500,18024,0,0,60,60
18024,199370,0,500,18025,0,0,60,60
18025,153846,0,500,18026,0,0,60,60
18026,199367,0,500,18027,0,0,60,60
18027,199368,0,1000,18028,0,0,60,60
18028,153850,0,1000,0,0,0,60,60
18029,153851,0,1000,0,0,1,60,60
18030,153852,0,1000,0,0,1,60,60
18031,153853,0,1000,0,0,1,60,60
18032,153854,0,1000,0,0,1,60,60
18033,153855,0,1000,0,0,1,60,60
18036,153856,0,2000,18251,0,1,60,60
18037,153927,0,1000,0,9926,0,60,60
18040,127610,0,1000,0,9926,0,60,60
18052,153952,0,1000,0,9926,0,60,60
18064,153857,0,1000,18065,0,0,60,60
18065,153858,0,1000,0,0,0,60,60
18066,153859,0,1000,0,0,0,60,60
18067,153860,0,1000,18068,0,0,60,60
18068,153861,0,1000,0,0,0,60,60
18069,153862,0,1000,0,0,0,60,60
18070,153863,0,1000,0,0,0,60,60
18071,153864,0,1000,18072,0,0,60,60
18072,153865,0,1000,0,0,0,60,60
18073,158597,0,1000,0,0,0,60,60
18074,153866,0,1000,18075,0,0,60,60
18075,153867,0,1000,0,0,0,60,60
18076,153661,0,500,0,16684,1,60,60
18077,153879,0,1000,18078,0,0,60,60
18078,153880,0,1000,18079,0,0,60,60
18079,153881,0,1000,0,0,0,60,60
18080,153882,0,1000,18077,0,1,60,60
18081,153892,0,1000,0,0,0,60,60
18082,153893,0,1000,0,0,0,60,60
18083,153894,0,1000,0,0,0,60,60
18084,153914,0,1000,18085,0,0,60,60
18085,153915,0,1000,0,0,0,60,60
18086,153919,0,3000,18087,0,0,60,60
18087,153921,0,3000,18088,0,0,60,60
18088,153922,0,3000,18089,0,0,60,60
18089,153923,0,3000,0,0,0,60,60
18090,153924,0,1000,0,9926,0,60,60
18091,153926,0,1000,0,9926,0,60,60
18092,153945,0,1000,18093,0,0,60,60
18093,153946,0,1000,0,0,0,60,60
18094,153947,0,1000,18515,0,0,60,60
18095,153371,0,1000,16312,0,0,60,60
18096,149547,0,0,0,0,0,60,60
18104,140634,0,1000,18114,0,0,60,60
18105,153485,0,1000,16034,0,0,60,60
18106,148858,0,1000,18107,0,0,60,60
18107,148857,0,0,0,0,0,60,60
18109,140643,0,1000,18110,0,0,60,60
18110,0,0,0,18111,0,0,60,60
18111,0,0,0,0,0,0,60,60
18112,151036,0,1000,18113,0,0,60,60
18113,151037,0,1000,18831,0,0,60,60
18114,150574,0,1000,0,0,0,60,60
18115,153982,0,1000,0,9926,0,60,60
18116,153983,0,1000,0,9926,0,60,60
18117,153984,0,1000,0,9926,0,60,60
18118,0,0,0,0,0,0,60,60
18119,153928,0,1000,0,9926,0,60,60
18120,153929,0,1000,0,9926,0,60,60
18121,153987,0,1000,0,9926,0,60,60
18122,153988,0,1000,0,9926,0,60,60
18123,153989,0,1000,0,9926,0,60,60
18124,153930,0,1000,0,9926,0,60,60
18125,153933,0,1000,0,9926,0,60,60
18126,153934,0,1000,0,9926,0,60,60
18127,153990,0,1000,0,9926,0,60,60
18128,154011,0,1000,0,9926,0,60,60
18129,154012,0,1000,0,9926,0,60,60
18130,153953,0,1000,0,9926,0,60,60
18131,153954,0,1000,0,9926,0,60,60
18132,154013,0,1000,0,9926,0,60,60
18133,154014,0,1000,0,9926,0,60,60
18134,154015,0,1000,0,9926,0,60,60
18135,153959,0,1000,0,0,0,60,60
18136,153962,0,1000,0,9926,0,60,60
18137,153965,0,1000,0,9926,0,60,60
18138,154016,0,1000,0,9926,0,60,60
18139,154017,0,1000,0,9926,0,60,60
18140,154018,0,1000,0,9926,0,60,60
18141,154023,0,1000,0,0,1,60,60
18142,154024,0,1000,0,0,1,60,60
18143,154025,0,1000,0,0,1,60,60
18144,153899,0,0,0,0,0,60,60
18145,153900,0,0,0,0,0,60,60
18146,153908,0,0,0,0,0,60,60
18147,153909,0,0,0,0,0,60,60
18148,153901,0,0,0,0,0,60,60
18149,153902,0,0,0,0,0,60,60
18150,153910,0,0,0,0,0,60,60
18151,153911,0,0,0,0,0,60,60
18152,153904,0,0,0,0,0,60,60
18153,153905,0,0,0,0,0,60,60
18154,153912,0,0,0,0,0,60,60
18155,153913,0,0,0,0,0,60,60
18156,154062,0,0,0,0,0,60,60
18157,154057,0,0,0,0,0,60,60
18158,154058,0,0,0,0,0,60,60
18159,154059,0,0,0,0,0,60,60
18160,154060,0,0,0,0,0,60,60
18161,154061,0,0,0,0,0,60,60
18162,154063,0,0,0,0,0,60,60
18163,154064,0,0,0,0,0,60,60
18164,154065,0,0,0,0,0,60,60
18165,154066,0,0,0,0,0,60,60
18166,154067,0,0,0,0,0,60,60
18167,154068,0,0,0,0,0,60,60
18168,154069,0,0,0,0,0,60,60
18169,154076,0,5000,0,0,0,60,60
18170,154026,0,1000,0,0,0,60,60
18171,154027,0,1000,0,0,0,60,60
18172,154030,0,1000,0,0,0,60,60
18173,154031,0,1000,0,0,0,60,60
18174,154028,0,1000,0,0,0,60,60
18175,154029,0,1000,0,0,0,60,60
18176,154092,0,1000,0,0,0,60,60
18177,154098,0,1000,0,0,0,60,60
18178,153876,0,1000,0,0,0,60,60
18179,153877,0,1000,0,0,0,60,60
18180,154019,0,1000,0,0,0,60,60
18181,154022,0,1000,0,0,0,60,60
18182,150905,0,1000,0,0,0,60,60
18183,150906,0,1000,0,0,0,60,60
18184,150907,0,1000,0,0,0,60,60
18185,150908,0,1000,0,0,0,60,60
18186,150911,0,1000,0,0,0,60,60
18187,150946,0,1000,0,0,0,60,60
18188,154009,0,1000,0,0,0,60,60
18189,154010,0,1000,0,0,0,60,60
18190,153884,0,1000,0,0,0,60,60
18191,153885,0,1000,0,0,0,60,60
18192,153878,0,1000,0,0,0,60,60
18193,153883,0,1000,0,0,0,60,60
18194,153874,0,1000,0,0,0,60,60
18195,153875,0,1000,0,0,0,60,60
18196,154037,0,1000,0,0,0,60,60
18197,154040,0,1000,0,0,0,60,60
18198,154042,0,1000,0,0,0,60,60
18199,154046,0,1000,0,0,0,60,60
18200,154189,0,1000,0,0,0,60,60
18201,154161,0,1000,18565,0,0,60,60
18202,154172,0,1000,18564,0,0,60,60
18203,154164,0,1000,18566,0,0,60,60
18204,154173,0,1000,18567,0,0,60,60
18205,154174,0,1000,18568,0,0,60,60
18206,154166,0,1000,18570,0,0,60,60
18207,154169,0,1000,18572,0,0,60,60
18208,154170,0,1000,18571,0,0,60,60
18209,154167,0,1000,18574,0,0,60,60
18210,154175,0,1000,18573,0,0,60,60
18211,154179,0,1000,22213,0,0,60,60
18212,154180,0,1000,22214,0,0,60,60
18213,154181,0,1000,0,0,0,60,60
18214,154183,0,1000,0,0,0,60,60
18215,154216,0,1000,0,0,0,60,60
18216,154220,0,1000,0,0,0,60,60
18217,154230,0,1000,0,0,0,60,60
18218,154234,0,1000,0,0,0,60,60
18219,154217,0,0,0,0,0,60,60
18220,154219,0,0,0,0,0,60,60
18221,154221,0,0,0,0,0,60,60
18222,154223,0,0,0,0,0,60,60
18223,154225,0,0,0,0,0,60,60
18225,154190,0,1000,0,0,0,60,60
18226,154192,0,1000,18227,0,0,60,60
18227,154194,0,1000,0,0,0,60,60
18228,154195,0,1000,0,0,0,60,60
18229,154197,0,1000,18230,0,0,60,60
18230,154198,0,1000,0,0,0,60,60
18231,154200,0,1000,0,0,0,60,60
18238,154237,0,0,0,0,0,60,60
18239,154238,0,0,0,0,0,60,60
18240,154239,0,0,0,0,0,60,60
18242,154242,0,0,0,0,0,60,60
18243,154243,0,0,0,0,0,60,60
18244,154244,0,0,0,0,0,60,60
18245,154245,0,0,0,0,0,60,60
18250,154251,0,0,0,0,0,60,60
18251,154257,0,1000,0,0,1,60,60
18252,154258,0,1000,0,0,1,60,60
18253,154251,0,0,0,0,0,60,60
18254,154252,0,0,0,0,0,60,60
18257,154255,0,0,0,0,0,60,60
18258,154256,0,0,0,0,0,60,60
18259,154268,0,1000,0,0,0,60,60
18260,154269,0,1000,0,0,0,60,60
18261,154265,0,1000,0,0,0,60,60
18262,154267,0,1000,0,0,0,60,60
18263,154432,0,1000,18264,0,0,60,60
18264,154441,0,1000,18265,0,0,60,60
18265,154446,0,1000,18266,0,0,60,60
18266,154445,0,1000,18278,0,0,60,60
18267,154306,0,1000,0,0,0,60,60
18268,154412,0,1000,0,0,0,60,60
18269,154421,0,1000,0,0,0,60,60
18270,154425,0,1000,0,0,0,60,60
18271,154426,0,1000,0,0,0,60,60
18272,154430,0,1000,0,0,0,60,60
18273,154431,0,1000,0,0,0,60,60
18274,154435,0,1000,0,0,0,60,60
18275,154437,0,1000,0,0,0,60,60
18276,154443,0,1000,0,0,0,60,60
18277,154447,0,1000,0,0,0,60,60
18278,154448,0,1000,18300,0,0,60,60
18279,154420,0,1000,18280,0,0,60,60
18280,154295,0,5000,18281,0,0,60,60
18281,154296,0,1000,18282,0,0,60,60
18282,154297,0,1000,18283,0,0,60,60
18283,154298,0,1000,18284,0,0,60,60
18284,154488,0,1000,18296,0,0,60,60
18285,154450,0,1000,0,0,0,60,60
18286,154452,0,1000,0,0,0,60,60
18287,154455,0,1000,0,0,0,60,60
18288,154459,0,1000,0,0,0,60,60
18289,154457,0,1000,18290,0,0,60,60
18290,154217,0,0,0,0,0,60,60
18291,154457,0,1000,18292,0,0,60,60
18292,154242,0,0,0,0,0,60,60
18293,152762,0,1000,17416,0,0,60,60
18294,152772,0,1000,17420,0,0,60,60
18295,154479,0,1000,0,0,0,60,60
18296,154428,0,1000,0,0,0,60,60
18297,152755,0,2000,18298,0,0,60,60
18298,152757,0,2000,18299,0,0,60,60
18299,152832,0,2000,0,0,0,60,60
18300,154490,0,1000,0,0,0,60,60
18301,154496,0,2000,18302,0,0,60,60
18302,154497,0,1000,0,0,0,60,60
18303,154498,0,1000,0,0,0,60,60
18304,154495,0,3000,18301,0,0,60,60
18305,154500,0,1000,18306,0,0,60,60
18306,154501,0,1000,0,0,0,60,60
18307,154527,0,2000,18308,0,0,60,60
18308,154528,0,2000,18309,0,0,60,60
18309,154529,0,1000,0,0,0,60,60
18310,153482,0,0,0,0,0,60,60
18311,109940,0,500,18312,0,0,60,60
18312,118045,0,500,18313,0,0,60,60
18313,117706,0,1000,18314,0,0,60,60
18314,118044,0,1000,18315,0,0,60,60
18315,154542,0,1000,18316,0,0,60,60
18316,154543,0,1000,18317,0,0,60,60
18317,0,0,0,18318,0,0,60,60
18318,154544,0,0,18319,0,0,60,60
18319,154546,0,0,0,0,0,60,60
18320,154565,0,4000,18321,0,0,60,60
18321,154560,0,4000,18322,0,0,60,60
18322,154575,0,4000,18323,0,0,60,60
18323,154569,0,4000,18324,0,0,60,60
18324,154563,0,4000,18325,0,0,60,60
18325,154576,0,4000,18326,0,0,60,60
18326,154566,0,4000,18327,0,0,60,60
18327,154561,0,4000,18328,0,0,60,60
18328,154577,0,4000,18329,0,0,60,60
18329,154572,0,4000,18330,0,0,60,60
18330,154567,0,4000,18331,0,0,60,60
18331,154580,0,4000,0,0,0,60,60
18332,109940,0,500,18333,0,0,60,60
18333,118045,0,500,18334,0,0,60,60
18334,154613,0,1000,18335,0,0,60,60
18335,154615,0,1000,18336,0,0,60,60
18336,154616,0,1000,18337,0,0,60,60
18337,154617,0,1000,18338,0,0,60,60
18338,0,0,0,18339,0,0,60,60
18339,154618,0,1000,18340,0,0,60,60
18340,154619,0,1000,18341,0,0,60,60
18341,154620,0,1000,18342,0,0,60,60
18342,154621,0,1000,0,0,0,60,60
18343,153496,0,0,0,0,0,60,60
18344,154684,0,0,18345,0,0,60,60
18345,154683,0,0,0,0,0,60,60
18346,154685,0,1000,18347,0,0,60,60
18347,154686,0,1000,0,0,0,60,60
18348,154689,0,1000,0,0,0,60,60
18349,154687,0,1000,0,0,0,60,60
18350,154688,0,1000,0,0,0,60,60
18351,154694,0,1000,0,0,0,60,60
18352,154695,0,1000,18353,0,0,60,60
18353,154696,0,1000,0,0,0,60,60
18354,154697,0,1000,0,0,0,60,60
18355,154698,0,1000,18356,0,0,60,60
18356,154699,0,1000,0,0,0,60,60
18357,154706,0,1000,0,0,0,60,60
18358,154708,0,1000,0,0,0,60,60
18359,154713,0,0,0,0,0,60,60
18360,154715,0,0,0,0,0,60,60
18361,154718,0,10000,18368,0,0,60,60
18362,154720,0,1000,18369,0,0,60,60
18363,154553,0,1000,0,0,1,60,60
18364,154554,0,1000,0,0,1,60,60
18365,154555,0,1000,0,0,1,60,60
18366,154556,0,1000,0,0,1,60,60
18367,154557,0,1000,0,0,1,60,60
18368,154765,0,1000,18377,0,0,60,60
18369,154721,0,1000,18658,0,0,60,60
18374,154734,0,1000,18375,0,0,60,60
18375,154736,0,1000,18376,0,0,60,60
18376,154739,0,1000,0,0,0,60,60
18377,154766,0,1000,0,0,0,60,60
18378,154770,0,0,0,0,0,60,60
18389,154787,0,1000,0,9926,0,60,60
18390,154788,0,1000,0,9926,0,60,60
18391,154789,0,1000,0,9926,0,60,60
18396,154791,0,2200,18397,0,0,60,60
18397,154795,0,1000,0,0,0,60,60
18398,154820,0,1000,0,0,0,60,60
18399,154821,0,1000,0,0,0,60,60
18400,154822,0,1000,0,9926,0,60,60
18401,154822,0,1000,0,9926,0,60,60
18402,154823,0,1000,0,9926,0,60,60
18403,154824,0,1000,0,9926,0,60,60
18404,154825,0,1000,0,9926,0,60,60
18405,154826,0,1000,0,9926,0,60,60
18406,154827,0,1000,0,9926,0,60,60
18407,154828,0,1000,0,9926,0,60,60
18408,154832,0,1000,0,9926,0,60,60
18411,154836,0,1000,0,9926,0,60,60
18412,154838,0,1000,0,9926,0,60,60
18416,154842,0,1000,0,9926,0,60,60
18417,154843,0,1000,0,9926,0,60,60
18419,154845,0,1000,0,9926,0,60,60
18422,154851,0,1000,0,9926,0,60,60
18423,154853,0,1000,0,9926,0,60,60
18424,154855,0,1000,18426,0,0,60,60
18425,154858,0,1000,0,9926,0,60,60
18426,0,0,0,0,0,0,60,60
18428,154863,0,1000,0,9926,0,60,60
18429,154864,0,1000,0,9926,0,60,60
18430,154861,0,0,0,0,0,60,60
18433,154866,0,1000,0,9926,0,60,60
18436,154869,0,0,0,0,0,60,60
18437,154870,0,0,0,0,0,60,60
18438,154871,0,1000,0,9926,0,60,60
18439,154872,0,1000,0,9926,0,60,60
18440,154873,0,0,16375,0,0,60,60
18441,154874,0,0,0,0,0,60,60
18442,154875,0,0,0,0,0,60,60
18443,154876,0,1000,18444,0,0,60,60
18444,154877,0,0,18445,0,0,60,60
18445,154878,0,0,0,0,0,60,60
18448,154879,0,1000,18450,0,0,60,60
18449,154881,0,1000,0,0,1,60,60
18450,154882,0,1000,18451,0,0,60,60
18451,154883,0,1000,18452,0,0,60,60
18452,154884,0,5000,18453,0,0,60,60
18453,154885,0,1000,0,0,0,60,60
18454,0,0,5000,18448,0,0,60,60
18455,154886,0,1000,0,0,0,60,60
18457,154889,0,0,18458,0,0,60,60
18458,154888,0,1000,0,0,0,60,60
18459,154893,0,1000,18460,0,0,60,60
18460,154898,0,0,0,0,0,60,60
18461,154894,0,1000,18462,0,0,60,60
18462,154896,0,1000,18463,0,0,60,60
18463,154895,0,1000,18464,0,0,60,60
18464,154897,0,1000,0,0,0,60,60
18465,154646,0,15000,18466,0,0,60,60
18466,154643,0,20000,18467,0,0,60,60
18467,154899,0,30000,0,0,0,60,60
18469,154907,0,1000,0,0,0,60,60
18470,154909,0,1000,18471,0,0,60,60
18471,154911,0,1000,18472,0,0,60,60
18472,154910,0,1000,18473,0,0,60,60
18473,154912,0,1000,0,0,0,60,60
18474,153222,0,3000,0,12868,1,60,60
18475,153223,0,500,0,16684,1,60,60
18479,154648,0,1000,0,0,0,60,60
18480,150261,0,500,0,12868,1,60,60
18481,154917,0,1000,0,0,0,60,60
18482,154918,0,1000,0,0,0,60,60
18483,150262,0,500,18484,16684,1,60,60
18484,150263,0,500,18485,16684,1,60,60
18485,150264,0,500,0,16684,1,60,60
18486,146789,0,500,18487,12868,1,60,60
18487,150257,0,500,17580,12868,1,60,60
18488,150259,0,500,18489,12868,1,60,60
18489,150260,0,500,18480,12868,1,60,60
18490,150279,0,500,18491,12868,1,60,60
18491,154919,0,500,19009,16684,1,60,60
18494,150281,0,0,0,0,0,60,60
18495,150283,0,0,18496,0,1,60,60
18496,150284,0,500,0,12868,1,60,60
18497,154921,0,1000,0,0,1,60,60
18498,154924,0,0,18499,0,0,60,60
18499,154925,0,0,0,0,0,60,60
18500,154926,0,0,18825,0,0,60,60
18505,154959,0,1000,0,0,0,60,60
18506,149288,0,1000,0,0,0,60,60
18507,149289,0,1000,18508,0,0,60,60
18508,149303,0,0,0,0,0,60,60
18509,149290,0,1000,0,0,0,60,60
18510,132752,0,1000,18511,0,0,60,60
18511,154101,0,1000,18512,0,0,60,60
18512,154102,0,1000,0,0,0,60,60
18513,149305,0,1000,0,0,0,60,60
18514,149291,0,1000,18513,0,0,60,60
18515,154985,0,1000,0,0,0,60,60
18516,146519,0,500,17677,0,1,60,60
18517,155045,0,1000,0,0,0,60,60
18518,155046,0,1000,0,0,0,60,60
18520,154106,0,1000,0,0,0,60,60
18521,155106,0,1000,22207,0,0,60,60
18522,155105,0,1000,22208,0,0,60,60
18523,155107,0,1000,18935,0,0,60,60
18524,155109,0,1000,18936,0,0,60,60
18525,155122,0,500,18526,0,0,60,60
18526,155123,0,0,0,0,0,60,60
18527,155124,0,500,18528,0,0,60,60
18528,155125,0,0,0,0,0,60,60
18529,155126,0,500,18530,0,0,60,60
18530,155127,0,0,0,0,0,60,60
18531,155128,0,500,18532,0,0,60,60
18532,155129,0,0,0,0,0,60,60
18533,155130,0,500,18534,0,0,60,60
18534,155131,0,0,0,0,0,60,60
18540,147739,0,0,18541,0,0,60,60
18541,147743,0,0,18542,0,0,60,60
18542,147740,0,0,18543,0,0,60,60
18543,147741,0,0,18544,0,0,60,60
18544,147742,0,0,18545,0,0,60,60
18545,147735,0,0,18546,0,0,60,60
18546,147744,0,0,18547,0,0,60,60
18547,147736,0,0,0,0,0,60,60
18548,155200,0,1000,18549,0,0,60,60
18549,155201,0,1000,18550,0,0,60,60
18550,155202,0,3000,18551,0,0,60,60
18551,155203,0,1000,18552,0,0,60,60
18552,155204,0,2000,18553,0,0,60,60
18553,155205,0,2000,18554,0,0,60,60
18554,155206,0,2000,18581,0,0,60,60
18555,155228,0,1000,18603,0,0,60,60
18556,155212,0,1000,18580,0,0,60,60
18557,155213,0,1000,18575,0,0,60,60
18558,155215,0,1000,18576,0,0,60,60
18559,155214,0,1000,18577,0,0,60,60
18560,155208,0,1000,18569,0,0,60,60
18561,155209,0,1000,0,0,0,60,60
18562,155210,0,1000,18578,0,0,60,60
18563,155211,0,1000,18579,0,0,60,60
18564,154245,0,0,22224,0,0,60,60
18565,154217,0,0,22221,0,0,60,60
18566,154219,0,0,22222,0,0,60,60
18567,154242,0,0,22225,0,0,60,60
18568,154221,0,0,22223,0,0,60,60
18569,154223,0,0,0,0,0,60,60
18570,154243,0,0,0,0,0,60,60
18571,154225,0,0,0,0,0,60,60
18572,154223,0,0,0,0,0,60,60
18573,154219,0,0,0,0,0,60,60
18574,154244,0,0,0,0,0,60,60
18575,154252,0,0,22228,0,0,60,60
18576,154238,0,0,22227,0,0,60,60
18577,154255,0,0,22229,0,0,60,60
18578,154239,0,0,0,0,0,60,60
18579,154256,0,0,0,0,0,60,60
18580,154237,0,0,22226,0,0,60,60
18581,155207,0,1000,18555,0,0,60,60
18583,155230,0,0,18584,0,0,60,60
18584,0,0,4000,18585,0,0,60,60
18585,155240,0,0,18586,0,0,60,60
18586,0,0,3000,18587,0,0,60,60
18587,155227,0,0,18588,0,0,60,60
18588,0,0,5000,18589,0,0,60,60
18589,155231,0,0,18590,0,0,60,60
18590,0,0,2000,18591,0,0,60,60
18591,155233,0,3000,18592,0,0,60,60
18592,155251,0,2000,0,0,0,60,60
18603,0,0,0,0,0,0,60,60
18604,155307,0,1000,0,0,0,60,60
18605,155308,0,1000,0,0,0,60,60
18606,155309,0,1000,0,0,0,60,60
18608,155310,0,1000,0,0,0,60,60
18609,155311,0,1000,0,0,0,60,60
18610,155312,0,1000,0,0,0,60,60
18617,154365,0,1000,0,0,1,60,60
18618,154367,0,1000,0,0,1,60,60
18619,154368,0,1000,0,0,1,60,60
18620,155318,0,1000,18992,0,0,60,60
18621,155319,0,1000,18993,0,0,60,60
18622,154337,0,1000,0,0,1,60,60
18623,154338,0,1000,0,0,1,60,60
18624,154347,0,1000,0,0,1,60,60
18625,154342,0,1000,0,0,1,60,60
18626,155322,0,1000,18994,0,0,60,60
18627,155323,0,1000,18995,0,0,60,60
18628,154363,0,1000,0,0,1,60,60
18629,154360,0,1000,0,0,1,60,60
18630,155403,0,0,0,0,0,60,60
18631,155404,0,1000,18632,0,0,60,60
18632,155405,0,1000,18633,0,0,60,60
18633,155406,0,1000,18634,0,0,60,60
18634,155407,0,1000,18635,0,0,60,60
18635,155408,0,1000,18636,0,0,60,60
18636,155409,0,1000,18637,0,0,60,60
18637,155410,0,0,18638,0,0,60,60
18638,155411,0,4000,18639,0,0,60,60
18639,155412,0,1000,0,0,0,60,60
18643,155444,0,1000,18644,0,0,60,60
18644,155445,0,1000,18645,0,0,60,60
18645,155446,0,1000,18646,0,0,60,60
18646,155447,0,1000,18647,0,0,60,60
18647,155448,0,1000,0,0,0,60,60
18648,154719,0,1000,18649,0,0,60,60
18649,154722,0,1000,19681,0,0,60,60
18650,155456,0,1000,0,0,0,60,60
18651,155457,0,1000,0,0,0,60,60
18652,155449,0,1000,0,0,0,60,60
18653,155460,0,1000,0,0,0,60,60
18654,155461,0,1000,0,0,0,60,60
18655,155462,0,1000,0,0,0,60,60
18656,154723,0,1000,18374,0,0,60,60
18657,0,0,4000,18656,0,0,60,60
18658,155471,0,1000,0,0,0,60,60
18659,155473,0,1000,18424,0,0,60,60
18660,155466,0,1000,18661,0,0,60,60
18661,155465,0,1000,0,0,0,60,60
18662,155482,0,1000,18663,0,0,60,60
18663,155483,0,1000,0,0,0,60,60
18664,154225,0,1000,18665,0,0,60,60
18665,155484,0,1000,0,0,0,60,60
18666,154255,0,1000,18667,0,0,60,60
18667,155485,0,1000,0,0,0,60,60
18668,155487,0,1000,18669,0,0,60,60
18669,155486,0,1000,0,0,0,60,60
18670,156115,0,1000,18671,0,0,60,60
18671,155488,0,1000,0,0,0,60,60
18672,155505,0,1000,19000,0,0,60,60
18673,155506,0,1000,19001,0,0,60,60
18674,155507,0,1000,19002,0,0,60,60
18675,155508,0,1000,19003,0,0,60,60
18676,155529,0,1000,0,0,0,60,60
18677,155530,0,1000,0,16088,1,60,60
18678,155532,0,1000,0,0,0,60,60
18679,155531,0,1000,0,0,1,60,60
18680,155557,0,1000,0,0,0,60,60
18681,155558,0,1000,0,0,0,60,60
18682,155565,0,1000,0,0,0,60,60
18683,155569,0,1000,0,0,0,60,60
18684,156110,0,1000,18685,0,0,60,60
18685,155637,0,1000,0,0,0,60,60
18686,155558,0,1000,18687,0,0,60,60
18687,155639,0,1000,0,0,0,60,60
18688,109051,0,500,18689,0,0,60,60
18689,117842,0,500,18690,0,0,60,60
18690,117632,0,1000,18691,0,0,60,60
18691,117841,0,1000,18695,0,0,60,60
18693,109052,0,0,18694,0,0,60,60
18694,117840,0,0,0,0,0,60,60
18695,0,0,0,18693,0,0,60,60
18696,155682,0,1000,18697,0,0,60,60
18697,155684,0,1000,0,0,0,60,60
18698,154223,0,1000,18699,0,0,60,60
18699,155635,0,1000,0,0,0,60,60
18700,154255,0,1000,18701,0,0,60,60
18701,155638,0,1000,0,0,0,60,60
18702,154219,0,1000,18703,0,0,60,60
18703,155636,0,1000,0,0,0,60,60
18704,154243,0,1000,18705,0,0,60,60
18705,155640,0,1000,0,0,0,60,60
18706,156107,0,1000,18707,0,0,60,60
18707,155635,0,1000,0,0,0,60,60
18708,156116,0,1000,18709,0,0,60,60
18709,155639,0,1000,0,0,0,60,60
18710,154217,0,1000,18711,0,0,60,60
18711,155641,0,1000,0,0,0,60,60
18712,154251,0,1000,18713,0,0,60,60
18713,155642,0,1000,0,0,0,60,60
18714,154237,0,1000,18715,0,0,60,60
18715,153954,0,1000,0,0,0,60,60
18716,154251,0,1000,18717,0,0,60,60
18717,154014,0,1000,0,0,0,60,60
18718,156104,0,1000,18719,0,0,60,60
18719,155767,0,1000,0,0,0,60,60
18720,156114,0,1000,18721,0,0,60,60
18721,155770,0,1000,0,0,0,60,60
18722,154225,0,1000,18723,0,0,60,60
18723,155769,0,1000,0,0,0,60,60
18724,154242,0,1000,18725,0,0,60,60
18725,155488,0,1000,0,0,0,60,60
18726,156105,0,1000,18727,0,0,60,60
18727,155768,0,1000,0,0,0,60,60
18728,156116,0,1000,18729,0,0,60,60
18729,155771,0,1000,0,0,0,60,60
18730,156104,0,1000,18731,0,0,60,60
18731,155767,0,1000,0,0,0,60,60
18732,156117,0,1000,18733,0,0,60,60
18733,155770,0,1000,0,0,0,60,60
18734,156110,0,1000,18735,0,0,60,60
18735,153952,0,1000,0,0,0,60,60
18736,156112,0,1000,18737,0,0,60,60
18737,154015,0,1000,0,0,0,60,60
18738,155711,0,1000,0,0,0,60,60
18739,155731,0,1000,0,0,0,60,60
18740,154223,0,1000,18741,0,0,60,60
18741,155768,0,1000,0,0,0,60,60
18742,154243,0,1000,18743,0,0,60,60
18743,155772,0,1000,0,0,0,60,60
18744,154221,0,1000,18745,0,0,60,60
18745,153952,0,1000,0,0,0,60,60
18746,154256,0,1000,18747,0,0,60,60
18747,154013,0,1000,0,0,0,60,60
18748,155782,0,0,19322,0,0,60,60
18749,155783,0,0,19323,0,0,60,60
18750,155784,0,1000,19324,0,0,60,60
18751,154013,0,1000,19325,0,0,60,60
18752,155785,0,1000,0,0,0,60,60
18753,155786,0,1000,0,0,0,60,60
18754,155703,0,1000,0,0,0,60,60
18755,155704,0,1000,0,0,0,60,60
18756,155788,0,1000,18998,0,0,60,60
18757,155789,0,1000,18999,0,0,60,60
18758,143049,0,1000,15466,0,0,60,60
18759,155794,0,0,18760,0,0,60,60
18760,155795,0,0,18761,0,0,60,60
18761,155793,0,0,18762,0,0,60,60
18762,155796,0,0,0,0,0,60,60
18763,155030,0,0,18764,0,0,60,60
18764,155031,0,0,18765,0,0,60,60
18765,155032,0,0,18766,0,0,60,60
18766,155797,0,0,0,0,0,60,60
18767,155798,0,0,18768,0,0,60,60
18768,155799,0,0,18769,0,0,60,60
18769,155800,0,0,18778,0,0,60,60
18771,155801,0,4000,18767,0,0,60,60
18772,155802,0,4000,18773,0,0,60,60
18773,155803,0,0,18774,0,0,60,60
18774,155804,0,0,18775,0,0,60,60
18775,155805,0,0,18781,0,0,60,60
18776,0,0,4000,18772,0,0,60,60
18777,0,0,4000,18771,0,0,60,60
18778,0,0,4000,18779,0,0,60,60
18779,155806,0,0,18780,0,0,60,60
18780,155807,0,0,0,0,0,60,60
18781,0,0,4000,18782,0,0,60,60
18782,155809,0,0,18783,0,0,60,60
18783,155808,0,0,0,0,0,60,60
18784,154178,0,1000,0,0,0,60,60
18785,151810,0,0,18786,0,1,60,60
18786,151811,0,0,18787,0,1,60,60
18787,151812,0,0,18788,0,1,60,60
18788,151813,0,0,0,0,0,60,60
18789,155831,0,1000,18790,0,0,60,60
18790,155832,0,1000,0,0,0,60,60
18791,155833,0,1000,0,0,0,60,60
18792,155834,0,1000,0,0,0,60,60
18793,155835,0,1000,0,0,0,60,60
18794,155836,0,1000,0,0,0,60,60
18795,155870,0,1000,22204,0,0,60,60
18796,155873,0,1000,22203,0,0,60,60
18798,155875,0,1000,0,0,0,60,60
18799,155876,0,1000,0,0,0,60,60
18800,155877,0,1000,0,0,0,60,60
18802,158409,0,1000,20566,0,0,60,60
18804,155886,0,1000,0,0,0,60,60
18805,155896,0,1000,0,0,0,60,60
18806,155913,0,1000,19004,0,0,60,60
18807,155915,0,1000,22323,0,0,60,60
18808,154119,0,1000,0,0,0,60,60
18809,155935,0,2000,18810,0,0,60,60
18810,155936,0,1000,0,0,1,60,60
18811,151814,0,0,18812,0,0,60,60
18812,151818,0,0,18813,0,0,60,60
18813,151822,0,0,18814,0,0,60,60
18814,151825,0,0,0,0,0,60,60
18815,144191,0,0,18822,0,2,60,60
18816,144133,0,0,18821,0,0,60,60
18817,144147,0,0,18823,0,2,60,60
18818,144148,0,0,18819,0,2,60,60
18819,144134,0,0,18824,0,0,60,60
18820,144135,0,0,0,0,0,60,60
18821,0,0,4500,18815,0,0,60,60
18822,0,0,2000,18817,0,0,60,60
18823,0,0,4000,18818,0,0,60,60
18824,0,0,5000,18820,0,0,60,60
18825,155966,0,0,0,0,0,60,60
18826,149494,0,1000,0,0,0,60,60
18827,155982,0,1000,22209,0,0,60,60
18828,155983,0,1000,22210,0,0,60,60
18829,155984,0,1000,22211,0,0,60,60
18830,155986,0,1000,22212,0,0,60,60
18831,140633,0,1000,18104,0,0,60,60
18834,158402,0,1000,18835,0,0,60,60
18835,158403,0,1000,0,0,0,60,60
18838,155883,0,1000,18839,0,0,60,60
18839,155884,0,1000,0,0,0,60,60
18842,158414,0,1000,20567,0,0,60,60
18850,158414,0,2000,22242,0,0,60,60
18853,155988,0,1000,0,0,0,60,60
18854,155874,0,1000,0,0,0,60,60
18855,156083,0,1000,0,0,0,60,60
18856,156084,0,1000,0,0,0,60,60
18857,154602,0,1000,18858,0,0,60,60
18858,154604,0,0,18859,0,0,60,60
18859,133037,0,0,0,0,0,60,60
18860,156091,0,1000,0,0,0,60,60
18861,156096,0,1000,0,0,0,60,60
18862,149168,0,3000,18863,0,0,60,60
18863,149169,0,0,0,0,0,60,60
18864,156166,0,3000,18865,0,0,60,60
18865,133038,0,1000,0,0,0,60,60
18866,156176,0,0,11922,0,0,60,60
18867,146207,0,1000,18868,0,0,60,60
18868,146208,0,1000,18869,0,0,60,60
18869,146209,0,2000,18870,0,0,60,60
18870,146210,0,0,0,0,0,60,60
18871,156186,0,1000,18872,0,0,60,60
18872,156187,0,1000,0,0,0,60,60
18873,156188,0,1000,18874,0,0,60,60
18874,156190,0,1000,18875,0,0,60,60
18875,156191,0,0,18876,0,0,60,60
18876,156192,0,0,0,0,0,60,60
18877,156193,0,2000,18898,0,0,60,60
18879,156195,0,9000,18881,0,0,60,60
18881,156198,0,0,0,0,0,60,60
18882,156199,0,3000,18883,0,0,60,60
18883,156200,0,4000,18884,0,0,60,60
18884,156201,0,0,0,0,0,60,60
18886,156203,0,1000,18887,0,0,60,60
18887,156204,0,1000,0,0,0,60,60
18888,156210,0,1000,0,0,0,60,60
18889,156211,0,1000,0,0,0,60,60
18890,156212,0,1000,0,0,0,60,60
18891,156213,0,1000,0,0,0,60,60
18893,156321,0,1000,0,0,0,60,60
18894,156327,0,5000,18895,0,0,60,60
18895,156328,0,5000,18896,0,0,60,60
18896,156329,0,5000,0,0,0,60,60
18898,156335,0,0,0,0,0,60,60
18899,156336,0,1000,18900,0,0,60,60
18900,156337,0,1000,0,0,0,60,60
18901,156339,0,1000,0,0,0,60,60
18902,156345,0,1000,0,0,0,60,60
18903,156342,0,0,18904,0,0,60,60
18904,156343,0,0,0,0,0,60,60
18905,156344,0,4000,18894,0,0,60,60
18906,153765,0,0,0,0,0,60,60
18907,155681,0,1000,22205,0,0,60,60
18908,155683,0,1000,22206,0,0,60,60
18909,156354,0,1000,22215,0,0,60,60
18910,156355,0,1000,22216,0,0,60,60
18911,154887,0,0,18457,0,0,60,60
18912,156356,0,1000,18913,0,0,60,60
18913,156357,0,1000,0,0,0,60,60
18914,153767,0,1000,18915,0,0,60,60
18915,133685,0,1000,0,0,0,60,60
18916,156375,0,1000,0,0,0,60,60
18918,156370,0,0,18923,0,0,60,60
18919,0,0,0,0,0,0,60,60
18920,156371,0,2000,18919,0,0,60,60
18923,0,0,2000,18920,0,0,60,60
18924,147825,0,0,0,0,1,60,60
18925,156137,0,1000,0,0,0,60,60
18926,156134,0,1000,0,0,0,60,60
18927,147863,0,1000,0,0,0,60,60
18928,156396,0,1000,18929,0,1,60,60
18929,156397,0,0,18930,0,1,60,60
18930,0,0,3000,18931,0,2,60,60
18931,156399,0,0,0,0,0,60,60
18932,156136,0,1000,0,0,0,60,60
18933,156134,0,1000,0,0,0,60,60
18934,150798,0,0,14486,0,0,60,60
18935,155685,0,0,0,0,0,60,60
18936,155686,0,0,0,0,0,60,60
18937,156024,0,1000,0,0,0,60,60
18938,156028,0,1000,0,0,0,60,60
18939,155735,0,1000,0,0,0,60,60
18940,155911,0,1000,0,0,0,60,60
18941,156023,0,1000,0,0,0,60,60
18942,156030,0,1000,0,0,0,60,60
18943,156025,0,1000,0,0,0,60,60
18944,156029,0,1000,0,0,0,60,60
18945,156430,0,2000,18946,0,0,60,60
18946,156431,0,5000,0,0,0,60,60
18947,155685,0,1000,0,0,0,60,60
18948,155692,0,1000,0,0,0,60,60
18949,155903,0,1000,0,0,0,60,60
18950,155737,0,1000,0,0,0,60,60
18951,156139,0,0,0,0,0,60,60
18952,156134,0,0,0,0,0,60,60
18953,133690,0,1000,18954,0,0,60,60
18954,133690,0,1000,0,0,0,60,60
18956,156444,0,0,18957,0,0,60,60
18957,156445,0,0,0,0,0,60,60
18958,156473,0,0,0,0,0,60,60
18959,0,0,3000,18960,0,0,60,60
18960,144879,0,1000,18961,0,0,60,60
18961,150887,0,1000,0,0,0,60,60
18962,156464,0,1000,0,0,0,60,60
18963,156480,0,1000,0,0,0,60,60
18964,156481,0,1000,0,0,0,60,60
18965,156493,0,0,18966,0,0,60,60
18966,156494,0,0,18967,0,0,60,60
18967,156495,0,0,18968,0,0,60,60
18968,156496,0,0,18969,0,0,60,60
18969,156491,0,0,18970,0,0,60,60
18970,156497,0,0,18971,0,0,60,60
18971,156498,0,0,0,0,0,60,60
18972,156484,0,0,18973,0,0,60,60
18973,156485,0,0,18974,0,0,60,60
18974,156486,0,0,18975,0,0,60,60
18975,156487,0,0,18976,0,0,60,60
18976,156489,0,0,18977,0,0,60,60
18977,156491,0,0,18978,0,0,60,60
18978,156492,0,0,0,0,0,60,60
18979,156508,0,0,0,0,0,60,60
18982,156514,0,3000,18983,0,0,60,60
18983,156519,0,0,0,0,0,60,60
18984,154219,0,1000,18985,0,0,60,60
18985,155767,0,1000,0,0,0,60,60
18986,154245,0,1000,18987,0,0,60,60
18987,157453,0,1000,0,0,0,60,60
18988,155033,0,1000,0,0,0,60,60
18989,155034,0,1000,0,0,0,60,60
18990,154975,0,1000,0,0,0,60,60
18991,154976,0,1000,0,0,0,60,60
18992,155688,0,1000,22201,0,0,60,60
18993,155692,0,1000,22231,0,0,60,60
18994,155688,0,1000,0,0,0,60,60
18995,155686,0,1000,0,0,0,60,60
18996,155651,0,0,0,0,0,60,60
18997,155652,0,0,0,0,0,60,60
18998,155688,0,0,22217,0,0,60,60
18999,155737,0,0,22218,0,0,60,60
19000,155685,0,0,22202,0,0,60,60
19001,155911,0,0,0,0,0,60,60
19002,155685,0,0,0,0,0,60,60
19003,155692,0,0,0,0,0,60,60
19004,155685,0,0,0,0,0,60,60
19006,156540,0,1000,0,0,0,60,60
19007,150796,0,1000,0,0,0,60,60
19008,154177,0,1000,0,0,0,60,60
19009,150283,0,0,0,0,1,60,60
19010,156021,0,1000,0,0,0,60,60
19011,156022,0,1000,0,0,0,60,60
19012,154977,0,1000,0,0,0,60,60
19013,154978,0,1000,0,0,0,60,60
19014,155653,0,0,19015,0,0,60,60
19015,155654,0,0,0,0,0,60,60
19016,155655,0,0,0,0,0,60,60
19017,155656,0,0,19018,0,0,60,60
19018,155657,0,0,0,0,0,60,60
19019,155658,0,0,19020,0,0,60,60
19020,155659,0,0,0,0,0,60,60
19021,155660,0,0,19022,0,0,60,60
19022,155661,0,0,0,0,0,60,60
19023,155662,0,4000,19261,0,0,60,60
19024,154993,0,1000,0,0,0,60,60
19025,154994,0,1000,0,0,0,60,60
19026,154993,0,1000,0,0,0,60,60
19027,154994,0,1000,0,0,0,60,60
19028,154990,0,1000,0,0,0,60,60
19029,154992,0,1000,0,0,0,60,60
19030,154990,0,1000,0,0,0,60,60
19031,154992,0,1000,0,0,0,60,60
19032,156553,0,1000,0,0,0,60,60
19033,156554,0,1000,18105,0,0,60,60
19034,156560,0,4000,0,0,0,60,60
19035,156639,0,1000,0,0,0,60,60
19036,156562,0,1000,19807,16684,0,60,60
19037,156566,0,0,19038,0,0,60,60
19038,156565,0,0,19039,0,0,60,60
19039,156567,0,0,0,0,0,60,60
19040,156573,0,1000,19311,0,0,60,60
19049,156581,0,1000,0,0,0,60,60
19050,156582,0,1000,0,0,0,60,60
19051,156583,0,1000,19052,0,0,60,60
19052,156584,0,2000,19053,0,0,60,60
19053,156585,0,3000,19054,0,0,60,60
19054,156586,0,0,0,0,0,60,60
19055,156587,0,1000,0,0,0,60,60
19056,156588,0,2000,19057,0,0,60,60
19057,156590,0,1000,19058,0,0,60,60
19058,156591,0,1000,19059,0,0,60,60
19059,156592,0,1000,19060,0,0,60,60
19060,156593,0,1000,19061,0,0,60,60
19061,156594,0,1000,19062,0,0,60,60
19062,156595,0,0,19063,0,0,60,60
19063,156597,0,0,0,0,0,60,60
19065,156623,0,1000,0,0,0,60,60
19066,156624,0,1000,0,0,0,60,60
19067,156625,0,1000,0,0,0,60,60
19068,156626,0,1000,0,0,0,60,60
19069,156627,0,1000,0,0,0,60,60
19070,156628,0,1000,0,0,0,60,60
19071,155622,0,1000,0,0,0,60,60
19072,155621,0,1000,0,0,0,60,60
19073,155620,0,1000,0,0,0,60,60
19074,155619,0,1000,0,0,0,60,60
19075,155630,0,1000,0,0,0,60,60
19076,155629,0,1000,0,0,0,60,60
19077,155628,0,1000,0,0,0,60,60
19078,155627,0,1000,0,0,0,60,60
19079,155634,0,1000,0,0,0,60,60
19080,155633,0,1000,0,0,0,60,60
19081,155632,0,1000,0,0,0,60,60
19082,155631,0,1000,0,0,0,60,60
19083,155626,0,1000,0,0,0,60,60
19084,155625,0,1000,0,0,0,60,60
19085,155624,0,1000,0,0,0,60,60
19086,155623,0,1000,0,0,0,60,60
19087,155614,0,1000,0,0,0,60,60
19088,155613,0,1000,0,0,0,60,60
19089,155612,0,1000,0,0,0,60,60
19090,155611,0,1000,0,0,0,60,60
19091,155618,0,1000,0,0,0,60,60
19092,155617,0,1000,0,0,0,60,60
19093,155616,0,1000,0,0,0,60,60
19094,155615,0,1000,0,0,0,60,60
19095,155606,0,1000,0,0,0,60,60
19096,155605,0,1000,0,0,0,60,60
19097,155604,0,1000,0,0,0,60,60
19098,155603,0,1000,0,0,0,60,60
19099,155610,0,1000,0,0,0,60,60
19100,155609,0,1000,0,0,0,60,60
19101,155608,0,1000,0,0,0,60,60
19102,155607,0,1000,0,0,0,60,60
19103,155598,0,1000,0,0,0,60,60
19104,155597,0,1000,0,0,0,60,60
19105,155596,0,1000,0,0,0,60,60
19106,155595,0,1000,0,0,0,60,60
19107,155602,0,1000,0,0,0,60,60
19108,155601,0,1000,0,0,0,60,60
19109,155600,0,1000,0,0,0,60,60
19110,155602,0,1000,0,0,0,60,60
19111,155590,0,1000,0,0,0,60,60
19112,155589,0,1000,0,0,0,60,60
19113,155588,0,1000,0,0,0,60,60
19114,155587,0,1000,0,0,0,60,60
19115,155594,0,1000,0,0,0,60,60
19116,155593,0,1000,0,0,0,60,60
19117,155592,0,1000,0,0,0,60,60
19118,155591,0,1000,0,0,0,60,60
19119,155582,0,1000,0,0,0,60,60
19120,155581,0,1000,0,0,0,60,60
19121,155580,0,1000,0,0,0,60,60
19122,155579,0,1000,0,0,0,60,60
19123,155586,0,1000,0,0,0,60,60
19124,155585,0,1000,0,0,0,60,60
19125,155584,0,1000,0,0,0,60,60
19126,155583,0,1000,0,0,0,60,60
19127,155575,0,1000,0,0,0,60,60
19128,155578,0,1000,0,0,0,60,60
19129,155577,0,1000,0,0,0,60,60
19130,155576,0,1000,0,0,0,60,60
19131,155342,0,1000,0,0,0,60,60
19132,155344,0,1000,0,0,0,60,60
19133,155345,0,1000,0,0,0,60,60
19134,155346,0,1000,0,0,0,60,60
19135,133302,0,1000,19136,0,0,60,60
19136,135638,0,1000,19137,0,0,60,60
19137,133303,0,1000,0,0,0,60,60
19138,155379,0,1000,0,0,0,60,60
19139,155381,0,1000,0,0,0,60,60
19140,155382,0,1000,0,0,0,60,60
19141,155380,0,1000,0,0,0,60,60
19142,155390,0,1000,0,0,0,60,60
19143,155389,0,1000,0,0,0,60,60
19144,155388,0,1000,0,0,0,60,60
19145,155387,0,1000,0,0,0,60,60
19146,155375,0,1000,0,0,0,60,60
19147,155376,0,1000,0,0,0,60,60
19148,155377,0,1000,0,0,0,60,60
19149,155378,0,1000,0,0,0,60,60
19150,155571,0,1000,0,0,0,60,60
19151,155572,0,1000,0,0,0,60,60
19152,155573,0,1000,0,0,0,60,60
19153,155574,0,1000,0,0,0,60,60
19154,155338,0,1000,0,0,0,60,60
19155,155339,0,1000,0,0,0,60,60
19156,155340,0,1000,0,0,0,60,60
19157,155341,0,1000,0,0,0,60,60
19158,155366,0,1000,0,0,0,60,60
19159,155369,0,1000,0,0,0,60,60
19160,155368,0,1000,0,0,0,60,60
19161,155367,0,1000,0,0,0,60,60
19162,155370,0,1000,0,0,0,60,60
19163,155372,0,1000,0,0,0,60,60
19164,155373,0,1000,0,0,0,60,60
19165,155374,0,1000,0,0,0,60,60
19166,155326,0,1000,0,0,0,60,60
19167,155327,0,1000,0,0,0,60,60
19168,155328,0,1000,0,0,0,60,60
19169,155329,0,1000,0,0,0,60,60
19170,155334,0,1000,0,0,0,60,60
19171,155335,0,1000,0,0,0,60,60
19172,155336,0,1000,0,0,0,60,60
19173,155337,0,1000,0,0,0,60,60
19174,155394,0,1000,0,0,0,60,60
19175,155393,0,1000,0,0,0,60,60
19176,155392,0,1000,0,0,0,60,60
19177,155391,0,1000,0,0,0,60,60
19178,155330,0,1000,0,0,0,60,60
19179,155331,0,1000,0,0,0,60,60
19180,155332,0,1000,0,0,0,60,60
19181,155333,0,1000,0,0,0,60,60
19182,155360,0,1000,0,0,0,60,60
19183,155361,0,1000,0,0,0,60,60
19184,155362,0,1000,0,0,0,60,60
19185,155363,0,1000,0,0,0,60,60
19186,155354,0,1000,0,0,0,60,60
19187,155355,0,1000,0,0,0,60,60
19188,155356,0,1000,0,0,0,60,60
19189,155357,0,1000,0,0,0,60,60
19190,155383,0,1000,0,0,0,60,60
19191,155386,0,1000,0,0,0,60,60
19192,155385,0,1000,0,0,0,60,60
19193,155384,0,1000,0,0,0,60,60
19194,156640,0,1000,19195,0,0,60,60
19195,156631,0,1000,0,0,0,60,60
19196,156641,0,1000,19197,0,0,60,60
19197,156632,0,1000,0,0,0,60,60
19198,156642,0,1000,19199,0,0,60,60
19199,156635,0,1000,0,0,0,60,60
19200,156643,0,1000,19201,0,0,60,60
19201,156637,0,1000,0,0,0,60,60
19202,156644,0,3000,0,0,0,60,60
19203,156645,0,3000,0,0,0,60,60
19204,156648,0,3000,0,0,0,60,60
19205,156649,0,3000,0,0,0,60,60
19206,156653,0,3000,0,0,0,60,60
19207,156654,0,3000,0,0,0,60,60
19208,156657,0,1000,19555,0,0,60,60
19209,157147,0,1000,0,0,0,60,60
19210,156659,0,1000,19209,0,0,60,60
19211,156660,0,1000,19212,0,0,60,60
19212,156661,0,1000,19208,0,0,60,60
19218,156668,0,1000,0,0,0,60,60
19219,156669,0,1000,0,0,0,60,60
19220,156670,0,1000,0,0,0,60,60
19221,156671,0,1000,0,0,0,60,60
19222,156672,0,1000,0,0,0,60,60
19223,156139,0,1000,0,0,0,60,60
19224,156133,0,1000,0,0,0,60,60
19225,156673,0,1000,0,0,0,60,60
19226,154826,0,1000,0,0,0,60,60
19227,156079,0,1000,0,0,0,60,60
19228,156081,0,1000,0,0,0,60,60
19229,156680,0,1000,0,0,0,60,60
19230,154828,0,1000,0,0,0,60,60
19231,156681,0,1000,19408,0,0,60,60
19232,156686,0,1000,0,0,0,60,60
19233,154219,0,1000,19234,0,0,60,60
19234,155768,0,1000,0,0,0,60,60
19235,154244,0,1000,19236,0,0,60,60
19236,155771,0,1000,0,0,0,60,60
19237,156695,0,1000,19238,0,0,60,60
19238,156696,0,1000,19239,0,0,60,60
19239,156697,0,0,0,0,0,60,60
19240,154987,0,1000,0,0,0,60,60
19241,154988,0,1000,0,0,0,60,60
19242,154984,0,1000,0,0,0,60,60
19243,154986,0,1000,0,0,0,60,60
19244,154239,0,1000,19245,0,0,60,60
19245,156720,0,1000,0,0,0,60,60
19246,154255,0,1000,19247,0,0,60,60
19247,156698,0,1000,0,0,0,60,60
19248,154255,0,1000,19249,0,0,60,60
19249,156721,0,1000,0,0,0,60,60
19250,154239,0,1000,19251,0,0,60,60
19251,156700,0,1000,0,0,0,60,60
19254,156724,0,1000,19258,0,0,60,60
19255,156725,0,1000,19254,0,0,60,60
19256,157150,0,1000,19411,0,0,60,60
19258,156728,0,1000,19259,0,0,60,60
19259,156729,0,1000,19256,0,0,60,60
19261,0,0,0,0,0,0,60,60
19262,156735,0,0,19263,0,0,60,60
19263,156737,0,1000,19264,0,0,60,60
19264,156739,0,0,0,0,0,60,60
19265,156747,0,1000,0,0,0,60,60
19266,156748,0,1000,0,0,0,60,60
19267,155028,0,1000,0,0,0,60,60
19268,155029,0,1000,0,0,0,60,60
19269,156748,0,1000,0,0,0,60,60
19270,156758,0,1000,0,0,0,60,60
19271,156759,0,1000,0,0,0,60,60
19272,156763,0,1000,0,0,0,60,60
19273,156640,0,1000,19274,0,0,60,60
19274,156761,0,1000,0,0,0,60,60
19275,156641,0,1000,19276,0,0,60,60
19276,156762,0,1000,0,0,0,60,60
19277,156773,0,1000,0,0,0,60,60
19278,155815,0,0,0,0,0,60,60
19279,155816,0,0,0,0,0,60,60
19280,155817,0,0,19281,0,0,60,60
19281,155818,0,0,0,0,0,60,60
19282,155819,0,0,0,0,0,60,60
19283,155820,0,0,19284,0,0,60,60
19284,155821,0,0,0,0,0,60,60
19285,155822,0,0,19286,0,0,60,60
19286,155823,0,0,0,0,0,60,60
19287,155824,0,0,19288,0,0,60,60
19288,155825,0,0,0,0,0,60,60
19289,155826,0,4000,19317,0,0,60,60
19290,149574,0,0,19291,0,1,60,60
19291,0,0,3000,19292,0,0,60,60
19292,150320,0,0,0,0,1,60,60
19293,156766,0,0,19294,0,1,60,60
19294,0,0,3000,19295,0,0,60,60
19295,156767,0,0,0,0,1,60,60
19296,156768,0,0,19297,0,1,60,60
19297,0,0,3000,19298,0,0,60,60
19298,156769,0,0,0,0,1,60,60
19299,156770,0,0,19300,0,1,60,60
19300,0,0,3000,19301,0,0,60,60
19301,156771,0,0,0,0,1,60,60
19302,156772,0,0,19303,0,1,60,60
19303,0,0,3000,19304,0,0,60,60
19304,156774,0,0,0,0,0,60,60
19305,156775,0,0,19306,0,1,60,60
19306,0,0,3000,19307,0,0,60,60
19307,156776,0,0,0,0,1,60,60
19308,156777,0,0,19309,0,1,60,60
19309,0,0,3000,19310,0,0,60,60
19310,156778,0,0,0,0,1,60,60
19311,156575,0,1000,19312,0,0,60,60
19312,156779,0,4000,19313,0,0,60,60
19313,156780,0,0,19314,0,0,60,60
19314,156781,0,1000,19315,0,0,60,60
19315,156782,0,3000,19697,0,0,60,60
19316,156783,0,0,0,0,0,60,60
19317,0,0,0,0,0,0,60,60
19318,155008,0,1000,0,0,0,60,60
19319,155010,0,1000,0,0,0,60,60
19320,156795,0,2000,19321,0,0,60,60
19321,156796,0,41000,0,0,0,60,60
19322,155906,0,0,0,0,0,60,60
19323,155907,0,0,0,0,0,60,60
19324,154239,0,1000,0,0,0,60,60
19325,154256,0,1000,0,0,0,60,60
19326,154237,0,1000,19327,0,0,60,60
19327,156801,0,1000,0,0,0,60,60
19328,154251,0,1000,19329,0,0,60,60
19329,156802,0,1000,0,0,0,60,60
19330,156784,0,1000,0,0,0,60,60
19331,156760,0,1000,0,0,0,60,60
19332,156574,0,1000,0,0,0,60,60
19333,156807,0,1000,19334,0,0,60,60
19334,156808,0,1000,19699,0,0,60,60
19335,156809,0,1000,19336,0,0,60,60
19336,156810,0,1000,19337,0,0,60,60
19337,156811,0,1000,19341,0,0,60,60
19338,156812,0,1000,19342,0,0,60,60
19339,156813,0,1000,19338,0,0,60,60
19340,156814,0,1000,0,0,0,60,60
19341,156815,0,1000,19470,0,0,60,60
19342,156816,0,1000,19692,0,0,60,60
19344,154972,0,1000,0,0,0,60,60
19345,156836,0,1000,19346,0,0,60,60
19346,154238,0,1000,0,0,0,60,60
19347,155767,0,1000,19348,0,0,60,60
19348,154237,0,1000,0,0,0,60,60
19349,155637,0,1000,19350,0,0,60,60
19350,154225,0,1000,0,0,0,60,60
19351,156836,0,1000,19352,0,0,60,60
19352,154223,0,1000,0,0,0,60,60
19353,155768,0,1000,19354,0,0,60,60
19354,154221,0,1000,0,0,0,60,60
19355,153954,0,1000,19356,0,0,60,60
19356,154219,0,1000,0,0,0,60,60
19357,155635,0,1000,19358,0,0,60,60
19358,154217,0,1000,0,0,0,60,60
19359,153954,0,1000,19360,0,0,60,60
19360,155904,0,1000,0,0,0,60,60
19361,155769,0,1000,19362,0,0,60,60
19362,155906,0,1000,0,0,0,60,60
19363,153954,0,1000,19364,0,0,60,60
19364,156104,0,1000,0,0,0,60,60
19365,153953,0,1000,19366,0,0,60,60
19366,156105,0,1000,0,0,0,60,60
19367,155486,0,1000,19368,0,0,60,60
19368,156107,0,1000,0,0,0,60,60
19369,155486,0,1000,19370,0,0,60,60
19370,156108,0,1000,0,0,0,60,60
19371,155486,0,1000,19372,0,0,60,60
19372,156108,0,1000,0,0,0,60,60
19373,154973,0,1000,0,0,0,60,60
19374,156837,0,1000,19375,0,0,60,60
19375,154255,0,1000,0,0,0,60,60
19376,155770,0,1000,19377,0,0,60,60
19377,154252,0,1000,0,0,0,60,60
19378,155640,0,1000,19379,0,0,60,60
19379,154251,0,1000,0,0,0,60,60
19380,156837,0,1000,19381,0,0,60,60
19381,154245,0,1000,0,0,0,60,60
19382,155771,0,1000,19383,0,0,60,60
19383,154244,0,1000,0,0,0,60,60
19384,154015,0,1000,19385,0,0,60,60
19385,154243,0,1000,0,0,0,60,60
19386,155638,0,1000,19387,0,0,60,60
19387,154242,0,1000,0,0,0,60,60
19388,154015,0,1000,19389,0,0,60,60
19389,155905,0,1000,0,0,0,60,60
19390,155772,0,1000,19391,0,0,60,60
19391,155907,0,1000,0,0,0,60,60
19392,154015,0,1000,19393,0,0,60,60
19393,156112,0,1000,0,0,0,60,60
19394,154014,0,1000,19395,0,0,60,60
19395,156113,0,1000,0,0,0,60,60
19396,155488,0,1000,19397,0,0,60,60
19397,156114,0,1000,0,0,0,60,60
19398,155488,0,1000,19399,0,0,60,60
19399,156115,0,1000,0,0,0,60,60
19400,155488,0,1000,19401,0,0,60,60
19401,156115,0,1000,0,0,0,60,60
19402,154972,0,1000,0,0,0,60,60
19403,154973,0,1000,0,0,0,60,60
19404,155026,0,1000,0,0,0,60,60
19405,155027,0,1000,0,0,0,60,60
19406,156825,0,1000,19231,0,0,60,60
19407,156826,0,1000,19409,0,0,60,60
19408,156827,0,1000,19407,0,0,60,60
19409,157149,0,1000,0,0,0,60,60
19411,157151,0,4000,19414,0,0,60,60
19412,156732,0,1000,19413,0,0,60,60
19413,156830,0,1000,19415,0,0,60,60
19414,156831,0,1000,19412,0,0,60,60
19415,156832,0,1000,19599,0,0,60,60
19416,156833,0,4000,19604,0,0,60,60
19417,156834,0,1000,0,0,0,60,60
19418,152232,0,1000,0,0,0,60,60
19419,156841,0,1000,0,0,0,60,60
19420,156842,0,1000,0,0,0,60,60
19421,156843,0,1000,0,0,0,60,60
19423,156844,0,3000,19424,0,0,60,60
19424,156845,0,1000,0,0,0,60,60
19425,154970,0,1000,0,0,0,60,60
19426,154971,0,1000,0,0,0,60,60
19427,154989,0,1000,0,0,0,60,60
19428,154991,0,1000,0,0,0,60,60
19429,155024,0,1000,0,0,0,60,60
19430,155025,0,1000,0,0,0,60,60
19431,154970,0,1000,0,0,0,60,60
19432,154971,0,1000,0,0,0,60,60
19433,156869,0,0,19434,0,0,60,60
19434,156870,0,1000,19435,0,0,60,60
19435,156871,0,0,0,0,0,60,60
19436,141647,0,5000,19437,0,1,60,60
19437,143058,0,2000,0,0,1,60,60
19438,156879,0,1000,17721,0,0,60,60
19439,154995,0,1000,0,0,0,60,60
19440,154996,0,1000,0,0,0,60,60
19441,155000,0,1000,0,0,0,60,60
19442,155002,0,1000,0,0,0,60,60
19443,154974,0,1000,0,0,0,60,60
19444,154973,0,1000,0,0,0,60,60
19445,156865,0,1000,19446,0,0,60,60
19446,156866,0,1000,21382,0,0,60,60
19447,156867,0,1000,0,0,0,60,60
19448,154690,0,1000,0,0,0,60,60
19449,154691,0,1000,0,0,0,60,60
19450,154974,0,1000,0,0,0,60,60
19451,154973,0,1000,0,0,0,60,60
19452,134224,0,1000,0,0,0,60,60
19453,156906,0,1000,19454,0,0,60,60
19454,156903,0,1000,0,0,0,60,60
19455,154981,0,1000,0,0,0,60,60
19456,154982,0,1000,0,0,0,60,60
19457,156907,0,1000,19458,0,0,60,60
19458,156905,0,1000,0,0,0,60,60
19459,156570,0,1000,0,0,0,60,60
19460,156569,0,1000,0,0,0,60,60
19461,156571,0,1000,0,0,0,60,60
19462,156075,0,1000,0,0,0,60,60
19463,156080,0,1000,0,0,0,60,60
19464,152495,0,1000,19465,0,0,60,60
19465,152496,0,1000,0,0,0,60,60
19466,156935,0,1000,17715,0,0,60,60
19467,156079,0,1000,0,0,0,60,60
19468,156082,0,1000,0,0,0,60,60
19469,0,0,0,17484,0,0,60,60
19470,156967,0,0,19471,0,0,60,60
19471,156968,0,1000,19339,0,0,60,60
19472,156966,0,1000,0,0,0,60,60
19473,156970,0,1000,0,0,0,60,60
19476,156699,0,1000,19477,0,0,60,60
19477,156702,0,1000,19478,0,0,60,60
19478,156703,0,1000,19479,0,0,60,60
19479,156704,0,1000,19480,0,0,60,60
19480,156705,0,1000,19481,0,0,60,60
19481,156706,0,1000,19482,0,0,60,60
19482,156707,0,1000,19483,0,0,60,60
19483,156708,0,1000,19484,0,0,60,60
19484,156701,0,1000,19485,0,0,60,60
19485,156789,0,2000,19486,0,0,60,60
19486,156710,0,0,0,0,0,60,60
19487,156709,0,1000,19488,0,0,60,60
19488,156713,0,1000,19489,0,0,60,60
19489,156790,0,1000,19490,0,0,60,60
19490,156791,0,1000,19491,0,0,60,60
19491,156714,0,1000,19492,0,0,60,60
19492,156715,0,1000,19493,0,0,60,60
19493,156716,0,1000,19494,0,0,60,60
19494,156717,0,1000,19495,0,0,60,60
19495,156718,0,1000,19496,0,0,60,60
19496,156719,0,1000,0,0,0,60,60
19497,156998,0,0,19498,0,0,60,60
19498,157000,0,0,0,0,0,60,60
19499,150997,0,1000,19500,0,0,60,60
19500,150998,0,1000,19501,0,0,60,60
19501,150993,0,1000,0,0,0,60,60
19502,150999,0,1000,19503,0,0,60,60
19503,151000,0,1000,0,0,0,60,60
19504,151001,0,1000,19505,0,0,60,60
19505,151002,0,1000,0,0,0,60,60
19506,151005,0,1000,19507,0,0,60,60
19507,151006,0,1000,19508,0,0,60,60
19508,151007,0,1000,19509,0,0,60,60
19509,151009,0,1000,0,0,0,60,60
19511,157035,0,1000,19512,0,0,60,60
19512,157036,0,1000,0,0,0,60,60
19513,157037,0,1000,0,0,0,60,60
19514,157038,0,1000,0,0,0,60,60
19515,157044,0,1000,0,0,0,60,60
19516,157045,0,1000,0,0,0,60,60
19517,157046,0,1000,0,0,0,60,60
19518,157047,0,1000,0,0,0,60,60
19519,156640,0,1000,19520,0,0,60,60
19520,157042,0,1000,0,0,0,60,60
19521,156643,0,1000,19522,0,0,60,60
19522,157043,0,1000,0,0,0,60,60
19523,157057,0,0,19524,0,0,60,60
19524,157058,0,0,19525,0,0,60,60
19525,157059,0,0,19526,0,0,60,60
19526,157060,0,0,19527,0,0,60,60
19527,157061,0,1000,19528,0,0,60,60
19528,157062,0,0,19529,0,0,60,60
19529,157063,0,1000,0,0,0,60,60
19530,154979,0,1000,0,0,0,60,60
19531,154980,0,1000,0,0,0,60,60
19532,155735,0,1000,0,0,0,60,60
19533,155692,0,1000,0,0,0,60,60
19534,157086,0,1000,0,0,0,60,60
19535,157087,0,1000,0,0,0,60,60
19536,157367,0,1000,19537,0,0,60,60
19537,157093,0,1000,0,0,0,60,60
19538,157368,0,1000,19539,0,0,60,60
19539,157099,0,1000,0,0,0,60,60
19540,155688,0,1000,0,0,0,60,60
19541,155911,0,1000,0,0,0,60,60
19542,157103,0,0,19543,0,0,60,60
19543,157104,0,0,19544,0,0,60,60
19544,157105,0,0,19545,0,0,60,60
19545,157106,0,0,19546,0,0,60,60
19546,157107,0,0,19547,0,0,60,60
19547,157108,0,0,0,0,0,60,60
19548,157116,0,2000,19549,0,0,60,60
19549,157117,0,2000,19550,0,0,60,60
19550,157119,0,2000,19551,0,0,60,60
19551,157121,0,1000,19552,0,0,60,60
19552,157122,0,1000,19553,0,0,60,60
19553,157124,0,0,0,0,0,60,60
19555,156658,0,0,19210,0,0,60,60
19556,157170,0,3000,22127,0,0,60,60
19558,157155,0,0,17641,0,0,60,60
19559,157158,0,0,0,0,0,60,60
19560,157159,0,500,19561,0,0,60,60
19561,157164,0,500,19563,0,0,60,60
19563,157166,0,500,19564,0,0,60,60
19564,157167,0,1500,19556,0,0,60,60
19566,157172,0,1000,19567,0,0,60,60
19567,157173,0,1000,19568,0,0,60,60
19568,157174,0,1000,19569,0,0,60,60
19569,157175,0,1000,19570,0,0,60,60
19570,157176,0,1000,19571,0,0,60,60
19571,157177,0,1000,19572,0,0,60,60
19572,157178,0,1000,19573,0,0,60,60
19573,157179,0,1000,19574,0,0,60,60
19574,0,0,1000,0,0,0,60,60
19575,157180,0,1000,19576,0,0,60,60
19576,157181,0,1000,19577,0,0,60,60
19577,0,0,1000,0,0,0,60,60
19578,157190,0,1000,19579,0,0,60,60
19579,157191,0,0,0,0,0,60,60
19580,157196,0,2000,19581,0,0,60,60
19581,157197,0,1000,19582,0,0,60,60
19582,157198,0,1000,19583,0,0,60,60
19583,157199,0,0,0,0,0,60,60
19584,157204,0,2000,19585,0,0,60,60
19585,157216,0,2000,19586,0,0,60,60
19586,157213,0,2000,19587,0,0,60,60
19587,157215,0,2000,0,0,0,60,60
19588,157217,0,1000,0,0,0,60,60
19589,157218,0,1000,0,0,0,60,60
19590,155685,0,1000,0,0,0,60,60
19591,155737,0,1000,0,0,0,60,60
19592,157223,0,5000,19593,0,1,60,60
19593,157224,0,1000,0,0,0,60,60
19594,157225,0,1000,19595,0,0,60,60
19595,157226,0,1000,19596,0,0,60,60
19596,157227,0,1000,0,0,0,60,60
19597,150886,552,1000,19598,0,0,60,60
19598,150888,57050,1000,0,0,0,60,60
19599,0,0,0,19416,0,0,60,60
19600,157228,0,0,19601,0,0,60,60
19601,157229,0,0,0,0,0,60,60
19602,0,0,1000,19594,0,0,60,60
19604,0,0,0,19600,0,0,60,60
19605,150889,7033,1000,19606,0,1,60,60
19606,150890,41748,1000,19607,0,1,60,60
19607,150891,552,1000,19608,0,0,60,60
19608,150892,552,1000,19609,0,0,60,60
19609,150893,9910,1000,0,0,1,60,60
19610,150938,41748,1000,19611,0,1,60,60
19611,150939,552,1000,19612,0,0,60,60
19612,150940,41748,1000,0,0,1,60,60
19613,157235,0,0,19614,0,1,60,60
19614,157236,0,0,19615,0,0,60,60
19615,157238,0,0,19616,0,0,60,60
19616,157237,0,0,19617,0,0,60,60
19617,157239,0,0,19618,0,0,60,60
19618,157240,0,0,19619,0,0,60,60
19619,157241,0,0,19627,0,0,60,60
19620,157242,0,6000,19621,0,1,60,60
19621,157243,0,2000,19622,0,0,60,60
19622,157244,0,0,19634,0,0,60,60
19623,157184,0,1000,0,0,0,60,60
19624,157185,0,1000,0,0,0,60,60
19625,157186,0,1000,0,0,0,60,60
19626,157187,0,1000,0,0,0,60,60
19627,157245,0,0,19628,0,0,60,60
19628,157247,0,0,19629,0,0,60,60
19629,157246,0,0,19630,0,0,60,60
19630,157248,0,0,19620,0,0,60,60
19634,157249,0,0,19656,0,0,60,60
19635,150876,552,1000,19636,0,0,60,60
19636,150877,552,1000,0,0,0,60,60
19637,150904,552,1000,19638,0,0,60,60
19638,151983,552,1000,19639,0,0,60,60
19639,152224,552,1000,0,0,0,60,60
19640,157188,0,1000,0,0,0,60,60
19641,157189,0,1000,0,0,0,60,60
19642,150879,0,1000,0,0,0,60,60
19643,150933,0,1000,0,0,0,60,60
19644,150880,0,1000,19645,0,0,60,60
19645,150881,0,1000,19646,0,0,60,60
19646,150884,0,0,0,0,0,60,60
19647,150934,0,1000,19648,0,0,60,60
19648,150935,0,1000,0,0,0,60,60
19649,150885,0,0,0,0,0,60,60
19650,150894,552,1000,19651,0,0,60,60
19651,150895,552,1000,19652,0,0,60,60
19652,150896,327,1000,0,0,0,60,60
19653,150941,552,1000,19654,0,0,60,60
19654,150942,327,1000,19655,0,0,60,60
19655,151985,552,1000,0,0,0,60,60
19656,157250,0,0,19657,0,0,60,60
19657,157253,0,0,19658,0,0,60,60
19658,157254,0,1000,19659,0,0,60,60
19659,157256,0,1000,19660,0,0,60,60
19660,157257,0,1000,19669,0,0,60,60
19661,157255,0,1000,0,0,0,60,60
19662,157258,0,1000,0,0,0,60,60
19665,150897,0,1000,19666,0,0,60,60
19666,150898,0,1000,0,0,0,60,60
19667,150943,0,1000,19668,0,0,60,60
19668,150944,0,1000,0,0,0,60,60
19669,0,0,0,19670,0,0,60,60
19670,0,0,0,19671,0,0,60,60
19671,0,0,0,0,0,0,60,60
19672,150945,0,1000,19673,0,0,60,60
19673,151987,0,1000,19682,0,0,60,60
19675,150945,0,1000,19676,0,0,60,60
19676,151986,0,1000,19677,0,0,60,60
19677,151987,0,1000,19678,0,0,60,60
19678,151989,0,1000,0,0,0,60,60
19679,157260,0,0,19680,0,0,60,60
19680,157261,0,0,0,0,0,60,60
19681,154727,0,1000,0,0,0,60,60
19682,150899,0,1000,0,0,0,60,60
19683,150945,0,0,19684,0,0,60,60
19684,151987,0,0,19685,0,0,60,60
19685,150899,0,0,0,0,0,60,60
19692,0,0,0,19693,0,0,60,60
19693,0,0,0,19340,0,0,60,60
19695,157267,0,0,19696,0,0,60,60
19696,157268,0,0,0,0,0,60,60
19697,0,0,0,19316,0,0,60,60
19699,157270,0,0,19335,0,0,60,60
19700,157205,0,1000,19701,0,0,60,60
19701,157252,0,1000,0,0,0,60,60
19702,157207,0,1000,19703,0,0,60,60
19703,40096,0,1000,19772,0,0,60,60
19704,157208,0,1000,19705,0,0,60,60
19705,157209,0,1000,19771,0,0,60,60
19706,157210,0,1000,19707,0,0,60,60
19707,157211,0,1000,19770,0,0,60,60
19708,156136,0,1000,0,0,0,60,60
19709,156113,0,1000,0,0,0,60,60
19710,157283,0,0,0,0,0,60,60
19711,157305,0,1000,0,0,0,60,60
19714,0,0,0,19715,0,0,60,60
19715,150663,0,4000,19716,0,0,60,60
19716,151970,0,1000,0,0,0,60,60
19717,157307,0,3000,19720,0,0,60,60
19718,157309,0,5000,19717,0,0,60,60
19719,157308,0,4000,19718,0,0,60,60
19720,157310,0,3000,19721,0,0,60,60
19721,157311,0,4000,19722,0,0,60,60
19722,157312,0,1000,0,0,0,60,60
19724,157313,0,3000,19725,0,0,60,60
19725,157314,0,1000,0,0,0,60,60
19726,157333,0,3000,0,0,0,60,60
19729,157328,0,1000,0,0,0,60,60
19730,0,0,0,19558,0,0,60,60
19731,157348,0,0,19730,0,0,60,60
19732,157344,0,0,19733,0,0,60,60
19733,157345,0,2000,19737,0,0,60,60
19734,161894,0,2000,0,0,0,60,60
19735,157347,0,0,21827,0,0,60,60
19736,0,0,0,19732,0,0,60,60
19737,157346,0,0,19735,0,0,60,60
19738,157194,0,1000,0,0,0,60,60
19739,0,0,1000,19736,0,0,60,60
19740,157412,0,0,19741,0,0,60,60
19741,157413,0,0,0,0,0,60,60
19742,0,0,1000,19743,0,0,60,60
19743,157429,0,0,19744,0,0,60,60
19744,157430,0,2000,19749,0,0,60,60
19745,157431,0,0,19746,0,1,60,60
19746,157432,0,0,19747,0,0,60,60
19747,157433,0,0,19748,0,0,60,60
19748,157434,0,0,0,0,0,60,60
19749,0,0,0,19745,0,0,60,60
19750,157438,0,0,19751,0,0,60,60
19751,157439,0,0,19752,0,0,60,60
19752,157440,0,0,19753,0,0,60,60
19753,157441,0,0,19754,0,0,60,60
19754,157444,0,0,0,0,0,60,60
19755,157352,0,1000,0,0,0,60,60
19756,157351,0,1000,0,0,0,60,60
19758,157462,0,0,19759,0,0,60,60
19759,157464,0,2000,19760,0,0,60,60
19760,0,0,0,19761,0,0,60,60
19761,157465,0,0,0,0,1,60,60
19762,149784,0,3000,19763,0,0,60,60
19763,149785,0,1000,0,0,0,60,60
19764,157541,0,0,19765,0,0,60,60
19765,157543,0,0,19767,0,0,60,60
19766,157544,0,0,0,0,0,60,60
19767,157542,0,0,19766,0,0,60,60
19768,157575,0,1250,19769,0,0,60,60
19769,157577,0,1000,0,0,0,60,60
19770,0,0,0,0,0,0,60,60
19771,0,0,2000,0,0,0,60,60
19772,0,0,2000,0,0,0,60,60
19773,157573,0,1000,0,0,0,60,60
19774,157576,0,1000,0,0,0,60,60
19775,157674,0,1000,19776,0,0,60,60
19776,157675,0,0,19777,0,0,60,60
19777,157678,0,1000,19778,0,0,60,60
19778,157679,0,1000,19779,0,0,60,60
19779,157680,0,1000,19780,0,0,60,60
19780,157681,0,1000,19781,0,0,60,60
19781,0,0,0,0,0,0,60,60
19782,157353,0,1000,0,0,0,60,60
19783,157354,0,1000,0,0,0,60,60
19784,144589,0,1000,0,0,0,60,60
19785,157691,0,2000,19786,0,0,60,60
19786,157692,0,1000,19787,0,0,60,60
19787,157693,0,0,0,0,0,60,60
19788,157695,0,1000,19789,0,0,60,60
19789,157696,0,1000,19791,0,0,60,60
19790,157702,0,0,0,0,0,60,60
19791,157699,0,1000,19792,0,0,60,60
19792,157700,0,2000,19790,0,0,60,60
19793,157812,0,1000,19794,0,0,60,60
19794,157715,0,1000,19795,0,0,60,60
19795,157716,0,1000,19796,0,0,60,60
19796,157717,0,1000,19797,0,0,60,60
19797,157718,0,4000,19799,0,0,60,60
19799,157720,0,0,0,0,0,60,60
19800,132645,0,0,0,0,0,60,60
19801,155692,0,1000,0,0,0,60,60
19802,155685,0,1000,0,0,0,60,60
19803,157753,0,1000,19804,0,0,60,60
19804,154219,0,0,22219,0,0,60,60
19805,157754,0,1000,19806,0,0,60,60
19806,154242,0,0,22220,0,0,60,60
19807,157774,0,0,0,16684,0,60,60
19808,157369,0,1000,19809,0,0,60,60
19809,157375,0,1000,0,0,0,60,60
19810,157370,0,1000,19811,0,0,60,60
19811,157378,0,1000,0,0,0,60,60
19812,157775,0,1000,19958,0,0,60,60
19813,157776,0,1000,19980,0,0,60,60
19815,157791,0,1000,19816,0,0,60,60
19816,157794,0,1000,0,0,0,60,60
19818,157798,0,1000,19819,0,0,60,60
19819,157799,0,1000,0,0,0,60,60
19820,154587,0,1000,19821,0,1,60,60
19821,154592,0,1000,0,0,1,60,60
19825,157714,0,1000,19793,0,0,60,60
19826,157836,0,1000,19827,0,0,60,60
19827,157833,0,1000,0,0,0,60,60
19828,157857,0,1000,19829,0,0,60,60
19829,157853,0,1000,0,0,0,60,60
19837,154793,0,1000,19838,0,1,60,60
19838,154794,0,1000,0,0,1,60,60
19839,157837,0,0,19840,0,0,60,60
19840,157838,0,0,19841,0,0,60,60
19841,157839,0,0,19842,0,0,60,60
19842,157840,0,0,19843,0,0,60,60
19843,157841,0,0,19844,0,0,60,60
19844,157842,0,0,19845,0,0,60,60
19845,157843,0,0,19846,0,0,60,60
19846,157844,0,4000,19847,0,2,60,60
19847,157845,0,0,19848,0,0,60,60
19848,157846,0,0,19849,0,0,60,60
19849,157847,0,1000,19850,0,0,60,60
19850,157848,0,0,0,0,0,60,60
19851,157536,0,1000,0,0,0,60,60
19852,157537,0,1000,0,0,0,60,60
19853,157851,0,0,19854,0,0,60,60
19854,157852,0,0,0,0,0,60,60
19855,157864,0,1000,19856,0,0,60,60
19856,157865,0,1000,19857,0,0,60,60
19857,157866,0,1000,0,0,0,60,60
19858,157534,0,1000,0,0,0,60,60
19859,157535,0,1000,0,0,0,60,60
19860,137533,0,1000,0,0,0,60,60
19867,157880,0,1000,19868,0,0,60,60
19868,157882,0,1000,0,0,0,60,60
19869,157881,0,1000,19870,0,0,60,60
19870,157884,0,1000,0,0,0,60,60
19871,157461,0,1000,0,0,0,60,60
19872,157460,0,1000,0,0,0,60,60
19873,157355,0,1000,0,0,0,60,60
19874,157356,0,1000,0,0,0,60,60
19875,157867,0,1000,0,0,0,60,60
19876,157868,0,1000,0,0,0,60,60
19877,157500,0,0,19878,0,0,60,60
19878,157503,0,0,19879,0,0,60,60
19879,157504,0,0,19880,0,0,60,60
19880,157505,0,0,0,0,0,60,60
19881,157878,0,1000,0,0,0,60,60
19882,154415,0,3000,0,0,0,60,60
19883,153896,0,1000,0,0,0,60,60
19884,157889,0,1000,19885,0,0,60,60
19885,157892,0,1000,0,0,0,60,60
19886,157890,0,0,19887,0,0,60,60
19887,157893,0,0,0,0,0,60,60
19888,157516,0,0,19889,0,0,60,60
19889,157517,0,0,19890,0,0,60,60
19890,157518,0,0,19891,0,0,60,60
19891,157520,0,0,0,0,0,60,60
19892,157895,0,1000,19893,0,0,60,60
19893,157896,0,0,19895,0,0,60,60
19894,157904,0,1000,0,0,0,60,60
19895,157898,0,1000,19899,0,0,60,60
19897,157900,0,0,19894,0,0,60,60
19899,157897,0,1000,19897,0,0,60,60
19900,154587,0,1000,19901,0,1,60,60
19901,154590,0,1000,19902,0,1,60,60
19902,154592,0,1000,19903,0,1,60,60
19903,154593,0,1000,19904,0,1,60,60
19904,154594,0,1000,19905,0,1,60,60
19905,154595,0,1000,0,0,1,60,60
19906,0,0,2000,19719,0,0,60,60
19907,154796,0,1000,19909,0,1,60,60
19909,154596,0,1000,0,0,1,60,60
19910,154797,0,1000,19911,0,1,60,60
19911,154598,0,1000,19912,0,1,60,60
19912,154798,0,1000,19913,0,1,60,60
19913,154600,0,1000,19914,0,1,60,60
19914,154799,0,1000,19915,0,1,60,60
19915,154605,0,1000,19916,0,1,60,60
19916,154800,0,1000,19917,0,1,60,60
19917,154607,0,1000,19918,0,1,60,60
19918,154608,0,1000,19919,0,1,60,60
19919,154802,0,1000,0,0,1,60,60
19920,157908,0,1000,19921,0,0,60,60
19921,157909,0,1000,19922,0,0,60,60
19922,157910,0,1000,19923,0,0,60,60
19923,157911,0,0,19924,0,0,60,60
19924,157912,0,1000,0,0,0,60,60
19926,157371,0,1000,19927,0,0,60,60
19927,157381,0,1000,0,0,0,60,60
19928,157372,0,1000,19929,0,0,60,60
19929,157383,0,1000,0,0,0,60,60
19930,154416,0,3000,0,0,0,60,60
19931,157758,0,1000,0,0,1,60,60
19932,157762,0,1000,0,0,0,60,60
19933,157917,0,1000,0,0,0,60,60
19934,157760,0,1000,0,0,0,60,60
19937,154596,0,1000,0,0,1,60,60
19938,154290,0,3000,0,0,0,60,60
19939,154317,0,3000,0,0,0,60,60
19940,154597,0,1000,19941,0,1,60,60
19941,154598,0,1000,19942,0,1,60,60
19942,154599,0,1000,19943,0,1,60,60
19943,154600,0,1000,19944,0,1,60,60
19944,154603,0,1000,19945,0,1,60,60
19945,154605,0,1000,19946,0,1,60,60
19946,154606,0,1000,19947,0,1,60,60
19947,154607,0,1000,19948,0,1,60,60
19948,154608,0,1000,19949,0,1,60,60
19949,154609,0,1000,0,0,1,60,60
19950,157524,0,0,19951,0,0,60,60
19951,157525,0,0,19952,0,0,60,60
19952,157526,0,0,19953,0,0,60,60
19953,157527,0,0,0,0,0,60,60
19954,157369,0,1000,19955,0,0,60,60
19955,157425,0,1000,0,0,0,60,60
19956,157369,0,1000,19957,0,0,60,60
19957,157391,0,1000,0,0,0,60,60
19958,157944,0,0,0,0,0,60,60
19960,157931,0,500,19961,0,0,60,60
19961,157932,0,500,19963,0,0,60,60
19963,157933,0,2000,19967,0,0,60,60
19967,157934,0,1000,19968,0,0,60,60
19968,157935,0,1000,19969,0,0,60,60
19969,157936,0,1000,19970,0,0,60,60
19970,157937,0,1000,19972,0,0,60,60
19972,157939,0,1000,19973,0,0,60,60
19973,157940,0,1000,19974,0,0,60,60
19974,157941,0,1000,19975,0,0,60,60
19975,157942,0,3000,19989,0,0,60,60
19976,157943,0,1000,19977,0,0,60,60
19977,157945,0,0,19978,0,0,60,60
19978,157946,0,0,19979,0,0,60,60
19979,157947,0,1000,0,0,0,60,60
19980,157949,0,1000,0,0,0,60,60
19981,153895,0,500,19982,0,0,60,60
19982,157690,0,500,19983,0,0,60,60
19983,153898,0,500,19984,0,0,60,60
19984,157694,0,0,0,0,0,60,60
19989,0,0,0,19976,0,0,60,60
19990,157490,0,500,19991,0,1,60,60
19991,157491,0,0,0,0,0,60,60
19992,157492,0,500,19993,0,1,60,60
19993,157493,0,0,0,0,0,60,60
19994,157950,0,0,0,0,0,60,60
19995,157952,0,0,0,0,0,60,60
19996,157953,0,0,0,0,0,60,60
19997,157964,0,0,19998,0,0,60,60
19998,157965,0,0,19999,0,0,60,60
19999,157967,0,0,20000,0,0,60,60
20000,157966,0,0,20001,0,0,60,60
20001,157968,0,0,20002,0,0,60,60
20002,157969,0,0,0,0,0,60,60
20004,0,0,2000,19997,0,0,60,60
20019,157979,0,1000,20020,0,0,60,60
20020,157980,0,1000,0,0,0,60,60
20021,157981,0,500,20022,0,0,60,60
20022,157982,0,3000,20023,0,0,60,60
20023,157983,0,1000,20024,0,0,60,60
20024,157984,0,0,20025,0,0,60,60
20025,157985,0,0,20026,0,0,60,60
20026,157986,0,0,20027,0,0,60,60
20027,157987,0,0,21943,0,0,60,60
20028,157988,0,0,0,0,0,60,60
20030,146809,0,0,20031,0,0,60,60
20031,157989,0,1000,0,0,0,60,60
20032,156023,0,1000,20033,0,0,60,60
20033,157445,0,1000,0,0,0,60,60
20034,156027,0,1000,20035,0,0,60,60
20035,157450,0,1000,0,0,0,60,60
20036,157990,0,0,20037,0,0,60,60
20037,157991,0,0,0,0,0,60,60
20038,157992,0,0,20039,0,0,60,60
20039,157993,0,0,20040,0,0,60,60
20040,157994,0,0,20041,0,0,60,60
20041,157996,0,0,20042,0,0,60,60
20042,157995,0,1000,20043,0,0,60,60
20043,157997,0,0,20044,0,0,60,60
20044,157998,0,0,20045,0,0,60,60
20045,157999,0,0,0,0,0,60,60
20046,158000,0,0,20047,0,0,60,60
20047,158001,0,0,20048,0,0,60,60
20048,158002,0,0,20049,0,0,60,60
20049,158003,0,0,20050,0,0,60,60
20050,158004,0,1000,20051,0,0,60,60
20051,158005,0,1000,0,0,0,60,60
20052,158008,0,1000,0,0,0,60,60
20053,157317,0,1000,15688,0,0,60,60
20055,157724,0,1000,20056,0,0,60,60
20056,157725,0,1000,20057,0,0,60,60
20057,157726,0,1000,20058,0,0,60,60
20058,157727,0,1000,0,0,0,60,60
20064,157728,0,1000,20065,0,0,60,60
20065,157729,0,1000,20066,0,0,60,60
20066,157733,0,1000,20067,0,0,60,60
20067,157734,0,1000,20068,0,0,60,60
20068,157735,0,1000,0,0,0,60,60
20069,155735,0,1000,0,0,0,60,60
20070,156115,0,1000,0,0,0,60,60
20071,158056,0,1000,20091,0,0,60,60
20073,158055,0,1000,0,0,0,60,60
20074,158058,0,3000,0,0,0,60,60
20075,158059,0,3000,0,0,0,60,60
20076,158060,0,3000,0,0,0,60,60
20077,158061,0,3000,0,0,0,60,60
20078,158062,0,0,20079,0,0,60,60
20079,158063,0,0,0,0,0,60,60
20080,158069,0,1000,0,0,0,60,60
20081,158070,0,1000,0,0,0,60,60
20082,158021,0,1000,0,0,0,60,60
20083,158023,0,1000,0,0,0,60,60
20084,158038,0,1000,0,0,0,60,60
20085,158032,0,1000,0,0,0,60,60
20086,158030,0,1000,0,0,0,60,60
20087,158026,0,1000,0,0,0,60,60
20088,158082,0,1000,20089,0,0,60,60
20089,158085,0,1000,20090,0,0,60,60
20090,158086,0,0,0,0,1,60,60
20091,158057,0,0,0,0,0,60,60
20095,158089,0,1000,20097,0,1,60,60
20096,158091,0,0,20095,0,0,60,60
20097,158090,0,0,0,0,1,60,60
20098,158093,0,1000,0,0,0,60,60
20099,158100,0,1000,20100,0,0,60,60
20100,158094,0,1000,0,0,0,60,60
20101,158101,0,1000,20102,0,0,60,60
20102,158095,0,1000,0,0,0,60,60
20103,158098,0,1000,20104,0,0,60,60
20104,158096,0,1000,0,0,0,60,60
20105,158099,0,1000,20106,0,0,60,60
20106,158097,0,1000,0,0,0,60,60
20107,154628,0,1000,20108,0,1,60,60
20108,154629,0,1000,0,0,1,60,60
20112,154628,0,1000,20113,0,1,60,60
20113,154629,0,1000,20114,0,1,60,60
20114,154630,0,1000,20115,0,1,60,60
20115,155534,0,1000,0,0,1,60,60
20116,154628,0,1000,20117,0,1,60,60
20117,154629,0,1000,20118,0,1,60,60
20118,154630,0,1000,20119,0,1,60,60
20119,154631,0,1000,0,0,1,60,60
20120,154632,0,1000,20121,0,1,60,60
20121,154633,0,1000,0,0,1,60,60
20122,154634,0,1000,20123,0,1,60,60
20123,154635,0,1000,0,0,1,60,60
20124,157437,0,1000,20125,0,0,60,60
20125,157427,0,1000,0,0,0,60,60
20126,157442,0,1000,20127,0,0,60,60
20127,157435,0,1000,0,0,0,60,60
20128,157721,0,1000,20129,0,1,60,60
20129,157722,0,0,0,0,0,60,60
20131,158159,0,0,20133,0,0,60,60
20132,158161,0,0,0,0,0,60,60
20133,158160,0,1000,20135,0,0,60,60
20135,158163,0,0,20136,0,0,60,60
20136,158164,0,1000,20132,0,0,60,60
20137,158166,0,1000,20138,0,0,60,60
20138,158167,0,1000,20139,0,0,60,60
20139,158168,0,1000,20140,0,0,60,60
20140,158169,0,1000,0,0,0,60,60
20141,158170,0,1000,0,0,0,60,60
20142,140462,0,1000,20143,0,0,60,60
20143,157737,0,1000,20144,0,0,60,60
20144,157742,0,1000,20145,0,0,60,60
20145,157746,0,1000,0,0,0,60,60
20146,0,0,1000,20142,0,0,60,60
20147,154451,0,1000,0,0,0,60,60
20149,154419,0,1000,0,0,0,60,60
20150,154622,0,1000,20151,0,1,60,60
20151,154623,0,1000,20152,0,1,60,60
20152,154624,0,1000,0,0,1,60,60
20153,154626,0,1000,0,0,1,60,60
20154,154433,0,1000,0,0,0,60,60
20155,154424,0,1000,0,0,0,60,60
20156,156107,0,1000,20157,0,0,60,60
20157,156801,0,1000,0,0,0,60,60
20158,155907,0,1000,20159,0,0,60,60
20159,156698,0,1000,0,0,0,60,60
20160,154803,0,1000,0,0,1,60,60
20161,156110,0,1000,20162,0,0,60,60
20162,157425,0,1000,0,0,0,60,60
20163,156117,0,1000,20164,0,0,60,60
20164,157415,0,1000,0,0,0,60,60
20165,154806,0,1000,20166,0,1,60,60
20166,154807,0,1000,20167,0,1,60,60
20167,154808,0,1000,0,0,1,60,60
20168,154639,0,1000,20169,0,1,60,60
20169,154640,0,1000,20170,0,1,60,60
20170,154641,0,1000,20171,0,1,60,60
20171,154642,0,1000,0,0,1,60,60
20172,158183,0,1000,0,0,0,60,60
20176,154219,0,1000,20177,0,0,60,60
20177,157425,0,1000,0,0,0,60,60
20178,154244,0,1000,20179,0,0,60,60
20179,156802,0,1000,0,0,0,60,60
20180,154817,0,1000,20181,0,1,60,60
20181,154645,0,1000,20182,0,1,60,60
20182,154818,0,1000,0,0,1,60,60
20183,154427,0,1000,0,0,0,60,60
20184,154433,0,1000,0,0,0,60,60
20185,154644,0,1000,20186,0,1,60,60
20186,154645,0,1000,20187,0,1,60,60
20187,154647,0,1000,0,0,1,60,60
20188,157869,0,1000,20189,0,0,60,60
20189,156322,0,1000,20203,0,0,60,60
20194,154649,0,1000,20195,0,1,60,60
20195,154650,0,1000,0,0,1,60,60
20196,154649,0,1000,20197,0,1,60,60
20197,154819,0,1000,0,0,1,60,60
20198,154651,0,1000,0,0,1,60,60
20199,156323,0,1000,20204,0,0,60,60
20200,156324,0,1000,20201,0,0,60,60
20201,156325,0,1000,20205,0,0,60,60
20202,156326,0,1000,0,0,0,60,60
20203,0,0,0,0,0,0,60,60
20204,0,0,0,0,0,0,60,60
20205,0,0,0,0,0,0,60,60
20206,158017,0,1000,20207,0,0,60,60
20207,158018,0,1000,20208,0,0,60,60
20208,158019,0,1000,20209,0,0,60,60
20209,158020,0,1000,20210,0,0,60,60
20210,158022,0,1000,20211,0,0,60,60
20211,158024,0,1000,20274,0,0,60,60
20212,154657,0,2000,20213,0,1,60,60
20213,154656,0,1000,0,0,1,60,60
20217,158213,0,0,20218,0,0,60,60
20218,158214,0,0,20219,0,0,60,60
20219,158215,0,0,0,0,0,60,60
20220,158209,0,1000,20221,0,0,60,60
20221,158210,0,0,20222,0,0,60,60
20222,112973,0,0,20223,0,0,60,60
20223,124830,0,0,20224,0,0,60,60
20224,0,0,0,20225,0,0,60,60
20225,158211,0,0,20226,0,0,60,60
20226,158212,0,0,0,0,0,60,60
20227,158216,0,1000,20228,0,0,60,60
20228,158217,0,1000,20229,0,0,60,60
20229,158218,0,1000,20230,0,0,60,60
20230,158219,0,1000,20231,0,0,60,60
20231,158220,0,1000,20232,0,0,60,60
20232,158221,0,1000,0,0,0,60,60
20233,158223,0,2000,20234,0,1,60,60
20234,158224,0,2000,20235,0,1,60,60
20235,158225,0,2000,20236,0,1,60,60
20236,158226,0,1000,20237,0,1,60,60
20237,158227,0,0,0,0,0,60,60
20238,158228,0,0,20239,0,0,60,60
20239,158229,0,0,0,0,0,60,60
20240,157318,0,1000,0,0,0,60,60
20241,0,0,3000,20242,0,0,60,60
20242,157319,0,1000,0,0,0,60,60
20243,157321,0,1000,20244,0,0,60,60
20244,157322,0,1000,20245,0,0,60,60
20245,157323,0,1000,0,0,0,60,60
20246,157320,0,1000,20247,0,0,60,60
20247,0,0,0,0,0,0,60,60
20248,157271,0,5000,20249,0,1,60,60
20249,157272,0,1000,0,0,0,60,60
20250,157973,0,3000,20252,0,1,60,60
20251,157974,0,1000,0,0,1,60,60
20252,0,0,5000,20251,0,0,60,60
20253,158245,0,1000,0,0,0,60,60
20254,158233,0,0,20255,0,0,60,60
20255,158234,0,1000,20256,0,0,60,60
20256,158238,0,1000,20257,0,0,60,60
20257,158237,0,0,20258,0,0,60,60
20258,158236,0,1000,20259,0,0,60,60
20259,160443,0,0,20260,0,0,60,60
20260,160444,0,1000,20261,0,0,60,60
20261,158239,0,0,21012,0,0,60,60
20262,158246,0,0,20263,0,0,60,60
20263,158247,0,0,0,0,0,60,60
20264,154238,0,1000,20265,0,0,60,60
20265,157482,0,1000,0,0,0,60,60
20266,154243,0,1000,20267,0,0,60,60
20267,157483,0,1000,0,0,0,60,60
20268,156110,0,1000,20269,0,0,60,60
20269,156720,0,1000,0,0,0,60,60
20270,156112,0,1000,20271,0,0,60,60
20271,156698,0,1000,0,0,0,60,60
20272,157324,0,1000,0,0,0,60,60
20273,154270,0,3000,0,0,0,60,60
20274,0,0,0,0,0,0,60,60
20275,154271,0,3000,0,0,0,60,60
20276,158258,0,1000,21904,0,0,60,60
20277,162006,0,1000,21911,0,0,60,60
20278,158261,0,1000,20279,0,0,60,60
20279,158262,0,1000,20280,0,0,60,60
20280,158264,0,1000,20281,0,0,60,60
20281,158265,0,1000,20282,0,0,60,60
20282,158266,0,1000,0,0,0,60,60
20283,158272,0,1000,0,0,0,60,60
20284,0,0,1000,20285,0,0,60,60
20285,0,0,0,20206,0,0,60,60
20286,154413,0,3000,0,0,0,60,60
20287,154414,0,3000,0,0,0,60,60
20288,158279,0,1000,21023,0,0,60,60
20289,158280,0,1000,0,0,0,60,60
20290,156107,0,1000,20291,0,0,60,60
20291,157471,0,1000,0,0,0,60,60
20292,155907,0,1000,20293,0,0,60,60
20293,157481,0,1000,0,0,0,60,60
20294,157325,0,1000,0,0,0,60,60
20295,151021,0,1000,20296,0,0,60,60
20296,153692,0,1000,20297,0,0,60,60
20297,151023,0,1000,0,0,0,60,60
20298,157560,0,1000,0,0,0,60,60
20299,157561,0,1000,0,0,0,60,60
20300,157326,0,1000,0,0,0,60,60
20302,154596,0,1000,19940,0,1,60,60
20303,154796,0,1000,20304,0,1,60,60
20304,154596,0,1000,19910,0,1,60,60
20305,157327,0,1000,20306,0,0,60,60
20306,157329,0,1000,0,0,0,60,60
20307,157331,0,1000,0,0,0,60,60
20308,157332,0,1000,20309,0,0,60,60
20309,0,0,0,0,0,0,60,60
20310,156107,0,1000,20311,0,0,60,60
20311,157471,0,1000,0,0,0,60,60
20312,155907,0,1000,20313,0,0,60,60
20313,157481,0,1000,0,0,0,60,60
20314,157330,0,1000,0,0,0,60,60
20315,158410,0,1000,0,0,0,60,60
20316,157736,0,1000,20317,0,0,60,60
20317,157738,0,1000,20318,0,0,60,60
20318,157739,0,1000,20319,0,0,60,60
20319,157740,0,500,0,0,0,60,60
20320,158433,0,5000,20321,0,0,60,60
20321,158435,0,1000,20322,0,0,60,60
20322,158436,0,1000,20323,0,0,60,60
20323,158437,0,1000,20324,0,0,60,60
20324,158438,0,1000,20325,0,0,60,60
20325,158439,0,1000,20326,0,0,60,60
20326,158441,0,4000,20327,0,0,60,60
20327,158440,0,3000,20328,0,0,60,60
20328,158443,0,10000,20329,0,0,60,60
20329,158442,0,1000,0,0,0,60,60
20330,158447,0,1000,0,0,0,60,60
20331,158451,0,1000,0,0,0,60,60
20332,158449,0,1000,20333,0,0,60,60
20333,158448,0,1000,0,0,0,60,60
20334,158502,0,3000,20335,0,0,60,60
20335,158506,0,3000,0,0,0,60,60
20336,158587,0,1000,0,0,1,60,60
20337,158588,0,1000,0,0,1,60,60
20338,158589,0,1000,0,0,1,60,60
20339,158590,0,1000,0,0,1,60,60
20340,158595,0,1000,0,0,1,60,60
20341,158596,0,1000,0,0,1,60,60
20342,158597,0,1000,0,0,1,60,60
20343,158598,0,1000,0,0,1,60,60
20344,158599,0,1000,0,0,1,60,60
20345,158600,0,1000,0,0,1,60,60
20346,158601,0,1000,0,0,1,60,60
20347,158602,0,1000,0,0,1,60,60
20348,158603,0,1000,0,0,1,60,60
20349,158604,0,1000,0,0,1,60,60
20351,158564,0,1000,0,0,0,60,60
20352,155906,0,1000,20353,0,0,60,60
20353,157473,0,1000,0,0,0,60,60
20354,156117,0,1000,20355,0,0,60,60
20355,157476,0,1000,0,0,0,60,60
20356,158631,0,1000,20357,0,0,60,60
20357,158632,0,1000,21087,0,0,60,60
20358,154386,0,1000,0,0,0,60,60
20359,154396,0,1000,0,0,0,60,60
20360,154389,0,1000,0,0,0,60,60
20361,154398,0,1000,0,0,0,60,60
20362,156110,0,1000,20363,0,0,60,60
20363,156720,0,1000,0,0,0,60,60
20364,156112,0,1000,20365,0,0,60,60
20365,157415,0,1000,0,0,0,60,60
20366,154400,0,1000,0,0,0,60,60
20367,154391,0,1000,0,0,0,60,60
20368,158666,0,0,20370,0,0,60,60
20370,159766,0,0,20658,0,0,60,60
20371,155904,0,1000,20372,0,0,60,60
20372,156801,0,1000,0,0,0,60,60
20373,156115,0,1000,20374,0,0,60,60
20374,156698,0,1000,0,0,0,60,60
20375,0,0,4000,17335,0,0,60,60
20376,158887,0,1500,0,0,0,60,60
20378,155880,0,1000,20379,0,0,60,60
20379,158421,0,1000,20380,0,0,60,60
20380,158422,0,1000,0,0,0,60,60
20381,159055,0,1000,21403,0,0,60,60
20382,159059,0,1000,20385,0,0,60,60
20384,159064,0,1000,20382,0,0,60,60
20385,159066,0,1000,20386,0,0,60,60
20386,159069,0,1000,20387,0,0,60,60
20387,159075,0,1000,20388,0,0,60,60
20388,159081,0,0,20390,0,0,60,60
20389,0,0,0,20394,0,0,60,60
20390,0,0,0,20391,0,0,60,60
20391,0,0,0,20392,0,0,60,60
20392,0,0,0,20393,0,0,60,60
20393,0,0,0,20389,0,0,60,60
20394,159083,0,3000,21406,0,0,60,60
20395,159194,0,8000,20396,0,0,60,60
20396,159195,0,500,20397,0,0,60,60
20397,159196,0,500,20398,0,0,60,60
20398,159197,0,500,20399,0,0,60,60
20399,159198,0,500,20400,0,0,60,60
20400,159199,0,500,20401,0,0,60,60
20401,159200,0,500,20402,0,0,60,60
20402,159201,0,500,20403,0,0,60,60
20403,159202,0,500,20404,0,0,60,60
20404,159203,0,500,20405,0,0,60,60
20405,159204,0,500,20406,0,0,60,60
20406,159205,0,500,20407,0,0,60,60
20407,159206,0,500,20408,0,0,60,60
20408,159207,0,500,20409,0,0,60,60
20409,159208,0,500,0,0,0,60,60
20412,159209,0,-4000,0,0,0,60,60
20413,149881,0,0,22101,0,0,60,60
20414,154484,0,3000,0,0,0,60,60
20415,154485,0,3000,0,0,0,60,60
20416,154409,0,3000,0,0,0,60,60
20417,154410,0,3000,0,0,0,60,60
20418,159214,0,0,20419,0,0,60,60
20419,159212,0,0,20420,0,0,60,60
20420,159213,0,0,0,0,0,60,60
20421,154482,0,3000,0,0,0,60,60
20422,154483,0,3000,0,0,0,60,60
20423,154340,0,3000,0,0,0,60,60
20424,154339,0,3000,0,0,0,60,60
20425,159218,0,0,20426,0,0,60,60
20426,159219,0,0,0,0,0,60,60
20427,159220,0,0,20428,0,0,60,60
20428,159221,0,0,0,0,0,60,60
20429,0,0,1000,20430,0,0,60,60
20430,159222,0,0,0,0,0,60,60
20431,159223,0,0,20432,0,0,60,60
20432,159224,0,0,0,0,0,60,60
20433,158665,0,0,20655,0,0,60,60
20434,158672,0,0,0,0,0,60,60
20435,158671,0,0,0,0,0,60,60
20436,158673,0,0,0,0,0,60,60
20437,159228,0,0,0,0,0,60,60
20452,159337,0,0,20453,0,0,60,60
20453,159338,0,0,20648,0,0,60,60
20458,159350,0,500,20459,0,0,60,60
20459,159351,0,500,20460,0,0,60,60
20460,159352,0,1000,20461,0,0,60,60
20461,159353,0,1000,20462,0,0,60,60
20462,159354,0,1000,0,0,0,60,60
20463,159355,0,0,20464,0,0,60,60
20464,159356,0,0,20465,0,0,60,60
20465,159357,0,0,20466,0,0,60,60
20466,159358,0,0,20467,0,0,60,60
20467,159359,0,0,20468,0,0,60,60
20468,159360,0,0,20469,0,0,60,60
20469,159361,0,0,20470,0,0,60,60
20470,159362,0,0,20471,0,0,60,60
20471,159363,0,0,20472,0,0,60,60
20472,159364,0,0,0,0,0,60,60
20473,159365,0,0,20474,0,0,60,60
20474,159366,0,0,20475,0,0,60,60
20475,159367,0,0,0,0,0,60,60
20476,159368,0,0,20477,0,0,60,60
20477,159369,0,0,20478,0,0,60,60
20478,159370,0,0,20479,0,2,60,60
20479,159371,0,0,20480,0,0,60,60
20480,159372,0,0,20481,0,0,60,60
20481,159373,0,0,20482,0,0,60,60
20482,159374,0,0,20483,0,0,60,60
20483,159375,0,0,20484,0,2,60,60
20484,159376,0,0,20485,0,0,60,60
20485,159377,0,0,0,0,0,60,60
20486,142642,0,500,20487,0,1,60,60
20487,142643,0,0,0,0,1,60,60
20488,142646,0,1000,20730,0,1,60,60
20489,142648,0,0,0,0,0,60,60
20490,142649,0,1000,20491,0,1,60,60
20491,149983,0,0,0,0,1,60,60
20492,142665,0,500,20493,0,1,60,60
20493,142669,0,0,20494,0,1,60,60
20494,142671,0,0,0,0,0,60,60
20495,142663,0,0,0,0,1,60,60
20497,150014,0,1000,20498,0,1,60,60
20498,150015,0,2000,20499,0,1,60,60
20499,150020,0,2000,0,0,1,60,60
20501,142681,0,1000,20502,0,1,60,60
20502,142682,0,0,20503,0,1,60,60
20503,152263,0,0,0,0,1,60,60
20504,150032,0,0,20505,0,1,60,60
20505,150033,0,0,0,0,1,60,60
20508,158422,0,1000,0,0,0,60,60
20509,158423,0,1000,20510,0,0,60,60
20510,158424,0,1000,0,0,0,60,60
20511,158424,0,1000,0,0,0,60,60
20512,159410,0,0,20513,0,0,60,60
20513,159411,0,0,0,0,0,60,60
20515,159403,0,1000,0,0,0,60,60
20516,155685,0,1000,0,0,0,60,60
20517,155692,0,1000,0,0,0,60,60
20518,142722,0,0,20519,0,1,60,60
20519,142724,0,0,20520,0,1,60,60
20520,142726,0,0,20521,0,1,60,60
20521,142730,0,0,0,0,1,60,60
20522,142731,0,0,20523,0,1,60,60
20523,142735,0,0,0,0,1,60,60
20524,142739,0,0,20525,0,1,60,60
20525,142761,0,0,0,0,1,60,60
20526,142649,0,1000,20527,0,1,60,60
20527,149983,0,2000,20528,0,1,60,60
20528,142802,0,0,0,0,1,60,60
20529,142892,0,0,20530,0,1,60,60
20530,149929,0,0,20531,0,1,60,60
20531,142893,0,0,0,0,1,60,60
20532,142816,0,0,20533,0,1,60,60
20533,142894,0,0,0,0,1,60,60
20534,142891,0,0,20535,0,1,60,60
20535,142817,0,0,0,0,1,60,60
20536,142818,0,0,0,0,1,60,60
20538,142790,0,0,0,0,1,60,60
20539,159408,0,0,0,0,0,60,60
20540,159409,0,0,0,0,0,60,60
20541,159467,0,0,0,0,0,60,60
20542,159465,0,3000,20543,0,0,60,60
20543,159468,0,2000,20541,0,0,60,60
20544,0,0,2000,20542,0,0,60,60
20545,157437,0,1000,20546,0,0,60,60
20546,157530,0,1000,0,0,0,60,60
20547,157437,0,1000,20548,0,0,60,60
20548,157531,0,1000,0,0,0,60,60
20549,158518,0,0,20550,0,0,60,60
20550,158519,0,0,20553,0,0,60,60
20553,158520,0,0,20554,0,0,60,60
20554,158522,0,1000,0,0,0,60,60
20555,159521,0,0,20556,0,0,60,60
20556,159522,0,0,0,0,0,60,60
20557,158403,0,1000,0,0,0,60,60
20558,155884,0,1000,0,0,0,60,60
20559,158416,0,1000,0,0,0,60,60
20562,155987,0,1000,18853,0,0,60,60
20563,155988,0,3000,0,0,0,60,60
20564,158407,0,1000,0,0,0,60,60
20565,158412,0,1000,0,0,0,60,60
20566,158412,0,1000,0,0,0,60,60
20567,158416,0,1000,0,0,0,60,60
20568,0,0,2000,20569,0,0,60,60
20569,159723,0,0,20570,0,0,60,60
20570,160747,0,0,20571,0,0,60,60
20571,160748,0,0,20572,0,0,60,60
20572,160749,0,0,0,0,0,60,60
20574,109721,0,1000,20575,0,0,60,60
20575,110426,0,1000,20576,0,0,60,60
20576,159536,0,1500,20577,0,0,60,60
20577,160531,0,1500,20578,0,0,60,60
20578,160532,0,2000,20579,0,0,60,60
20579,160533,0,2000,20580,0,0,60,60
20580,0,0,0,20581,0,0,60,60
20581,160534,0,500,20582,0,0,60,60
20582,160535,0,500,0,0,0,60,60
20583,154753,0,0,0,0,0,60,60
20584,154757,0,0,0,0,0,60,60
20585,154754,0,0,0,0,0,60,60
20586,154758,0,0,0,0,0,60,60
20587,159602,0,0,20588,0,0,60,60
20588,159603,0,0,20589,0,0,60,60
20589,159601,0,0,20590,0,0,60,60
20590,159605,0,0,20591,0,0,60,60
20591,159606,0,0,20592,0,0,60,60
20592,159607,0,0,20593,0,0,60,60
20593,159608,0,0,20594,0,0,60,60
20594,159609,0,0,0,0,0,60,60
20595,154751,0,0,0,0,0,60,60
20596,154752,0,0,0,0,0,60,60
20597,154759,0,0,0,0,0,60,60
20598,154760,0,0,0,0,0,60,60
20599,154755,0,0,0,0,0,60,60
20600,154756,0,0,0,0,0,60,60
20601,154761,0,0,0,0,0,60,60
20602,154762,0,0,0,0,0,60,60
20603,159669,0,0,20604,0,0,60,60
20604,159670,0,0,20605,0,0,60,60
20605,159671,0,3000,20606,0,0,60,60
20606,159672,0,0,20607,0,0,60,60
20607,159673,0,500,20608,0,0,60,60
20608,159674,0,0,20609,0,0,60,60
20609,159675,0,0,20610,0,0,60,60
20610,159676,0,2000,20611,0,0,60,60
20611,159677,0,0,20613,0,0,60,60
20612,159688,0,1000,0,0,0,60,60
20613,0,0,5000,20623,0,0,60,60
20614,158404,0,1000,0,0,0,60,60
20615,158401,0,1000,0,0,0,60,60
20616,158418,0,1000,0,0,0,60,60
20617,155886,0,3000,0,0,0,60,60
20618,158418,0,1000,0,0,0,60,60
20619,158413,0,1000,0,0,0,60,60
20620,159696,0,0,20621,0,0,60,60
20621,159698,0,0,20736,0,0,60,60
20622,159699,0,1000,0,0,0,60,60
20623,159695,0,0,20620,0,0,60,60
20624,159700,0,0,0,0,0,60,60
20625,159709,0,1000,0,0,0,60,60
20626,156070,0,1000,0,0,0,60,60
20627,154013,0,1000,0,0,0,60,60
20628,0,0,2000,20629,0,0,60,60
20629,159724,0,1000,20646,0,0,60,60
20631,159728,0,1000,0,0,0,60,60
20635,159730,0,1000,0,0,0,60,60
20636,159735,0,0,20637,0,0,60,60
20637,159736,0,0,0,0,0,60,60
20645,159729,0,1000,0,0,0,60,60
20646,159755,0,1000,20647,0,0,60,60
20647,159756,0,0,0,0,0,60,60
20648,159339,0,0,20649,0,0,60,60
20649,159758,0,0,20650,0,0,60,60
20650,159759,0,0,20651,0,0,60,60
20651,159761,0,0,20652,0,0,60,60
20652,159762,0,0,20653,0,0,60,60
20653,159763,0,0,0,0,0,60,60
20654,159756,0,0,0,0,0,60,60
20655,159764,0,0,20656,0,0,60,60
20656,0,0,1000,20657,0,0,60,60
20657,159765,0,0,0,0,0,60,60
20658,159767,0,0,0,0,0,60,60
20659,159768,0,0,20660,0,0,60,60
20660,158668,0,0,0,0,0,60,60
20661,159823,0,0,20662,0,0,60,60
20662,159824,0,0,20663,0,0,60,60
20663,0,0,1000,20664,0,0,60,60
20664,159825,0,0,0,0,0,60,60
20665,151300,0,1000,0,0,0,60,60
20666,159835,0,1000,0,0,0,60,60
20667,159839,0,0,20668,0,0,60,60
20668,159840,0,500,20669,0,0,60,60
20669,159841,0,0,20670,0,0,60,60
20670,159843,0,0,20672,0,0,60,60
20671,159844,0,0,20676,0,0,60,60
20672,159845,0,0,20671,0,0,60,60
20676,159851,0,1000,20704,0,0,60,60
20677,159852,0,1000,20705,0,0,60,60
20678,159855,0,0,20706,0,0,60,60
20679,159858,0,1000,20703,0,0,60,60
20681,16741,0,1000,20682,0,0,60,60
20682,16742,0,1000,20683,0,0,60,60
20683,16743,0,1000,20684,0,0,60,60
20684,16752,0,1000,20685,0,0,60,60
20685,16753,0,1000,20686,0,0,60,60
20686,16754,0,1000,20687,0,0,60,60
20687,16755,0,1000,20688,0,0,60,60
20688,16756,0,1000,20689,0,0,60,60
20689,16757,0,1000,20690,0,0,60,60
20690,16761,0,1000,20691,0,0,60,60
20691,16762,0,1000,20692,0,0,60,60
20692,16763,0,1000,20693,0,0,60,60
20693,16764,0,1000,20694,0,0,60,60
20694,16765,0,1000,20695,0,0,60,60
20695,16766,0,1000,20696,0,0,60,60
20696,16775,0,1000,20697,0,0,60,60
20697,16776,0,1000,20698,0,0,60,60
20698,16777,0,1000,20699,0,0,60,60
20699,16778,0,2000,20702,0,0,60,60
20702,0,0,0,0,0,0,60,60
20703,159868,0,0,21799,0,0,60,60
20704,159898,0,1000,20677,0,0,60,60
20705,159900,0,0,20678,0,0,60,60
20706,159901,0,0,20707,0,0,60,60
20707,159902,0,0,20708,0,0,60,60
20708,159903,0,0,20679,0,0,60,60
20711,159910,0,0,20712,0,0,60,60
20712,159911,0,0,20713,0,0,60,60
20713,159912,0,0,0,0,0,60,60
20714,158119,0,0,20715,0,0,60,60
20715,158120,0,0,20716,0,0,60,60
20716,158121,0,0,20717,0,0,60,60
20717,158122,0,0,21389,0,0,60,60
20718,158123,0,0,0,0,0,60,60
20719,159921,0,1000,0,0,0,60,60
20720,159924,0,1000,0,0,0,60,60
20721,159920,0,0,20722,0,0,60,60
20722,159922,0,0,20723,0,0,60,60
20723,159923,0,0,20724,0,0,60,60
20724,159925,0,0,20725,0,0,60,60
20725,159927,0,0,20726,0,0,60,60
20726,159928,0,0,20727,0,0,60,60
20727,159929,0,0,20728,0,0,60,60
20728,159933,0,0,0,0,0,60,60
20729,159919,0,0,20721,0,0,60,60
20730,142647,0,500,20489,0,0,60,60
20731,158523,0,1000,0,0,0,60,60
20732,156023,0,1000,20733,0,0,60,60
20733,157276,0,1000,0,0,0,60,60
20734,156030,0,1000,20735,0,0,60,60
20735,157280,0,1000,0,0,0,60,60
20736,0,0,0,0,0,0,60,60
20737,159982,0,0,0,0,0,60,60
20738,159990,0,500,20744,0,0,60,60
20739,159983,0,500,20740,0,0,60,60
20740,159984,0,500,20741,0,0,60,60
20741,159985,0,500,20742,0,0,60,60
20742,159986,0,500,20743,0,0,60,60
20743,159987,0,500,20738,0,0,60,60
20744,159989,0,500,0,0,0,60,60
20748,159737,0,0,20749,0,0,60,60
20749,159738,0,0,0,0,0,60,60
20751,159739,0,0,0,0,0,60,60
20752,158524,0,1000,20753,0,0,60,60
20753,158525,0,1000,20754,0,0,60,60
20754,158526,0,1000,20755,0,0,60,60
20755,158527,0,1000,20756,0,0,60,60
20756,158528,0,1000,0,0,0,60,60
20757,160000,0,1000,0,0,0,60,60
20758,157411,0,1000,20759,0,0,60,60
20759,157422,0,1000,20760,0,0,60,60
20760,157423,0,1000,0,0,0,60,60
20761,157424,0,1000,20762,0,0,60,60
20762,157426,0,1000,0,0,0,60,60
20763,160047,0,1000,0,0,0,60,60
20764,160051,0,1000,0,0,0,60,60
20765,160054,0,1000,0,0,0,60,60
20766,160056,0,1000,0,0,0,60,60
20767,160067,0,1000,20768,0,0,60,60
20768,160068,0,0,20769,0,0,60,60
20769,160069,0,0,20770,0,0,60,60
20770,160070,0,1000,20783,0,0,60,60
20771,0,0,1000,20772,0,0,60,60
20772,160073,0,1000,20773,0,0,60,60
20773,160074,0,1000,0,0,0,60,60
20775,160076,0,1000,0,0,0,60,60
20776,160077,0,1000,0,0,0,60,60
20777,160078,0,1000,0,0,0,60,60
20778,160079,0,1000,0,0,0,60,60
20779,160022,0,0,20780,0,0,60,60
20780,160023,0,0,20781,0,0,60,60
20781,159907,0,0,20782,0,0,60,60
20782,159908,0,0,0,0,0,60,60
20783,160089,0,1000,0,0,0,60,60
20784,160090,0,1000,0,0,0,60,60
20785,160096,0,0,0,0,0,60,60
20786,160114,0,1000,20838,0,1,60,60
20787,160107,0,0,20788,0,0,60,60
20788,160108,0,0,20789,0,0,60,60
20789,160109,0,0,20790,0,0,60,60
20790,160110,0,0,20791,0,0,60,60
20791,160111,0,0,20792,0,0,60,60
20792,160116,0,0,20793,0,0,60,60
20793,160113,0,0,20794,0,0,60,60
20794,160112,0,0,0,0,0,60,60
20795,160119,0,1000,20796,0,0,60,60
20796,160120,0,1000,20797,0,0,60,60
20797,160121,0,3000,20798,0,0,60,60
20798,160122,0,5000,20800,0,0,60,60
20800,160124,0,4000,20801,0,0,60,60
20801,160125,0,2000,20802,0,0,60,60
20802,160126,0,1000,0,0,0,60,60
20803,159436,0,0,0,0,0,60,60
20804,159432,0,1000,20933,0,0,60,60
20805,159435,0,1000,20803,0,0,60,60
20806,160129,0,1000,20807,0,0,60,60
20807,160130,0,2000,20808,0,0,60,60
20808,160132,0,3000,20809,0,0,60,60
20809,160133,0,4000,20810,0,0,60,60
20810,160135,0,3000,20811,0,0,60,60
20811,160136,0,2000,0,0,0,60,60
20812,160131,0,5000,20813,0,0,60,60
20813,160134,0,5000,20814,0,0,60,60
20814,160138,0,5000,20815,0,0,60,60
20815,160140,0,5000,20816,0,0,60,60
20816,160141,0,5000,20817,0,0,60,60
20817,160142,0,0,0,0,0,60,60
20818,159779,0,1000,0,0,1,60,60
20819,160143,0,3000,20820,0,0,60,60
20820,160144,0,1000,20821,0,0,60,60
20821,160146,0,2000,20822,0,0,60,60
20822,160147,0,2000,20823,0,0,60,60
20823,160148,0,2000,20824,0,0,60,60
20824,160149,0,4000,20825,0,0,60,60
20825,160151,0,4000,20826,0,0,60,60
20826,160152,0,4000,20827,0,0,60,60
20827,160153,0,2000,0,0,0,60,60
20828,160159,0,1000,0,0,1,60,60
20829,0,0,3000,20828,0,0,60,60
20830,154309,0,1000,20831,0,0,60,60
20831,154311,0,0,0,0,0,60,60
20832,154310,0,1000,20833,0,0,60,60
20833,154312,0,0,0,0,0,60,60
20834,160179,0,0,20835,0,0,60,60
20835,160181,0,0,0,0,0,60,60
20836,154316,0,1000,20837,0,0,60,60
20837,154314,0,0,0,0,0,60,60
20838,160183,0,2000,21311,0,0,60,60
20839,154318,0,1000,20843,0,0,60,60
20840,154313,0,0,0,0,0,60,60
20841,160184,0,0,20842,0,0,60,60
20842,160185,0,0,0,0,0,60,60
20843,154319,0,1000,20840,0,0,60,60
20844,154323,0,1000,20845,0,0,60,60
20845,154325,0,0,0,0,0,60,60
20846,154324,0,1000,20847,0,0,60,60
20847,154326,0,0,0,0,0,60,60
20848,157545,0,1000,0,0,0,60,60
20849,157546,0,1000,0,0,0,60,60
20852,160200,0,2000,21341,0,0,60,60
20853,160201,0,1000,0,0,1,60,60
20854,160199,0,1000,0,0,0,60,60
20855,160203,0,1000,0,0,0,60,60
20856,158545,0,1000,20857,0,0,60,60
20857,158546,0,1000,22188,0,0,60,60
20858,158547,0,1000,21437,0,0,60,60
20859,161516,0,1000,20858,0,0,60,60
20860,158549,0,1000,20861,0,0,60,60
20861,158550,0,1000,20862,0,0,60,60
20862,158551,0,1000,22147,0,0,60,60
20863,158645,0,0,20973,0,0,60,60
20876,160229,0,1000,0,0,0,60,60
20877,160236,0,0,0,0,0,60,60
20878,160237,0,0,20879,0,0,60,60
20879,160238,0,0,20880,0,0,60,60
20880,160239,0,0,0,0,0,60,60
20894,157547,0,1000,0,0,0,60,60
20895,157548,0,1000,0,0,0,60,60
20896,155904,0,1000,20897,0,0,60,60
20897,157418,0,1000,0,0,0,60,60
20898,156115,0,1000,20899,0,0,60,60
20899,157415,0,1000,0,0,0,60,60
20901,160253,0,0,20902,0,0,60,60
20902,160254,0,0,20903,0,0,60,60
20903,160255,0,0,20904,0,0,60,60
20904,160256,0,0,20905,0,0,60,60
20905,160257,0,0,20906,0,0,60,60
20906,160258,0,0,20907,0,0,60,60
20907,160259,0,0,0,0,0,60,60
20909,160244,0,0,20910,0,0,60,60
20910,160266,0,0,0,0,0,60,60
20911,156025,0,1000,0,0,0,60,60
20912,156028,0,1000,0,0,0,60,60
20913,154473,0,3000,0,0,0,60,60
20914,154474,0,3000,0,0,0,60,60
20915,154260,0,3000,0,0,0,60,60
20916,154261,0,3000,0,0,0,60,60
20917,158612,0,3000,0,0,0,60,60
20918,154481,0,3000,0,0,0,60,60
20919,160274,0,500,20920,0,0,60,60
20920,160275,0,500,0,0,0,60,60
20921,157570,0,1000,0,0,0,60,60
20922,157571,0,1000,0,0,0,60,60
20923,154329,0,3000,0,0,0,60,60
20924,154332,0,3000,0,0,0,60,60
20925,159437,0,1000,20927,0,0,60,60
20927,159439,0,1000,20928,0,0,60,60
20928,159440,0,1000,20929,0,0,60,60
20929,159441,0,1000,20930,0,0,60,60
20930,159442,0,1000,0,0,0,60,60
20932,159431,0,2000,20804,0,1,60,60
20933,159433,0,10000,20934,0,1,60,60
20934,159434,0,1000,20805,0,0,60,60
20935,160261,0,1000,0,0,0,60,60
20936,154465,0,3000,0,0,0,60,60
20937,159774,0,1000,20938,0,0,60,60
20938,159775,0,500,0,0,0,60,60
20939,154466,0,3000,0,0,0,60,60
20940,0,0,5000,20941,0,0,60,60
20941,160270,0,3000,20942,0,0,60,60
20942,160271,0,2000,21043,0,0,60,60
20943,154215,0,3000,0,0,0,60,60
20944,154213,0,3000,0,0,0,60,60
20945,154456,0,3000,0,0,0,60,60
20946,154472,0,3000,0,0,0,60,60
20947,160277,0,1000,0,0,0,60,60
20948,154333,0,3000,0,0,0,60,60
20949,154330,0,3000,0,0,0,60,60
20950,160281,0,2000,20951,0,0,60,60
20951,160282,0,2000,20952,0,0,60,60
20952,160075,0,1000,0,0,0,60,60
20953,160300,0,0,20954,0,1,60,60
20954,160301,0,1000,0,0,0,60,60
20955,160303,0,1000,21676,0,0,60,60
20956,160308,0,1000,0,0,0,60,60
20957,160310,0,1000,0,0,0,60,60
20959,158647,0,1000,20960,0,0,60,60
20960,158648,0,1000,20961,0,0,60,60
20961,158649,0,1000,20962,0,0,60,60
20962,158650,0,1000,22198,0,0,60,60
20963,158652,0,1000,20964,0,0,60,60
20964,160174,0,1000,20965,0,0,60,60
20965,158653,0,0,22190,0,0,60,60
20970,157650,0,1000,0,0,0,60,60
20971,157564,0,1000,0,0,0,60,60
20972,153682,0,0,0,0,0,60,60
20973,0,0,0,22230,0,0,60,60
20982,160397,0,6000,20983,0,1,60,60
20983,160398,0,1000,0,0,1,60,60
20984,157549,0,1000,0,0,0,60,60
20985,157550,0,1000,0,0,0,60,60
20986,160400,0,1000,0,0,0,60,60
20987,160401,0,1000,0,0,0,60,60
20988,155735,0,1000,0,0,0,60,60
20989,155737,0,1000,0,0,0,60,60
20990,160403,0,1000,0,0,0,60,60
20991,157559,0,1000,0,0,0,60,60
20992,157562,0,1000,0,0,0,60,60
20993,156023,0,1000,0,0,0,60,60
20994,156030,0,1000,0,0,0,60,60
20995,159445,0,0,0,0,0,60,60
20996,159444,0,0,0,0,0,60,60
20997,159446,0,0,0,0,0,60,60
20998,157567,0,1000,0,0,0,60,60
20999,157568,0,1000,0,0,0,60,60
21000,159447,0,1000,21001,0,0,60,60
21001,159448,0,1000,21002,0,0,60,60
21002,159449,0,1000,21003,0,0,60,60
21003,159450,0,1000,21004,0,0,60,60
21004,159451,0,1000,21005,0,0,60,60
21005,159452,0,1000,21006,0,0,60,60
21006,159453,0,1000,21007,0,0,60,60
21007,159454,0,1000,21008,0,0,60,60
21008,159455,0,1000,21009,0,0,60,60
21009,159456,0,1000,0,0,0,60,60
21010,157579,0,1000,0,0,0,60,60
21011,160440,0,4000,0,0,0,60,60
21012,158240,0,1000,21013,0,0,60,60
21013,158241,0,0,0,0,0,60,60
21014,160280,0,3000,0,0,0,60,60
21015,160293,0,3000,0,0,0,60,60
21016,159457,0,1000,21017,0,0,60,60
21017,159458,0,30000,21018,0,0,60,60
21018,159459,0,1000,21019,0,0,60,60
21019,159460,0,1000,21020,0,0,60,60
21020,159461,0,1000,21021,0,0,60,60
21021,159462,0,1000,0,0,0,60,60
21022,0,0,0,21016,0,0,60,60
21023,160476,0,1000,20289,0,0,60,60
21024,157582,0,1000,0,0,0,60,60
21025,157584,0,1000,0,0,0,60,60
21026,157585,0,1000,0,0,0,60,60
21027,159803,0,1000,21028,0,0,60,60
21028,159804,0,500,0,0,0,60,60
21029,160361,0,0,21030,0,0,60,60
21030,160362,0,0,0,0,0,60,60
21031,160365,0,0,21032,0,0,60,60
21032,160366,0,0,0,0,0,60,60
21033,160363,0,0,21034,0,0,60,60
21034,160364,0,0,0,0,0,60,60
21035,160358,0,0,21036,0,0,60,60
21036,160359,0,0,21037,0,0,60,60
21037,160360,0,0,0,0,0,60,60
21038,160367,0,0,21039,0,0,60,60
21039,160368,0,0,21040,0,0,60,60
21040,160369,0,0,21041,0,0,60,60
21041,160370,0,0,0,0,0,60,60
21042,159805,0,500,0,0,0,60,60
21043,0,0,1000,0,0,0,60,60
21045,157588,0,1000,0,0,0,60,60
21046,157590,0,1000,0,0,0,60,60
21047,158535,0,3000,21050,0,0,60,60
21048,158539,0,0,0,0,0,60,60
21050,158536,0,500,21051,0,0,60,60
21051,158537,0,0,21048,0,0,60,60
21052,149985,0,1000,0,0,0,60,60
21053,149991,0,1000,0,0,0,60,60
21054,153380,0,1000,0,0,0,60,60
21055,153387,0,1000,0,0,0,60,60
21056,153376,0,1000,0,0,0,60,60
21057,153378,0,1000,0,0,0,60,60
21058,160492,0,0,0,0,0,60,60
21059,160493,0,1000,0,0,0,60,60
21060,160496,0,1000,0,0,1,60,60
21061,153397,0,1000,0,0,0,60,60
21062,153401,0,1000,0,0,0,60,60
21063,159806,0,500,0,0,0,60,60
21064,153376,0,1000,0,0,0,60,60
21065,153378,0,1000,0,0,0,60,60
21066,160481,0,1000,21067,0,0,60,60
21067,160482,0,1000,21068,0,0,60,60
21068,160486,0,1000,21069,0,0,60,60
21069,160488,0,0,0,0,0,60,60
21070,158535,0,0,22146,0,0,60,60
21072,158544,0,0,21073,0,0,60,60
21073,158541,0,0,21532,0,0,60,60
21076,160502,0,1000,0,0,0,60,60
21077,156024,0,1000,0,0,0,60,60
21078,156028,0,1000,0,0,0,60,60
21079,159810,0,1000,21080,0,0,60,60
21080,159811,0,500,0,0,0,60,60
21081,159812,0,500,0,0,0,60,60
21082,159808,0,1000,21083,0,0,60,60
21083,159809,0,500,0,0,0,60,60
21084,159813,0,500,0,0,0,60,60
21085,157563,0,1000,0,0,0,60,60
21086,157592,0,1000,0,0,0,60,60
21087,160518,0,1000,0,0,0,60,60
21088,160522,0,1000,21089,0,1,60,60
21089,160524,0,0,21090,0,0,60,60
21090,160525,0,0,0,0,0,60,60
21091,154463,0,0,0,0,0,60,60
21092,154334,0,0,0,0,0,60,60
21093,154486,0,0,0,0,0,60,60
21094,157879,0,0,0,0,0,60,60
21095,157569,0,1000,0,0,0,60,60
21096,157574,0,1000,0,0,0,60,60
21097,155688,0,1000,0,0,0,60,60
21098,155692,0,1000,0,0,0,60,60
21099,157594,0,1000,0,0,0,60,60
21100,157601,0,1000,0,0,0,60,60
21101,160284,0,0,21102,0,0,60,60
21102,160283,0,0,0,0,0,60,60
21103,157581,0,1000,0,0,0,60,60
21104,157583,0,1000,0,0,0,60,60
21105,160294,0,1000,21106,0,0,60,60
21106,160529,0,1000,21107,0,0,60,60
21107,160538,0,1000,0,0,0,60,60
21110,0,0,5000,21105,0,0,60,60
21111,160227,0,0,0,0,0,60,60
21112,160542,0,1000,21113,0,0,60,60
21113,160543,0,1000,21114,0,0,60,60
21114,160544,0,1000,21115,0,0,60,60
21115,160545,0,1000,21116,0,0,60,60
21116,160546,0,1000,21137,0,0,60,60
21117,160547,0,1000,21118,0,0,60,60
21118,160548,0,1000,21119,0,0,60,60
21119,160549,0,1000,21120,0,0,60,60
21120,160550,0,1000,21138,0,0,60,60
21121,160551,0,1000,21122,0,0,60,60
21122,160552,0,1000,21123,0,0,60,60
21123,160553,0,1000,21124,0,0,60,60
21124,160554,0,1000,21125,0,0,60,60
21125,160555,0,1000,0,0,0,60,60
21126,160556,0,1000,21127,0,0,60,60
21127,160557,0,1000,21128,0,0,60,60
21128,160558,0,1000,0,0,0,60,60
21129,160560,0,1000,21130,0,0,60,60
21130,160561,0,1000,21131,0,0,60,60
21131,160562,0,1000,0,0,0,60,60
21132,160540,0,3000,0,0,0,60,60
21133,160563,0,3000,21134,0,0,60,60
21134,160564,0,20000,21135,0,0,60,60
21135,160565,0,3000,21136,0,0,60,60
21136,160566,0,3000,0,0,0,60,60
21137,0,0,0,0,0,0,60,60
21138,0,0,0,0,0,0,60,60
21139,160573,0,0,21140,0,0,60,60
21140,160574,0,0,21141,0,0,60,60
21141,160575,0,0,21142,0,0,60,60
21142,160576,0,0,0,0,0,60,60
21143,160520,0,1000,21144,0,0,60,60
21144,160521,0,0,21145,0,0,60,60
21145,160578,0,1000,21146,0,0,60,60
21146,160579,0,0,0,0,0,60,60
21147,160580,0,1000,21148,0,0,60,60
21148,160581,0,1000,0,0,0,60,60
21153,160582,0,1000,0,0,0,60,60
21154,160583,0,1000,0,0,0,60,60
21155,160584,0,1000,0,0,0,60,60
21156,160585,0,0,21157,0,0,60,60
21157,160586,0,1000,21158,0,2,60,60
21158,160587,0,1000,21159,0,0,60,60
21159,160588,0,0,0,0,1,60,60
21160,160599,0,3000,21161,0,0,60,60
21161,160600,0,3000,21162,0,0,60,60
21162,160601,0,0,0,0,0,60,60
21163,158114,0,3000,21164,0,0,60,60
21164,158115,0,3000,21165,0,0,60,60
21165,158116,0,3000,21166,0,0,60,60
21166,158117,0,2000,21167,0,0,60,60
21167,158118,0,0,0,0,0,60,60
21168,0,0,5000,21133,0,0,60,60
21169,159524,0,1000,21170,0,0,60,60
21170,159525,0,1000,21171,0,0,60,60
21171,159526,0,1000,21172,0,0,60,60
21172,159527,0,10000,21173,0,0,60,60
21173,159528,0,1000,21174,0,0,60,60
21174,159529,0,1000,21175,0,0,60,60
21175,159530,0,1000,21176,0,0,60,60
21176,159531,0,1000,21177,0,0,60,60
21177,159532,0,1000,21178,0,0,60,60
21178,159533,0,1000,21179,0,0,60,60
21179,159534,0,1000,21180,0,0,60,60
21180,159535,0,0,0,0,0,60,60
21181,159537,0,1000,21182,0,0,60,60
21182,159538,0,1000,21183,0,0,60,60
21183,159539,0,1000,21184,0,0,60,60
21184,159540,0,1000,21291,0,0,60,60
21189,160608,0,0,21190,0,0,60,60
21190,160609,0,0,0,0,0,60,60
21191,0,0,3000,21189,0,0,60,60
21193,160620,0,0,0,0,0,60,60
21194,154767,0,500,21195,0,0,60,60
21195,154768,0,0,0,0,0,60,60
21196,155903,0,1000,0,0,0,60,60
21197,155686,0,1000,0,0,0,60,60
21198,160622,0,1000,0,0,0,60,60
21199,154429,0,1000,0,0,0,60,60
21200,154434,0,1000,0,0,0,60,60
21201,154307,0,1000,0,0,0,60,60
21202,154357,0,1000,0,0,0,60,60
21203,157586,0,1000,0,0,0,60,60
21204,157587,0,1000,0,0,0,60,60
21205,160625,0,0,21206,0,0,60,60
21206,160626,0,0,0,0,0,60,60
21207,160627,0,1000,21208,0,0,60,60
21208,160631,0,1000,0,0,0,60,60
21209,0,0,2000,21205,0,0,60,60
21210,160628,0,1000,21211,0,0,60,60
21211,160632,0,1000,0,0,0,60,60
21212,160629,0,1000,21213,0,0,60,60
21213,160633,0,1000,0,0,0,60,60
21214,160630,0,1000,21215,0,0,60,60
21215,160634,0,1000,0,0,0,60,60
21216,160636,0,0,21217,0,0,60,60
21217,160637,0,0,21218,0,0,60,60
21218,160638,0,1000,0,0,1,60,60
21219,157619,0,1000,0,0,0,60,60
21220,157620,0,1000,0,0,0,60,60
21221,160655,0,15000,21222,0,0,60,60
21222,160656,0,15000,21223,0,0,60,60
21223,160657,0,15000,21224,0,0,60,60
21224,160658,0,15000,0,0,0,60,60
21225,159559,0,1000,21226,0,0,60,60
21226,159560,0,1000,21227,0,0,60,60
21227,159561,0,1000,21228,0,0,60,60
21228,159563,0,10000,21229,0,0,60,60
21229,159564,0,1000,21230,0,0,60,60
21230,159565,0,10000,21231,0,0,60,60
21231,159566,0,1000,21232,0,0,60,60
21232,159567,0,1000,21233,0,0,60,60
21233,159568,0,1000,0,0,0,60,60
21234,159569,0,1000,21235,0,0,60,60
21235,159570,0,1000,21239,0,0,60,60
21236,160661,0,1000,0,0,0,60,60
21237,156026,0,1000,0,0,0,60,60
21238,156029,0,1000,0,0,0,60,60
21239,159571,0,1000,21236,0,0,60,60
21240,159557,0,1000,21241,0,0,60,60
21241,159558,0,1000,0,0,0,60,60
21242,160662,0,6000,21243,0,0,60,60
21243,160663,0,1000,0,0,0,60,60
21244,0,0,4000,21242,0,0,60,60
21245,160649,0,500,21246,0,1,60,60
21246,160650,0,3000,21247,0,0,60,60
21247,159217,0,4000,21260,0,1,60,60
21248,154473,0,1000,0,0,0,60,60
21249,160671,0,1000,0,0,0,60,60
21250,160674,0,2000,21251,0,0,60,60
21251,160849,0,0,21252,0,0,60,60
21252,160850,0,0,21354,0,0,60,60
21253,0,0,1000,21254,0,0,60,60
21254,159465,0,0,21255,0,0,60,60
21255,159468,0,0,0,0,0,60,60
21256,157015,0,0,21257,0,0,60,60
21257,157016,0,0,21258,0,0,60,60
21258,0,0,3000,21259,0,0,60,60
21259,157017,0,0,0,0,0,60,60
21260,160652,0,5000,21248,0,0,60,60
21261,157018,0,0,21262,0,0,60,60
21262,0,0,3000,21263,0,0,60,60
21263,157020,0,0,21264,0,0,60,60
21264,157019,0,0,0,0,0,60,60
21265,157551,0,1000,0,0,0,60,60
21266,157552,0,1000,0,0,0,60,60
21267,157656,0,0,21268,0,0,60,60
21268,157657,0,0,21269,0,0,60,60
21269,157658,0,0,0,0,0,60,60
21270,158598,0,1000,0,0,0,60,60
21271,158587,0,1000,0,0,0,60,60
21272,156024,0,1000,0,0,0,60,60
21273,156027,0,1000,0,0,0,60,60
21274,159610,0,1000,21275,0,0,60,60
21275,159611,0,1000,21276,0,0,60,60
21276,159612,0,1000,21277,0,0,60,60
21277,159613,0,1000,21278,0,0,60,60
21278,159614,0,1000,21279,0,0,60,60
21279,159615,0,1000,21280,0,0,60,60
21280,159616,0,1000,21281,0,0,60,60
21281,159617,0,1000,21282,0,0,60,60
21282,159618,0,0,21283,0,0,60,60
21283,160719,0,1000,21284,0,0,60,60
21284,160720,0,1000,21285,0,0,60,60
21285,160721,0,2000,21286,0,0,60,60
21286,160722,0,2000,21287,0,0,60,60
21287,160723,0,2000,21288,0,0,60,60
21288,160724,0,1000,21289,0,0,60,60
21289,160725,0,1000,21290,0,0,60,60
21290,160726,0,0,0,0,0,60,60
21291,159541,0,30000,21292,0,0,60,60
21292,159542,0,30000,21293,0,0,60,60
21293,159544,0,30000,21294,0,0,60,60
21294,159545,0,30000,21295,0,0,60,60
21295,159546,0,0,0,0,0,60,60
21296,157814,0,1000,21297,0,0,60,60
21297,157815,0,1000,21298,0,0,60,60
21298,157816,0,1000,21299,0,0,60,60
21299,157817,0,1000,21300,0,0,60,60
21300,157818,0,1000,21301,0,0,60,60
21301,157819,0,1000,0,0,0,60,60
21302,157820,0,1000,21303,0,0,60,60
21303,157821,0,1000,21304,0,0,60,60
21304,157823,0,1000,21305,0,0,60,60
21305,157824,0,1000,21306,0,0,60,60
21306,157825,0,1000,21307,0,0,60,60
21307,157826,0,1000,21308,0,0,60,60
21308,157827,0,1000,21309,0,0,60,60
21309,157828,0,1000,21310,0,0,60,60
21310,157829,0,1000,0,0,0,60,60
21311,160756,0,1000,21312,0,0,60,60
21312,160757,0,0,0,0,0,60,60
21313,157396,0,1000,21314,0,0,60,60
21314,157397,0,1000,21315,0,0,60,60
21315,157398,0,1000,21316,0,0,60,60
21316,157401,0,1000,21317,0,0,60,60
21317,157402,0,1000,21318,0,0,60,60
21318,157403,0,1000,0,0,0,60,60
21319,157404,0,1000,21320,0,0,60,60
21320,157405,0,1000,21321,0,0,60,60
21321,157406,0,1000,21322,0,0,60,60
21322,157407,0,1000,21323,0,0,60,60
21323,157408,0,1000,21324,0,0,60,60
21324,157409,0,1000,21325,0,0,60,60
21325,157410,0,1000,0,0,0,60,60
21326,160727,0,1000,21327,0,1,60,60
21327,160729,0,1000,21328,0,1,60,60
21328,160730,0,1000,21329,0,1,60,60
21329,160731,0,1000,21330,0,1,60,60
21330,160732,0,1000,21331,0,1,60,60
21331,160733,0,1000,21332,0,1,60,60
21332,160734,0,1000,21333,0,1,60,60
21333,160735,0,1000,21334,0,1,60,60
21334,160736,0,0,21335,0,2,60,60
21335,160737,0,1000,21336,0,0,60,60
21336,160741,0,1000,21337,0,1,60,60
21337,160742,0,0,21338,0,1,60,60
21338,160743,0,0,21339,0,1,60,60
21339,160744,0,2000,21340,0,1,60,60
21340,160745,0,0,21344,0,0,60,60
21341,160759,0,0,0,0,0,60,60
21343,160767,0,1000,0,0,0,60,60
21344,0,0,0,0,0,0,60,60
21345,158600,0,1000,0,0,0,60,60
21346,158589,0,1000,0,0,0,60,60
21347,159771,0,1000,21348,0,0,60,60
21348,159772,0,1000,21349,0,0,60,60
21349,159773,0,1000,0,0,0,60,60
21350,157777,0,1000,0,0,0,60,60
21351,157778,0,1000,0,0,0,60,60
21352,147496,0,1000,21353,0,0,60,60
21353,0,0,1000,0,0,0,60,60
21354,160851,0,1000,21575,0,1,60,60
21355,160791,0,0,0,0,0,60,60
21356,160796,0,0,0,0,0,60,60
21357,160571,0,0,0,0,1,60,60
21358,160572,0,0,0,0,0,60,60
21359,157779,0,1000,0,0,0,60,60
21360,157780,0,1000,0,0,0,60,60
21361,158149,0,1000,0,0,0,60,60
21362,158150,0,1000,0,0,0,60,60
21363,160393,0,0,21364,0,0,60,60
21364,160394,0,0,21365,0,0,60,60
21365,160395,0,0,0,0,0,60,60
21366,157784,0,1000,0,0,0,60,60
21367,157785,0,1000,0,0,0,60,60
21368,158153,0,1000,0,0,0,60,60
21369,158154,0,1000,0,0,0,60,60
21370,157803,0,1000,0,0,0,60,60
21371,157804,0,1000,0,0,0,60,60
21372,0,0,0,0,0,0,60,60
21373,153436,0,1000,21374,0,0,60,60
21374,153437,0,1000,21375,0,0,60,60
21375,153438,0,0,0,0,0,60,60
21382,150772,0,1000,19447,0,0,60,60
21383,0,0,0,21384,0,0,60,60
21384,0,0,0,21388,0,0,60,60
21385,0,0,0,21387,0,0,60,60
21387,0,0,0,20718,0,0,60,60
21388,0,0,0,21385,0,0,60,60
21389,0,0,1000,21383,0,0,60,60
21390,160938,0,0,19888,0,0,60,60
21391,161245,0,3000,21392,0,0,60,60
21392,161246,0,0,0,0,0,60,60
21393,0,0,3000,21391,0,0,60,60
21394,0,0,5000,21395,0,0,60,60
21395,161247,0,2000,21396,0,0,60,60
21396,161248,0,0,0,0,0,60,60
21397,161253,0,0,0,0,0,60,60
21399,161254,0,0,0,0,0,60,60
21400,161271,0,0,0,0,0,60,60
21401,161269,0,1000,21402,0,0,60,60
21402,161270,0,0,0,0,0,60,60
21403,161343,0,1000,20384,0,0,60,60
21406,161344,0,0,21407,0,0,60,60
21407,161345,0,0,0,0,0,60,60
21408,161358,0,500,21409,0,0,60,60
21409,161359,0,500,21410,0,0,60,60
21410,161360,0,500,21411,0,0,60,60
21411,161362,0,500,21412,0,0,60,60
21412,161363,0,1000,20458,0,0,60,60
21414,161373,0,2000,21415,0,0,60,60
21415,161374,0,2000,21416,0,0,60,60
21416,161375,0,0,21417,0,0,60,60
21417,161376,0,2000,21418,0,0,60,60
21418,161377,0,2000,21419,0,0,60,60
21419,161378,0,0,0,0,0,60,60
21421,154803,0,1000,0,0,1,60,60
21422,158604,0,0,0,0,0,60,60
21423,158597,0,0,0,0,0,60,60
21424,157797,0,1000,0,0,0,60,60
21425,157801,0,1000,0,0,0,60,60
21427,158155,0,1000,0,0,0,60,60
21428,157027,0,1000,0,0,0,60,60
21429,158157,0,1000,0,0,0,60,60
21430,157028,0,1000,0,0,0,60,60
21431,157781,0,1000,0,0,0,60,60
21432,157782,0,1000,0,0,0,60,60
21433,154777,0,1000,0,0,0,60,60
21434,154779,0,1000,0,0,0,60,60
21435,154851,0,1000,0,0,0,60,60
21436,154863,0,1000,0,0,0,60,60
21437,158548,0,1000,20860,0,0,60,60
21438,161517,0,0,21439,0,0,60,60
21439,161518,0,0,21440,0,0,60,60
21440,161519,0,0,21441,0,0,60,60
21441,161520,0,0,21442,0,0,60,60
21442,161521,0,0,0,0,0,60,60
21443,161566,0,1000,21444,0,0,60,60
21444,161567,0,1000,21445,0,0,60,60
21445,161568,0,1000,21446,0,0,60,60
21446,161569,0,0,0,0,0,60,60
21447,161632,0,1500,21448,0,0,60,60
21448,161633,0,1000,21449,0,0,60,60
21449,159886,0,1000,22264,0,0,60,60
21459,159001,0,0,21460,0,0,60,60
21460,159003,0,0,21461,0,0,60,60
21461,159005,0,0,21462,0,0,60,60
21462,159008,0,0,21463,0,0,60,60
21463,159009,0,0,22139,0,0,60,60
21464,160909,0,1000,21465,0,0,60,60
21465,161026,0,1000,21466,0,0,60,60
21466,161028,0,1000,21467,0,0,60,60
21467,161029,0,1000,21468,0,0,60,60
21468,161031,0,1000,21469,0,0,60,60
21469,161034,0,1000,0,0,0,60,60
21470,160912,0,0,21471,0,0,60,60
21471,160967,0,0,21472,0,0,60,60
21472,160968,0,0,21473,0,0,60,60
21473,160969,0,1000,21474,0,0,60,60
21474,160970,0,0,21475,0,0,60,60
21475,160971,0,0,21476,0,0,60,60
21476,160972,0,0,0,0,0,60,60
21477,160973,0,0,21478,0,0,60,60
21478,160974,0,0,21479,0,0,60,60
21479,160975,0,0,21480,0,0,60,60
21480,160976,0,1000,21481,0,0,60,60
21481,160977,0,0,21482,0,0,60,60
21482,160978,0,0,0,0,0,60,60
21483,160979,0,0,21484,0,0,60,60
21484,160980,0,0,21485,0,0,60,60
21485,160981,0,0,21486,0,0,60,60
21486,160982,0,1000,21487,0,0,60,60
21487,160983,0,0,21488,0,0,60,60
21488,160984,0,0,0,0,0,60,60
21489,160921,0,0,21490,0,0,60,60
21490,161039,0,0,21491,0,0,60,60
21491,161040,0,0,21492,0,0,60,60
21492,161041,0,1000,21493,0,0,60,60
21493,161042,0,0,21494,0,0,60,60
21494,161043,0,0,0,0,0,60,60
21495,160918,0,0,21496,0,0,60,60
21496,161044,0,0,21497,0,0,60,60
21497,161045,0,0,21498,0,0,60,60
21498,161046,0,1000,21499,0,0,60,60
21499,161047,0,0,21500,0,0,60,60
21500,161048,0,0,21501,0,0,60,60
21501,161049,0,0,0,0,0,60,60
21502,160924,0,0,21503,0,0,60,60
21503,161050,0,0,21504,0,0,60,60
21504,161052,0,0,21505,0,0,60,60
21505,161053,0,1000,21506,0,0,60,60
21506,161062,0,0,21507,0,0,60,60
21507,161063,0,0,0,0,0,60,60
21508,160927,0,0,21509,0,0,60,60
21509,161116,0,0,21510,0,0,60,60
21510,161120,0,0,21511,0,0,60,60
21511,161122,0,1000,21512,0,0,60,60
21512,161126,0,0,21513,0,0,60,60
21513,161128,0,0,0,0,0,60,60
21514,160931,0,0,21515,0,0,60,60
21515,160962,0,0,21516,0,0,60,60
21516,160963,0,0,21517,0,0,60,60
21517,160964,0,1000,21518,0,0,60,60
21518,160965,0,0,21519,0,0,60,60
21519,160966,0,0,0,0,0,60,60
21520,154327,0,1000,0,0,0,60,60
21521,154328,0,1000,0,0,0,60,60
21522,154454,0,1000,0,0,0,60,60
21523,154478,0,1000,0,0,0,60,60
21524,161635,0,0,0,0,0,60,60
21525,161636,0,0,0,0,0,60,60
21526,161637,0,1000,0,0,0,60,60
21527,161638,0,1000,0,0,0,60,60
21528,161639,0,0,0,0,0,60,60
21529,161640,0,0,0,0,0,60,60
21530,161641,0,0,0,0,0,60,60
21531,161642,0,0,0,0,0,60,60
21532,160501,0,1000,0,0,0,60,60
21533,0,0,3000,21414,0,0,60,60
21534,161645,0,0,0,0,1,60,60
21536,161647,0,0,21537,0,0,60,60
21537,161648,0,0,21538,0,0,60,60
21538,161649,0,0,21539,0,0,60,60
21539,161650,0,0,0,0,0,60,60
21540,161370,0,0,21541,0,0,60,60
21541,161369,0,0,0,0,0,60,60
21542,161371,0,0,0,0,0,60,60
21543,154239,0,1000,21544,0,0,60,60
21544,153952,0,1000,0,0,0,60,60
21545,154238,0,1000,21546,0,0,60,60
21546,153953,0,1000,0,0,0,60,60
21547,154237,0,1000,21548,0,0,60,60
21548,153954,0,1000,0,0,0,60,60
21549,154225,0,1000,21550,0,0,60,60
21550,153397,0,1000,0,0,0,60,60
21551,154223,0,1000,21552,0,0,60,60
21552,153380,0,1000,0,0,0,60,60
21553,154256,0,1000,21554,0,0,60,60
21554,154013,0,1000,0,0,0,60,60
21555,154255,0,1000,21556,0,0,60,60
21556,154014,0,1000,0,0,0,60,60
21557,154252,0,1000,21558,0,0,60,60
21558,154015,0,1000,0,0,0,60,60
21559,154251,0,1000,21560,0,0,60,60
21560,153401,0,1000,0,0,0,60,60
21561,154245,0,1000,21562,0,0,60,60
21562,153387,0,1000,0,0,0,60,60
21563,154217,0,0,21564,0,0,60,60
21564,149985,0,0,0,0,0,60,60
21565,154242,0,0,21566,0,0,60,60
21566,153378,0,0,0,0,0,60,60
21567,148127,0,1000,21568,0,0,60,60
21568,153380,0,1000,0,0,0,60,60
21569,154238,0,1000,21570,0,0,60,60
21570,153376,0,1000,0,0,0,60,60
21571,154244,0,0,21572,0,0,60,60
21572,154014,0,1000,0,0,0,60,60
21573,158603,0,0,0,0,0,60,60
21574,158596,0,0,0,0,0,60,60
21575,161665,0,0,0,0,0,60,60
21576,161669,0,1000,21577,0,0,60,60
21577,161670,0,1000,21578,0,0,60,60
21578,161671,0,1000,21579,0,0,60,60
21579,161672,0,1000,21580,0,0,60,60
21580,161673,0,1000,21581,0,0,60,60
21581,161674,0,0,0,0,0,60,60
21582,157262,0,1000,0,0,0,60,60
21583,157263,0,1000,0,0,0,60,60
21584,157533,0,1000,0,0,0,60,60
21585,157501,0,1000,0,0,0,60,60
21586,157532,0,1000,0,0,0,60,60
21587,157510,0,1000,0,0,0,60,60
21588,157538,0,1000,0,0,0,60,60
21589,154219,0,1000,21590,0,0,60,60
21590,157480,0,1000,0,0,0,60,60
21591,154242,0,1000,21592,0,0,60,60
21592,157532,0,1000,0,0,0,60,60
21593,155906,0,1000,21594,0,0,60,60
21594,156720,0,1000,0,0,0,60,60
21595,154237,0,1000,21596,0,0,60,60
21596,157482,0,1000,0,0,0,60,60
21597,154251,0,1000,21598,0,0,60,60
21598,157483,0,1000,0,0,0,60,60
21599,154223,0,1000,21600,0,0,60,60
21600,157281,0,1000,0,0,0,60,60
21601,154255,0,1000,21602,0,0,60,60
21602,157282,0,1000,0,0,0,60,60
21603,156642,0,1000,21604,0,0,60,60
21604,156635,0,1000,0,0,0,60,60
21605,156643,0,1000,21606,0,0,60,60
21606,156637,0,1000,0,0,0,60,60
21607,156030,0,1000,0,0,0,60,60
21608,156023,0,1000,0,0,0,60,60
21609,161686,0,1000,21610,0,0,60,60
21610,161687,0,2000,21611,0,0,60,60
21611,161688,0,1000,21612,0,0,60,60
21612,161689,0,2000,21614,0,0,60,60
21613,161690,0,0,21615,0,0,60,60
21614,0,0,0,21613,0,0,60,60
21615,0,0,0,0,0,0,60,60
21616,161698,0,1000,21617,0,0,60,60
21617,161699,0,1000,21618,0,0,60,60
21618,161701,0,1000,21619,0,0,60,60
21619,161702,0,1000,0,0,0,60,60
21620,161704,0,2000,21621,0,0,60,60
21621,161706,0,4000,21622,0,0,60,60
21622,161707,0,1000,21623,0,0,60,60
21623,161708,0,0,0,0,0,60,60
21624,158489,0,2000,21625,0,0,60,60
21625,158490,0,2000,21626,0,0,60,60
21626,158491,0,1000,0,0,0,60,60
21627,158492,0,2000,21628,0,0,60,60
21628,158493,0,2000,21629,0,0,60,60
21629,158494,0,2000,21630,0,0,60,60
21630,158495,0,1000,0,0,0,60,60
21631,158496,0,3000,21632,0,0,60,60
21632,158497,0,4000,21633,0,0,60,60
21633,158498,0,1000,0,0,0,60,60
21634,146005,0,0,21635,0,0,60,60
21635,161200,0,1000,21636,0,0,60,60
21636,161201,0,0,21637,0,0,60,60
21637,161203,0,0,21638,0,0,60,60
21638,161205,0,0,21639,0,0,60,60
21639,161207,0,0,21640,0,0,60,60
21640,161208,0,0,21641,0,0,60,60
21641,161210,0,0,21642,0,0,60,60
21642,161211,0,0,21643,0,0,60,60
21643,161214,0,0,21644,0,0,60,60
21644,161215,0,0,21645,0,0,60,60
21645,161217,0,0,21646,0,0,60,60
21646,161218,0,0,21647,0,0,60,60
21647,161219,0,0,21648,0,0,60,60
21648,161220,0,0,21649,0,0,60,60
21649,161221,0,0,21650,0,0,60,60
21650,161222,0,0,21651,0,0,60,60
21651,161223,0,0,21652,0,0,60,60
21652,161224,0,0,21653,0,0,60,60
21653,161225,0,0,21654,0,0,60,60
21654,150119,0,0,21655,0,0,60,60
21655,161226,0,0,21656,0,0,60,60
21656,161227,0,0,21657,0,0,60,60
21657,161228,0,0,21658,0,0,60,60
21658,161229,0,0,21659,0,0,60,60
21659,161231,0,0,21660,0,0,60,60
21660,161234,0,0,21661,0,0,60,60
21661,161236,0,0,21662,0,0,60,60
21662,150125,0,0,21663,0,0,60,60
21663,161237,0,0,21664,0,0,60,60
21664,161412,0,0,21665,0,0,60,60
21665,150127,0,0,0,0,0,60,60
21666,161715,0,3000,0,0,0,60,60
21667,161717,0,1000,0,0,0,60,60
21669,155735,0,1000,0,0,0,60,60
21670,155737,0,1000,0,0,0,60,60
21671,155688,0,1000,0,0,0,60,60
21672,155911,0,1000,0,0,0,60,60
21675,161743,0,1000,0,0,0,60,60
21676,161753,0,0,0,0,0,60,60
21684,133305,0,1000,0,0,0,60,60
21685,161782,0,1000,21686,0,0,60,60
21686,161783,0,1000,21687,0,0,60,60
21687,161784,0,1000,21688,0,0,60,60
21688,161785,0,1000,21689,0,0,60,60
21689,161786,0,1000,21691,0,0,60,60
21691,161788,0,0,0,0,1,60,60
21698,161790,0,1000,21699,0,0,60,60
21699,161791,0,1000,21700,0,0,60,60
21700,161792,0,1000,21701,0,0,60,60
21701,161793,0,1000,21702,0,0,60,60
21702,161794,0,1000,21703,0,0,60,60
21703,161795,0,1000,21704,0,0,60,60
21704,161796,0,0,21705,0,0,60,60
21705,161797,0,1000,21706,0,0,60,60
21706,161798,0,1000,21707,0,0,60,60
21707,161799,0,1000,21708,0,0,60,60
21708,161800,0,1000,21709,0,0,60,60
21709,161801,0,1000,0,0,0,60,60
21710,112973,0,0,21711,0,0,60,60
21711,124830,0,0,7384,0,0,60,60
21717,161813,0,1000,21718,0,0,60,60
21718,161814,0,1000,21719,0,0,60,60
21719,161815,0,0,0,0,0,60,60
21720,160647,0,0,0,0,0,60,60
21721,0,0,3000,15200,0,0,60,60
21722,161821,0,1000,21723,0,0,60,60
21723,161822,0,1000,21724,0,0,60,60
21724,161823,0,0,0,0,0,60,60
21725,161824,0,1000,21726,0,0,60,60
21726,161825,0,1000,21727,0,0,60,60
21727,161826,0,1000,0,0,0,60,60
21729,161827,0,1000,21730,0,0,60,60
21730,161828,0,1000,21731,0,0,60,60
21731,161829,0,0,0,0,0,60,60
21732,161830,0,1000,21733,0,0,60,60
21733,161831,0,0,0,0,0,60,60
21734,152946,0,1000,21735,0,0,60,60
21735,152947,0,1000,21736,0,0,60,60
21736,152950,0,1000,21737,0,0,60,60
21737,152951,0,1000,21738,0,0,60,60
21738,152952,0,1000,21739,0,0,60,60
21739,149535,0,1000,0,0,0,60,60
21740,152938,0,1000,0,0,0,60,60
21742,161835,0,1000,21743,0,0,60,60
21743,161836,0,1000,21744,0,0,60,60
21744,161837,0,0,0,0,0,60,60
21745,161838,0,1000,21746,0,0,60,60
21746,161839,0,1000,21747,0,0,60,60
21747,161840,0,1000,21748,0,0,60,60
21748,161841,0,0,0,0,0,60,60
21749,161847,0,1000,21750,0,0,60,60
21750,161848,0,1000,21751,0,0,60,60
21751,161850,0,1000,21752,0,0,60,60
21752,161851,0,1000,21753,0,0,60,60
21753,161852,0,1000,21754,0,0,60,60
21754,161853,0,1000,21755,0,0,60,60
21755,161854,0,1000,21756,0,0,60,60
21756,161855,0,1000,21758,0,0,60,60
21758,161856,0,1000,21759,0,0,60,60
21759,161857,0,1000,21760,0,0,60,60
21760,161858,0,1000,21761,0,0,60,60
21761,0,0,1000,21762,0,0,60,60
21762,161859,0,1000,21763,0,0,60,60
21763,161860,0,1000,21764,0,0,60,60
21764,161861,0,1000,22001,0,0,60,60
21765,161865,0,0,21766,0,0,60,60
21766,161866,0,0,21767,0,0,60,60
21767,161867,0,0,21769,0,0,60,60
21768,0,0,0,0,0,0,60,60
21769,161868,0,0,21768,0,0,60,60
21770,0,0,2000,21765,0,0,60,60
21771,140535,0,1000,21772,0,1,60,60
21772,140546,0,1000,21773,0,1,60,60
21773,140529,0,1000,0,0,1,60,60
21774,153739,0,1000,21775,0,0,60,60
21775,153740,0,0,21776,0,0,60,60
21776,153741,0,-1000,21777,0,0,60,60
21777,153742,0,0,21778,0,0,60,60
21778,153743,0,0,21779,0,0,60,60
21779,153744,0,0,21780,0,0,60,60
21780,153745,0,0,0,0,0,60,60
21781,0,0,6000,21774,0,0,60,60
21782,161884,0,1000,0,0,0,60,60
21783,127576,0,1000,0,0,0,60,60
21784,161883,0,1000,0,0,0,60,60
21785,161882,0,1000,0,0,0,60,60
21786,161881,0,1000,0,0,0,60,60
21787,161880,0,1000,0,0,0,60,60
21788,161877,0,1000,0,0,0,60,60
21789,161878,0,1000,0,0,0,60,60
21790,161876,0,1000,0,0,0,60,60
21791,161874,0,1000,0,0,0,60,60
21792,161873,0,1000,0,0,0,60,60
21793,161875,0,1000,0,0,0,60,60
21794,156033,0,1000,21795,0,0,60,60
21795,156034,0,1000,21797,0,0,60,60
21797,122557,0,1000,13124,0,0,60,60
21799,0,0,0,0,0,0,60,60
21800,140539,0,1000,21801,0,1,60,60
21801,140553,0,1000,0,0,1,60,60
21802,140517,0,1000,21800,0,1,60,60
21803,156528,0,1000,21804,0,0,60,60
21804,141611,0,0,21805,0,0,60,60
21805,136818,0,0,0,0,0,60,60
21806,159797,0,1000,21807,0,0,60,60
21807,159814,0,500,0,0,0,60,60
21808,140517,0,1000,21810,0,1,60,60
21809,140539,0,1000,21808,0,1,60,60
21810,140553,0,1000,0,0,1,60,60
21811,140553,0,1000,21812,0,1,60,60
21812,140517,0,1000,21813,0,1,60,60
21813,140539,0,1000,0,0,1,60,60
21814,131897,0,1000,0,0,0,60,60
21820,0,0,15000,21821,0,0,60,60
21821,161895,0,2000,21822,0,0,60,60
21822,161896,0,2000,21823,0,0,60,60
21823,161897,0,2000,0,0,0,60,60
21824,0,0,10000,21825,0,0,60,60
21825,161898,0,2000,21826,0,0,60,60
21826,161899,0,2000,0,0,0,60,60
21827,157350,0,15000,21828,0,0,60,60
21828,161891,0,2000,21829,0,0,60,60
21829,161892,0,2000,21830,0,0,60,60
21830,161893,0,2000,19734,0,0,60,60
21831,0,0,2000,21832,0,0,60,60
21832,161900,0,0,0,0,0,60,60
21833,0,0,2000,21834,0,0,60,60
21834,161902,0,0,0,0,0,60,60
21835,161903,0,0,0,0,0,60,60
21836,156215,0,1000,21837,0,0,60,60
21837,156216,0,1000,21838,0,0,60,60
21838,156217,0,1000,21839,0,0,60,60
21839,156218,0,1000,21840,0,0,60,60
21840,156219,0,1000,21841,0,0,60,60
21841,156220,0,1000,21842,0,0,60,60
21842,156221,0,1000,21843,0,0,60,60
21843,156222,0,0,21844,0,0,60,60
21844,156223,0,0,0,0,0,60,60
21845,158529,0,0,21846,0,1,60,60
21846,158530,0,0,21847,0,1,60,60
21847,158531,0,0,21848,0,1,60,60
21848,158532,0,0,21849,0,1,60,60
21849,158533,0,0,21850,0,1,60,60
21850,158534,0,0,0,0,1,60,60
21851,161908,0,1000,21852,0,0,60,60
21852,161920,0,1000,21853,0,0,60,60
21853,161909,0,1000,21854,0,0,60,60
21854,161910,0,0,0,0,0,60,60
21857,154610,0,0,21858,0,0,60,60
21858,154611,0,0,21859,0,0,60,60
21859,154612,0,0,0,0,0,60,60
21866,154522,0,0,21867,0,0,60,60
21867,154523,0,0,21868,0,0,60,60
21868,154524,0,0,12778,0,0,60,60
21869,154530,0,1000,21870,0,0,60,60
21870,154531,0,1000,21871,0,0,60,60
21871,154532,0,1000,21872,0,0,60,60
21872,154533,0,0,0,0,0,60,60
21873,159418,0,1000,21874,0,0,60,60
21874,161871,0,1000,21875,0,0,60,60
21875,161872,0,1000,21876,0,0,60,60
21876,159419,0,0,0,0,0,60,60
21877,0,0,1500,21878,0,0,60,60
21878,159756,0,0,0,0,0,60,60
21879,159422,0,1000,21880,0,0,60,60
21880,159423,0,1000,21881,0,0,60,60
21881,159424,0,1000,21882,0,0,60,60
21882,159425,0,0,0,0,0,60,60
21883,158989,0,0,21884,0,0,60,60
21884,158990,0,0,21885,0,0,60,60
21885,158991,0,0,21886,0,0,60,60
21886,158996,0,0,21887,0,0,60,60
21887,158999,0,0,0,0,0,60,60
21888,161399,0,1000,21889,0,0,60,60
21889,161402,0,1000,21890,0,0,60,60
21890,161405,0,1000,21891,0,0,60,60
21891,161406,0,1000,21892,0,0,60,60
21892,159625,0,1000,21893,0,0,60,60
21893,161411,0,1000,21894,0,0,60,60
21894,159626,0,0,0,0,0,60,60
21895,154570,0,1000,21896,0,0,60,60
21896,154574,0,1000,21897,0,0,60,60
21897,154578,0,1000,21898,0,0,60,60
21898,154583,0,1000,21899,0,0,60,60
21899,154586,0,1000,21900,0,0,60,60
21900,154585,0,1000,21901,0,0,60,60
21901,154588,0,1000,21902,0,0,60,60
21902,154589,0,1000,21903,0,0,60,60
21903,154591,0,0,0,0,0,60,60
21904,158259,0,1000,21905,0,0,60,60
21905,162000,0,1000,21906,0,0,60,60
21906,162001,0,1000,21912,0,0,60,60
21907,162003,0,1000,21908,0,0,60,60
21908,162004,0,1000,21909,0,0,60,60
21909,162005,0,1000,20277,0,0,60,60
21910,162007,0,1000,0,0,0,60,60
21911,0,0,0,21910,0,0,60,60
21912,162002,0,1000,21913,0,0,60,60
21913,0,0,0,21907,0,0,60,60
21916,162015,0,1000,21917,0,0,60,60
21917,161925,0,5000,0,0,0,60,60
21920,162017,0,1000,0,0,0,60,60
21922,0,0,3000,21916,0,0,60,60
21923,160655,0,0,21924,0,0,60,60
21924,162029,0,0,0,0,0,60,60
21925,160655,0,0,21926,0,0,60,60
21926,162032,0,0,0,0,0,60,60
21927,161926,0,1000,0,0,0,60,60
21928,0,0,4000,21920,0,0,60,60
21929,154356,0,1000,0,0,0,60,60
21930,154308,0,1000,0,0,0,60,60
21931,154471,0,1000,0,0,0,60,60
21932,154470,0,1000,0,0,0,60,60
21937,157920,0,1000,0,0,0,60,60
21938,154343,0,1000,0,0,0,60,60
21939,154344,0,1000,0,0,0,60,60
21940,161959,0,1000,0,1523,1,60,60
21941,148192,0,500,12330,0,1,60,60
21942,148195,0,0,0,0,1,60,60
21943,0,0,0,20028,0,0,60,60
21944,156725,0,1000,21945,0,0,60,60
21945,156724,0,1000,21946,0,0,60,60
21946,156728,0,1000,21947,0,0,60,60
21947,156729,0,1000,21948,0,0,60,60
21948,157150,0,1000,21949,0,0,60,60
21949,157151,0,4000,21950,0,0,60,60
21950,156831,0,1000,21951,0,0,60,60
21951,156732,0,1000,21952,0,0,60,60
21952,156830,0,1000,21953,0,0,60,60
21953,156832,0,1000,21954,0,0,60,60
21954,0,0,0,21955,0,0,60,60
21955,156833,0,4000,21956,0,0,60,60
21956,0,0,0,21957,0,0,60,60
21957,157228,0,0,21958,0,0,60,60
21958,157229,0,0,0,0,0,60,60
21959,159699,0,0,0,0,0,60,60
21960,154436,0,1000,0,0,0,60,60
21961,154439,0,1000,0,0,0,60,60
21962,139389,0,2000,21963,0,0,60,60
21963,139390,0,2000,0,0,0,60,60
21969,162116,0,1000,21970,0,0,60,60
21970,162117,0,1000,0,0,0,60,60
21971,157931,0,500,21972,0,0,60,60
21972,157932,0,500,21973,0,0,60,60
21973,0,0,0,21974,0,0,60,60
21974,0,0,0,21975,0,0,60,60
21975,157933,0,2000,21976,0,0,60,60
21976,0,0,0,21977,0,0,60,60
21977,0,0,0,21978,0,0,60,60
21978,0,0,0,21979,0,0,60,60
21979,157934,0,1000,21980,0,0,60,60
21980,157935,0,1000,21981,0,0,60,60
21981,157936,0,1000,21982,0,0,60,60
21982,157937,0,1000,21983,0,0,60,60
21983,157939,0,1000,21984,0,0,60,60
21984,157940,0,1000,21985,0,0,60,60
21985,157941,0,1000,21986,0,0,60,60
21986,0,0,0,21987,0,0,60,60
21987,0,0,0,21988,0,0,60,60
21988,0,0,0,21989,0,0,60,60
21989,157942,0,3000,21990,0,0,60,60
21990,0,0,0,21991,0,0,60,60
21991,157943,0,0,21992,0,0,60,60
21992,157945,0,0,21993,0,0,60,60
21993,157946,0,0,21994,0,0,60,60
21994,157947,0,1000,0,0,0,60,60
21995,162118,0,1000,21996,0,0,60,60
21996,162119,0,1000,0,0,0,60,60
21997,139065,0,1000,21998,0,0,60,60
21998,140002,0,1000,0,0,0,60,60
21999,139078,0,1000,22000,0,0,60,60
22000,140424,0,1000,0,0,0,60,60
22001,0,0,0,0,0,0,60,60
22002,157235,0,0,22003,0,1,60,60
22003,0,0,0,22004,0,0,60,60
22004,0,0,0,22005,0,0,60,60
22005,0,0,0,22006,0,0,60,60
22006,157236,0,0,22007,0,0,60,60
22007,157238,0,0,22008,0,0,60,60
22008,157237,0,0,22009,0,0,60,60
22009,0,0,0,22010,0,0,60,60
22010,0,0,0,22011,0,0,60,60
22011,0,0,0,22012,0,0,60,60
22012,157239,0,0,22013,0,0,60,60
22013,157240,0,0,22014,0,0,60,60
22014,157241,0,0,22015,0,0,60,60
22015,157245,0,0,22016,0,0,60,60
22016,157247,0,0,22017,0,0,60,60
22017,157246,0,0,22018,0,0,60,60
22018,157248,0,0,22019,0,0,60,60
22019,157242,0,6000,22020,0,1,60,60
22020,157243,0,2000,22021,0,0,60,60
22021,157244,0,0,22022,0,0,60,60
22022,0,0,0,22023,0,0,60,60
22023,0,0,0,22024,0,0,60,60
22024,0,0,4000,22025,0,0,60,60
22025,0,0,0,22026,0,0,60,60
22026,157249,0,0,22027,0,0,60,60
22027,157250,0,0,22028,0,0,60,60
22028,157253,0,0,22029,0,0,60,60
22029,157254,0,1000,22030,0,0,60,60
22030,157256,0,1000,22031,0,0,60,60
22031,0,0,0,22032,0,0,60,60
22032,157257,0,1000,22033,0,0,60,60
22033,0,0,0,22034,0,0,60,60
22034,0,0,0,22035,0,0,60,60
22035,0,0,0,0,0,0,60,60
22036,161467,0,1000,0,0,0,60,60
22037,156807,0,1000,22038,0,0,60,60
22038,156808,0,1000,22039,0,0,60,60
22039,157270,0,0,22040,0,0,60,60
22040,156809,0,1000,22041,0,0,60,60
22041,156810,0,1000,22042,0,0,60,60
22042,156811,0,1000,22043,0,0,60,60
22043,156815,0,1000,22044,0,0,60,60
22044,156967,0,0,22045,0,0,60,60
22045,156968,0,1000,22046,0,0,60,60
22046,156813,0,1000,22047,0,0,60,60
22047,156812,0,1000,22048,0,0,60,60
22048,156816,0,1000,22049,0,0,60,60
22049,0,0,0,22050,0,0,60,60
22050,0,0,0,22051,0,0,60,60
22051,156814,0,1000,0,0,0,60,60
22052,156573,0,1000,22053,0,0,60,60
22053,156575,0,1000,22054,0,0,60,60
22054,156779,0,4000,22055,0,0,60,60
22055,156780,0,0,22056,0,0,60,60
22056,156781,0,1000,22057,0,0,60,60
22057,156782,0,-2000,22058,0,0,60,60
22058,0,0,6000,22059,0,0,60,60
22059,0,0,0,22060,0,0,60,60
22060,156783,0,0,0,0,0,60,60
22061,157449,0,2000,22062,0,0,60,60
22062,157458,0,0,0,0,0,60,60
22063,0,0,2000,13559,0,0,60,60
22067,0,0,14000,19932,0,0,60,60
22068,156224,0,1000,22069,0,0,60,60
22069,156225,0,1000,22070,0,0,60,60
22070,156226,0,1000,22071,0,0,60,60
22071,156227,0,1000,0,0,0,60,60
22073,159443,0,0,0,0,0,60,60
22074,157506,0,1000,22075,0,0,60,60
22075,157507,0,0,0,0,0,60,60
22076,157522,0,1000,22077,0,0,60,60
22077,157523,0,0,0,0,0,60,60
22078,157528,0,1000,22079,0,0,60,60
22079,157529,0,0,0,0,0,60,60
22080,160539,0,0,0,0,0,60,60
22081,150747,0,1000,22086,0,0,60,60
22082,150746,0,1000,22083,0,0,60,60
22083,150748,0,1000,22084,0,0,60,60
22084,150749,0,1000,0,0,0,60,60
22085,150746,0,1000,22081,0,0,60,60
22086,150749,0,1000,0,0,0,60,60
22087,150025,0,0,0,0,1,60,60
22088,156333,0,1000,0,0,0,60,60
22089,156334,0,1000,0,0,0,60,60
22090,150010,0,0,0,0,1,60,60
22091,155903,0,0,0,0,0,60,60
22092,155686,0,0,0,0,0,60,60
22093,154507,0,1000,22094,0,0,60,60
22094,154508,0,0,0,0,0,60,60
22095,154509,0,1000,22096,0,0,60,60
22096,154510,0,0,0,0,0,60,60
22097,156228,0,1000,22098,0,0,60,60
22098,156229,0,0,0,0,0,60,60
22099,156230,0,1000,22100,0,0,60,60
22100,156231,0,0,0,0,0,60,60
22101,0,0,0,0,0,0,60,60
22102,153991,0,1000,22103,0,0,60,60
22103,153993,0,1000,22104,0,0,60,60
22104,153994,0,1000,22105,0,0,60,60
22105,151949,0,1000,22106,0,0,60,60
22106,151950,0,1000,0,0,0,60,60
22107,153992,0,1000,22110,0,0,60,60
22110,151951,0,1000,22111,0,0,60,60
22111,151952,0,1000,0,0,0,60,60
22112,153996,0,1000,22115,0,0,60,60
22113,151953,0,1000,22114,0,0,60,60
22114,151954,0,1000,0,0,0,60,60
22115,153997,0,1000,22113,0,0,60,60
22116,153999,0,1000,22117,0,0,60,60
22117,151958,0,1000,0,0,0,60,60
22119,154004,0,1000,0,0,0,60,60
22122,148199,0,1000,0,16684,1,60,60
22125,148202,0,1000,0,16684,1,60,60
22126,0,0,5000,17690,0,0,60,60
22127,157206,0,1000,22128,0,0,60,60
22128,157214,0,0,0,0,0,60,60
22129,0,0,0,22130,0,0,60,60
22130,154522,0,0,22131,0,0,60,60
22131,154523,0,0,22132,0,0,60,60
22132,154524,0,0,22133,0,0,60,60
22133,0,0,0,0,0,0,60,60
22134,154522,0,1000,22135,0,0,60,60
22135,154523,0,1000,22136,0,0,60,60
22136,154524,0,1000,21869,0,0,60,60
22137,160861,0,1000,0,0,0,60,60
22138,160862,0,1000,22246,16700,0,60,60
22139,0,0,0,0,0,0,60,60
22140,161709,0,1800,22141,0,0,60,60
22141,161710,0,0,0,0,0,60,60
22142,161711,0,2750,22143,0,0,60,60
22143,161712,0,0,0,0,0,60,60
22144,161713,0,1400,22145,0,0,60,60
22145,161714,0,0,0,0,0,60,60
22146,158540,0,500,21072,0,0,60,60
22147,0,0,0,20863,0,0,60,60
22150,148872,0,1000,0,0,0,60,60
22151,156756,0,4000,22152,0,0,60,60
22152,161695,0,3500,22153,0,0,60,60
22153,161696,0,0,0,0,0,60,60
22154,161705,0,2250,22155,0,0,60,60
22155,161694,0,2500,22156,0,0,60,60
22156,161703,0,0,0,0,0,60,60
22157,161692,0,4300,22158,0,0,60,60
22158,161693,0,2000,22159,0,0,60,60
22159,161697,0,0,0,0,0,60,60
22160,161691,0,0,0,0,0,60,60
22161,161700,0,0,22162,0,0,60,60
22162,0,0,12000,22160,0,0,60,60
22163,157287,0,1000,22164,0,0,60,60
22164,157288,0,2000,22165,0,0,60,60
22165,157289,0,2000,22166,0,0,60,60
22166,157290,0,2000,22167,0,0,60,60
22167,157291,0,4000,22168,0,0,60,60
22168,157627,0,3000,22169,0,0,60,60
22169,157292,0,2000,22170,0,0,60,60
22170,157293,0,2000,22171,0,0,60,60
22171,157628,0,2000,22186,0,0,60,60
22172,157630,0,2000,22173,0,0,60,60
22173,157631,0,2000,22174,0,0,60,60
22174,157632,0,1000,22175,0,0,60,60
22175,157633,0,1000,22176,0,0,60,60
22176,157634,0,1000,22177,0,0,60,60
22177,157635,0,1000,22178,0,0,60,60
22178,157636,0,2000,22179,0,0,60,60
22179,157638,0,1000,22181,0,0,60,60
22181,157639,0,1000,22182,0,0,60,60
22182,157640,0,1000,22183,0,0,60,60
22183,157641,0,2000,22184,0,0,60,60
22184,157643,0,1000,22185,0,0,60,60
22185,157644,0,1000,0,0,0,60,60
22186,157629,0,1000,0,0,0,60,60
22187,131893,0,1000,21814,0,0,60,60
22188,0,0,0,22189,0,0,60,60
22189,0,0,0,20859,0,0,60,60
22190,0,0,0,22191,0,0,60,60
22191,0,0,0,0,0,0,60,60
22192,158657,0,1000,22194,0,0,60,60
22193,160173,0,0,0,0,0,60,60
22194,159509,0,1000,22193,0,0,60,60
22197,158655,0,500,0,0,0,60,60
22198,0,0,0,20963,0,0,60,60
22199,0,0,0,21616,0,0,60,60
22200,0,0,6000,15628,0,0,60,60
22201,155318,0,0,0,0,0,60,60
22202,155505,0,0,0,0,0,60,60
22203,155873,0,1000,0,0,0,60,60
22204,155870,0,1000,0,0,0,60,60
22205,155681,0,1000,0,0,0,60,60
22206,155683,0,1000,0,0,0,60,60
22207,155106,0,1000,0,0,0,60,60
22208,155105,0,1000,0,0,0,60,60
22209,155982,0,1000,0,0,0,60,60
22210,155983,0,1000,0,0,0,60,60
22211,155984,0,1000,0,0,0,60,60
22212,155986,0,1000,0,0,0,60,60
22213,154179,0,1000,0,0,0,60,60
22214,154180,0,1000,0,0,0,60,60
22215,156354,0,1000,0,0,0,60,60
22216,156355,0,1000,0,0,0,60,60
22217,155788,0,1000,0,0,0,60,60
22218,155789,0,1000,0,0,0,60,60
22219,157753,0,1000,0,0,0,60,60
22220,157754,0,1000,0,0,0,60,60
22221,154161,0,1000,0,0,0,60,60
22222,154164,0,1000,0,0,0,60,60
22223,154174,0,1000,0,0,0,60,60
22224,154172,0,1000,0,0,0,60,60
22225,154173,0,1000,0,0,0,60,60
22226,155212,0,1000,0,0,0,60,60
22227,155215,0,1000,0,0,0,60,60
22228,155213,0,1000,0,0,0,60,60
22229,155214,0,1000,0,0,0,60,60
22230,0,0,0,0,0,0,60,60
22231,155319,0,1000,0,0,0,60,60
22232,160237,0,0,22233,0,0,60,60
22233,160238,0,0,22240,0,0,60,60
22236,0,0,1000,22237,0,0,60,60
22237,160606,0,0,22238,0,0,60,60
22238,160607,0,0,0,0,0,60,60
22240,160239,0,0,0,0,0,60,60
22241,0,0,6500,21101,0,0,60,60
22242,158416,0,2000,0,0,0,60,60
22243,150279,0,500,22244,12868,1,60,60
22244,154919,0,500,22245,16684,1,60,60
22245,150283,0,0,0,0,1,60,60
22246,161652,0,1000,0,16700,0,60,60
22247,149639,0,1000,22248,0,0,60,60
22248,149641,0,1000,22249,0,0,60,60
22249,149642,0,3000,22250,0,0,60,60
22250,149644,0,500,22251,0,0,60,60
22251,149645,0,1000,0,0,0,60,60
22252,140363,0,2000,22253,0,0,60,60
22253,140364,0,4000,22254,0,0,60,60
22254,150741,0,2100,22255,0,0,60,60
22255,150742,0,2000,22256,0,0,60,60
22256,150743,0,4000,22257,0,0,60,60
22257,150744,0,2000,0,0,0,60,60
22261,136799,0,1000,22262,0,0,60,60
22262,136800,0,1000,22263,0,0,60,60
22263,136806,0,1000,0,0,0,60,60
22264,0,0,2000,0,0,0,60,60
22274,158562,0,1000,22275,0,0,60,60
22275,158554,0,0,22276,0,0,60,60
22276,158555,0,2000,22277,0,0,60,60
22277,0,0,0,22278,0,0,60,60
22278,158557,0,0,22279,0,0,60,60
22279,0,0,0,22280,0,0,60,60
22280,158558,0,0,22281,0,0,60,60
22281,158559,0,500,22282,0,0,60,60
22282,0,0,0,22283,0,0,60,60
22283,158560,0,4000,22284,0,0,60,60
22284,0,0,0,22285,0,0,60,60
22285,158561,0,0,0,0,0,60,60
22286,161632,0,1500,22287,0,0,60,60
22287,161633,0,1000,22288,0,0,60,60
22288,159886,0,1000,22289,0,0,60,60
22289,0,0,2000,22290,0,0,60,60
22290,158562,0,0,22291,0,0,60,60
22291,158554,0,0,22292,0,0,60,60
22292,158555,0,0,22293,0,0,60,60
22293,0,0,2000,22294,0,0,60,60
22294,158557,0,0,22295,0,0,60,60
22295,0,0,2000,22296,0,0,60,60
22296,158558,0,0,22297,0,0,60,60
22297,158559,0,500,22298,0,0,60,60
22298,0,0,2000,22299,0,0,60,60
22299,158560,0,4000,22300,0,0,60,60
22300,0,0,2000,22301,0,0,60,60
22301,158561,0,0,0,0,0,60,60
22302,158562,0,1000,22303,0,0,60,60
22303,158554,0,0,22304,0,0,60,60
22304,158555,0,0,22305,0,0,60,60
22305,158557,0,0,22306,0,0,60,60
22306,158558,0,1000,22307,0,0,60,60
22307,158559,0,0,22308,0,0,60,60
22308,158560,0,4000,22309,0,0,60,60
22309,158561,0,0,0,0,0,60,60
22310,162202,0,1000,22311,0,0,60,60
22311,162203,0,1000,22312,0,0,60,60
22312,162204,0,1000,0,0,0,60,60
22318,131327,0,0,22319,0,0,60,60
22319,131325,0,0,22320,0,0,60,60
22320,132931,0,0,22321,0,0,60,60
22321,132932,0,0,22322,0,0,60,60
22322,146110,0,0,0,0,0,60,60
22323,155686,0,0,0,0,0,60,60
22361,162306,0,1000,0,0,0,60,60
22362,162307,0,1000,0,0,0,60,60
22363,162352,0,1000,0,16091,0,60,60
22365,162379,0,3000,0,16091,0,60,60
22366,162355,0,3000,0,16091,0,60,60
22367,162356,0,3000,0,16091,0,60,60
22368,162357,0,3000,0,16091,0,60,60
22369,162358,0,3000,0,16091,0,60,60
22370,162359,0,3000,22371,16091,0,60,60
22371,162360,0,3000,0,0,0,60,60
22372,162365,0,3000,0,16091,0,60,60
22373,162366,0,3000,0,16091,0,60,60
22374,162367,0,3000,0,16091,0,60,60
22375,162368,0,3000,0,16091,0,60,60
22376,162369,0,3000,0,16091,0,60,60
22377,162370,0,3000,0,16091,0,60,60
22378,162363,0,3000,0,16091,0,60,60
22379,162362,0,3000,0,16091,0,60,60
22380,162364,0,3000,0,16091,0,60,60
22381,162361,0,3000,0,16091,0,60,60
22382,162371,0,3000,22383,16091,0,60,60
22383,162372,0,3000,0,0,0,60,60
22384,162373,0,3000,0,16091,0,60,60
22385,162374,0,3000,0,16091,0,60,60
22386,162375,0,3000,0,16091,0,60,60
22387,165630,0,4000,23119,0,0,60,60
22391,162380,0,3000,22392,0,0,60,60
22392,162381,0,3000,0,16091,0,60,60
22393,164346,0,1000,0,0,0,60,60
22394,162384,0,1000,0,0,0,60,60
22399,162400,0,1000,22400,0,0,60,60
22400,162401,0,1000,0,0,0,60,60
22401,162453,0,1000,0,0,0,60,60
22402,162454,0,1000,0,0,0,60,60
22403,162455,0,1000,22404,0,0,60,60
22404,162462,0,1000,0,0,0,60,60
22405,162455,0,1000,22406,0,0,60,60
22406,162469,0,1000,0,0,0,60,60
22407,162460,0,1000,0,0,0,60,60
22408,162461,0,1000,0,0,0,60,60
22409,162467,0,1000,0,0,0,60,60
22410,162468,0,1000,0,0,0,60,60
22411,162433,0,1000,0,0,0,60,60
22412,162435,0,1000,0,0,0,60,60
22413,162436,0,1000,0,0,0,60,60
22414,162441,0,1000,0,0,0,60,60
22415,162442,0,1000,0,0,0,60,60
22416,162447,0,1000,0,0,0,60,60
22417,162448,0,1000,0,0,0,60,60
22418,162502,0,1000,0,0,1,60,60
22476,162582,0,1000,0,0,0,60,60
22477,162583,0,1000,0,0,0,60,60
22478,162589,0,1000,0,0,0,60,60
22495,162590,0,1000,0,0,0,60,60
22496,162609,0,2000,22497,0,0,60,60
22497,162610,0,3000,22498,0,0,60,60
22498,162611,0,2000,0,0,0,60,60
22499,162612,0,2000,22500,0,0,60,60
22500,162613,0,2000,0,0,0,60,60
22501,162614,0,3000,22502,0,0,60,60
22502,162615,0,3000,22734,0,0,60,60
22504,162619,0,1000,22506,0,0,60,60
22506,162621,0,1000,22508,0,0,60,60
22508,162623,0,1000,0,0,0,60,60
22512,162657,0,0,22513,0,0,60,60
22513,162658,0,0,22514,0,0,60,60
22514,162659,0,0,0,0,0,60,60
22528,162703,0,2000,22529,0,0,60,60
22529,162704,0,1000,22530,0,0,60,60
22530,162705,0,2000,0,0,0,60,60
22531,162722,0,2000,22532,0,0,60,60
22532,162723,0,1000,22533,0,0,60,60
22533,162724,0,2000,22534,0,0,60,60
22534,162725,0,1000,0,0,0,60,60
22535,162770,0,1000,22536,0,0,60,60
22536,162771,0,2000,22537,0,0,60,60
22537,162772,0,2000,22538,0,0,60,60
22538,162773,0,2000,0,0,0,60,60
22539,165003,0,1000,0,0,0,60,60
22540,162789,0,3000,22541,0,0,60,60
22541,162790,0,3000,22542,0,0,60,60
22542,162791,0,3000,22543,0,0,60,60
22543,162792,0,1000,22544,0,0,60,60
22544,162795,0,3000,22545,0,0,60,60
22545,162796,0,3000,22546,0,0,60,60
22546,162797,0,0,0,0,0,60,60
22547,162793,0,1000,0,0,0,60,60
22548,165006,0,1000,0,0,0,60,60
22549,162799,0,1000,0,0,0,60,60
22568,162838,0,1000,0,0,0,60,60
22569,162839,0,1000,0,0,0,60,60
22572,162852,0,1000,29124,0,0,60,60
22574,162854,0,1000,22575,0,0,60,60
22575,162855,0,1000,22577,0,0,60,60
22577,162857,0,500,22579,0,0,60,60
22579,162859,0,1000,0,0,0,60,60
22580,162870,0,0,22581,0,0,60,60
22581,162873,0,1000,22582,0,0,60,60
22582,162871,0,0,22583,0,0,60,60
22583,162874,0,1000,22584,0,0,60,60
22584,162872,0,1000,0,0,0,60,60
22585,162877,0,3000,22586,0,0,60,60
22586,162878,0,3000,22587,0,0,60,60
22587,162879,0,3000,22588,0,0,60,60
22588,162880,0,3000,22589,0,0,60,60
22589,162881,0,3000,22590,0,0,60,60
22590,162882,0,3000,22591,0,0,60,60
22591,162883,0,3000,22592,0,0,60,60
22592,162884,0,3000,22593,0,0,60,60
22593,162886,0,0,22594,0,0,60,60
22594,162887,0,1000,0,0,0,60,60
22609,162905,0,0,22612,0,0,60,60
22610,162906,0,0,22611,0,0,60,60
22611,162907,0,0,0,0,0,60,60
22612,162908,0,0,22613,0,0,60,60
22613,162908,0,0,22610,0,0,60,60
22632,162943,0,0,22634,0,0,60,60
22634,162945,0,0,22636,0,0,60,60
22636,162944,0,0,22784,0,0,60,60
22664,162973,0,1000,22665,0,0,60,60
22665,162976,0,1000,22666,0,0,60,60
22666,162981,0,1000,22667,0,0,60,60
22667,162980,0,1000,0,0,0,60,60
22669,163006,0,4000,22671,0,0,60,60
22671,163007,0,4000,22672,0,0,60,60
22672,162974,0,4000,22673,0,0,60,60
22673,162975,0,4000,22674,0,0,60,60
22674,162977,0,4000,22675,0,0,60,60
22675,162978,0,5000,22676,0,0,60,60
22676,162979,0,4000,22677,0,0,60,60
22677,162987,0,4000,22678,0,0,60,60
22678,162988,0,0,0,0,0,60,60
22680,162990,0,0,22681,0,0,60,60
22681,162991,0,0,0,0,0,60,60
22682,162992,0,0,22680,0,0,60,60
22683,162994,0,2000,22685,0,0,60,60
22685,162995,0,1000,22686,0,0,60,60
22686,162997,0,3000,0,0,0,60,60
22688,0,0,2000,22689,0,0,60,60
22689,162969,0,2000,22690,0,0,60,60
22690,162970,0,2000,22691,0,0,60,60
22691,162971,0,2000,22692,0,0,60,60
22692,162972,0,2000,22693,0,0,60,60
22693,163005,0,0,0,0,0,60,60
22701,163022,0,1000,22702,0,0,60,60
22702,163023,0,1000,0,0,0,60,60
22705,163025,0,1000,22706,0,0,60,60
22706,163026,0,7000,22707,0,0,60,60
22707,163027,0,9000,0,0,0,60,60
22708,163028,0,1000,22709,0,0,60,60
22709,163029,0,7000,22710,0,0,60,60
22710,163030,0,6000,22711,0,0,60,60
22711,163031,0,4000,0,0,0,60,60
22712,163032,0,1000,22713,0,0,60,60
22713,128464,0,4000,0,0,0,60,60
22715,163034,0,2000,0,0,0,60,60
22716,163042,0,2000,0,0,0,60,60
22720,163046,0,2000,22721,0,0,60,60
22721,163047,0,2000,22722,0,0,60,60
22722,163061,0,0,0,0,0,60,60
22724,163065,0,3000,22725,0,0,60,60
22725,163066,0,3000,22726,0,0,60,60
22726,163067,0,3000,22727,0,0,60,60
22727,163068,0,4000,22728,0,1,60,60
22728,163069,0,3000,22729,0,0,60,60
22729,163070,0,3000,22730,0,0,60,60
22730,163071,0,3000,22731,0,0,60,60
22731,163072,0,3000,22732,0,0,60,60
22732,163073,0,3000,22733,0,0,60,60
22733,163074,0,0,0,0,0,60,60
22734,163075,0,1000,0,0,0,60,60
22735,163107,0,3000,22736,0,0,60,60
22736,163109,0,3000,22737,0,0,60,60
22737,163110,0,3000,22738,0,0,60,60
22738,163111,0,3000,22739,0,0,60,60
22739,163112,0,3000,22740,0,0,60,60
22740,163113,0,3000,22741,0,0,60,60
22741,163114,0,3000,22742,0,0,60,60
22742,163115,0,3000,22743,0,0,60,60
22743,163116,0,3000,22744,0,0,60,60
22744,163117,0,3000,22745,0,0,60,60
22745,163119,0,3000,22746,0,0,60,60
22746,163120,0,3000,22747,0,0,60,60
22747,163121,0,0,0,0,0,60,60
22748,163135,0,1000,0,0,0,60,60
22749,163136,0,2000,22750,0,0,60,60
22750,163137,0,2000,22751,0,0,60,60
22751,163138,0,2000,22752,0,0,60,60
22752,163139,0,2000,22753,0,0,60,60
22753,163140,0,2000,22754,0,0,60,60
22754,163141,0,2000,22755,0,1,60,60
22755,163142,0,2000,22756,0,0,60,60
22756,163143,0,2000,0,0,0,60,60
22761,162657,0,1000,23296,0,0,60,60
22768,162885,0,1000,22769,0,0,60,60
22769,162912,0,1000,0,0,0,60,60
22770,162982,0,1000,22771,0,0,60,60
22771,162983,0,1000,0,0,0,60,60
22772,162913,0,1000,22773,0,0,60,60
22773,162915,0,1000,0,0,0,60,60
22777,162918,0,1000,0,0,0,60,60
22782,163228,0,1000,23106,0,0,60,60
22783,163230,0,0,22632,0,0,60,60
22784,163231,0,0,22785,0,0,60,60
22785,163233,0,0,22786,0,0,60,60
22786,163232,0,0,22787,0,0,60,60
22787,163234,0,0,24904,0,0,60,60
22788,162947,0,0,0,0,0,60,60
22789,163245,0,0,22790,0,0,60,60
22790,163246,0,0,22791,0,0,60,60
22791,163247,0,0,22792,0,0,60,60
22792,163248,0,1000,22793,0,0,60,60
22793,163249,0,1000,22794,0,0,60,60
22794,163250,0,1000,0,0,0,60,60
22795,163252,0,0,22796,0,0,60,60
22796,163253,0,0,22802,0,0,60,60
22797,163271,0,1000,22799,0,0,60,60
22798,163272,0,1000,22797,0,0,60,60
22799,163274,0,0,22800,0,0,60,60
22800,163273,0,0,22804,0,0,60,60
22801,163275,0,0,22798,0,0,60,60
22802,163276,0,0,22801,0,0,60,60
22804,163278,0,0,22806,0,0,60,60
22806,0,0,0,22807,0,0,60,60
22807,163280,0,1000,0,0,0,60,60
22810,163149,0,1000,0,0,0,60,60
22811,163150,0,1000,0,0,0,60,60
22812,163152,0,1000,0,0,0,60,60
22813,148938,0,1000,0,0,0,60,60
22815,163291,0,0,22816,0,0,60,60
22816,163292,0,0,22817,0,0,60,60
22817,163293,0,0,22818,0,0,60,60
22818,163294,0,0,22819,0,0,60,60
22819,163295,0,0,0,0,0,60,60
22822,163302,0,0,22823,0,0,60,60
22823,163303,0,1000,22825,0,0,60,60
22825,163305,0,1000,22826,0,0,60,60
22826,163306,0,1000,22827,0,0,60,60
22827,163307,0,1000,22829,0,0,60,60
22829,163309,0,0,22830,0,0,60,60
22830,163298,0,0,22831,0,0,60,60
22831,163299,0,10000,22833,0,0,60,60
22833,163301,0,0,0,0,0,60,60
22834,163330,0,2000,22835,0,0,60,60
22835,163331,0,1000,22836,0,0,60,60
22836,163332,0,1000,22838,0,0,60,60
22838,163336,0,1000,22839,0,0,60,60
22839,163337,0,0,22840,0,0,60,60
22840,163338,0,0,22841,0,0,60,60
22841,163339,0,0,22853,0,0,60,60
22842,163335,0,6000,22843,0,0,60,60
22843,163333,0,3000,0,0,0,60,60
22844,163327,0,1000,0,0,0,60,60
22845,0,0,6000,22842,0,0,60,60
22846,163353,0,1000,22847,0,0,60,60
22847,163349,0,1000,22848,0,0,60,60
22848,163350,0,1000,22849,0,0,60,60
22849,163351,0,0,22850,0,0,60,60
22850,163352,0,1000,0,0,0,60,60
22851,163359,0,1000,22852,0,0,60,60
22852,163360,0,0,0,0,0,60,60
22853,163340,0,0,0,0,0,60,60
22856,163341,0,0,22857,0,0,60,60
22857,163342,0,0,0,0,0,60,60
22859,162354,0,3000,22860,16091,0,60,60
22860,162378,0,3000,22365,0,0,60,60
22865,163367,0,0,22866,0,0,60,60
22866,163368,0,0,0,0,0,60,60
22867,163373,0,0,22868,0,0,60,60
22868,163375,0,1000,22869,0,0,60,60
22869,163376,0,0,22870,0,0,60,60
22870,163377,0,1000,22871,0,0,60,60
22871,163378,0,0,22872,0,0,60,60
22872,0,0,0,0,0,0,60,60
22873,163210,0,3000,22874,0,0,60,60
22874,163211,0,3000,22875,0,0,60,60
22875,163212,0,3000,22876,0,0,60,60
22876,163213,0,3000,22877,0,0,60,60
22877,163381,0,3000,22878,0,0,60,60
22878,163383,0,3000,22879,0,0,60,60
22879,163385,0,3000,22880,0,0,60,60
22880,163386,0,3000,22881,0,0,60,60
22881,163387,0,3000,0,0,0,60,60
22882,163384,0,1000,22883,0,0,60,60
22883,163388,0,1000,0,0,0,60,60
22884,163389,0,1000,0,0,0,60,60
22885,163390,0,1000,22886,0,0,60,60
22886,163391,0,1000,22887,0,0,60,60
22887,163396,0,1000,22888,0,0,60,60
22888,163398,0,1000,0,0,0,60,60
22889,163403,0,1000,22890,0,0,60,60
22890,163408,0,1000,24278,0,0,60,60
22893,163538,0,1000,22894,0,0,60,60
22894,163540,0,1000,22895,0,0,60,60
22895,163539,0,1000,0,0,0,60,60
22896,163416,0,1000,22897,0,0,60,60
22897,163417,0,1000,22898,0,0,60,60
22898,163418,0,1000,22899,0,0,60,60
22899,163427,0,1000,22900,0,0,60,60
22900,163429,0,1000,0,0,0,60,60
22901,163553,0,1000,0,0,0,60,60
22906,0,0,1000,22889,0,0,60,60
22908,163415,0,1000,23113,0,0,60,60
22909,163419,0,1000,22910,0,0,60,60
22910,163420,0,1000,22911,0,0,60,60
22911,163421,0,1000,22912,0,0,60,60
22912,163554,0,1000,22913,0,0,60,60
22913,163422,0,1000,24357,0,0,60,60
22915,163425,0,1000,22916,0,0,60,60
22916,163428,0,1000,22917,0,0,60,60
22917,163430,0,1000,22918,0,0,60,60
22918,163431,0,1000,22921,0,0,60,60
22921,163434,0,1000,22922,0,0,60,60
22922,163435,0,1000,22925,0,0,60,60
22925,163438,0,1000,22926,0,0,60,60
22926,163439,0,1000,23143,0,0,60,60
22928,163566,0,1000,22929,0,1,60,60
22929,163568,0,1000,22930,0,0,60,60
22930,163569,0,1000,22931,0,0,60,60
22931,163570,0,1000,23089,0,1,60,60
22932,0,0,0,26595,0,0,60,60
22933,163624,0,0,22934,0,0,60,60
22934,163627,0,1000,0,0,0,60,60
22935,163631,0,0,22936,0,0,60,60
22936,163632,0,1000,0,0,0,60,60
22942,163440,0,0,22943,0,0,60,60
22943,163441,0,1000,22944,0,0,60,60
22944,163442,0,0,22945,0,0,60,60
22945,0,0,0,0,0,0,60,60
22946,139281,0,1000,22947,0,0,60,60
22947,139282,0,1000,22948,0,0,60,60
22948,139283,0,1000,22949,0,0,60,60
22949,139284,0,1000,22950,0,0,60,60
22950,139285,0,1000,22951,0,0,60,60
22951,139286,0,1000,22952,0,0,60,60
22952,139287,0,1000,22953,0,0,60,60
22953,139288,0,1000,0,0,0,60,60
22954,0,0,4000,14152,0,0,60,60
22955,163443,0,0,22956,0,0,60,60
22956,0,0,0,0,0,0,60,60
22957,163444,0,0,22958,0,0,60,60
22958,0,0,0,0,0,0,60,60
22959,163445,0,0,22960,0,0,60,60
22960,0,0,0,0,0,0,60,60
22961,163446,0,0,22962,0,0,60,60
22962,163447,0,0,22963,0,0,60,60
22963,0,0,0,0,0,0,60,60
22964,163448,0,0,26598,0,0,60,60
22965,163449,0,0,23054,0,0,60,60
22966,0,0,0,26609,0,0,60,60
22967,163450,0,0,22968,0,0,60,60
22968,163451,0,0,22969,0,0,60,60
22969,163452,0,1000,22970,0,0,60,60
22970,163453,0,0,22971,0,0,60,60
22971,0,0,0,0,0,0,60,60
22972,163454,0,0,22973,0,0,60,60
22973,0,0,0,0,0,0,60,60
22974,163455,0,0,22975,0,0,60,60
22975,0,0,0,0,0,0,60,60
22976,163456,0,0,22977,0,0,60,60
22977,0,0,0,0,0,0,60,60
22978,163457,0,0,22979,0,0,60,60
22979,0,0,0,0,0,0,60,60
22980,163458,0,0,22981,0,0,60,60
22981,0,0,0,0,0,0,60,60
22982,163459,0,0,22983,0,0,60,60
22983,163460,0,0,22984,0,0,60,60
22984,163461,0,1000,22987,0,0,60,60
22985,163462,0,0,22986,0,0,60,60
22986,163463,0,0,23055,0,0,60,60
22987,0,0,0,22985,0,0,60,60
22988,163464,0,0,22989,0,0,60,60
22989,0,0,0,0,0,0,60,60
22990,163465,0,0,22991,0,0,60,60
22991,0,0,0,0,0,0,60,60
22992,163466,0,0,22993,0,0,60,60
22993,0,0,0,0,0,0,60,60
22994,163467,0,1000,22996,0,0,60,60
22995,163555,0,1000,23056,0,0,60,60
22996,0,0,1000,22995,0,0,60,60
22997,163468,0,0,23464,0,0,60,60
22999,163470,0,0,23465,0,0,60,60
23001,163472,0,0,23467,0,0,60,60
23002,163473,0,0,23468,0,0,60,60
23003,163474,0,0,23469,0,0,60,60
23004,163475,0,0,23470,0,0,60,60
23005,163476,0,0,23006,0,0,60,60
23006,163477,0,0,0,0,0,60,60
23007,163478,0,0,23471,0,0,60,60
23009,163480,0,0,23473,0,0,60,60
23010,163481,0,0,23474,0,0,60,60
23011,163482,0,0,23475,0,0,60,60
23012,163483,0,0,23476,0,0,60,60
23013,163484,0,0,23477,0,0,60,60
23014,163485,0,0,23478,0,0,60,60
23015,163486,0,0,23479,0,0,60,60
23016,163487,0,0,23480,0,0,60,60
23017,163488,0,0,23018,0,0,60,60
23018,163489,0,0,0,0,0,60,60
23019,163490,0,0,23481,0,0,60,60
23021,163492,0,0,23483,0,0,60,60
23022,163493,0,0,23484,0,0,60,60
23023,163494,0,0,23485,0,0,60,60
23024,163495,0,0,23486,0,0,60,60
23025,163496,0,0,23026,0,0,60,60
23026,163497,0,0,25365,0,0,60,60
23027,163498,0,0,23028,0,0,60,60
23028,163499,0,0,23029,0,0,60,60
23029,163500,0,3000,25481,0,0,60,60
23030,163501,0,0,23031,0,0,60,60
23031,163502,0,0,25482,0,0,60,60
23032,0,0,0,0,0,0,60,60
23033,163503,0,0,23034,0,0,60,60
23034,163504,0,0,23035,0,0,60,60
23035,0,0,0,26601,0,0,60,60
23036,163505,0,1000,25446,0,0,60,60
23037,163506,0,1000,23038,0,0,60,60
23038,163507,0,1000,23039,0,0,60,60
23039,163508,0,1000,25480,0,0,60,60
23040,163509,0,1000,23057,0,0,60,60
23041,163510,0,1000,23042,0,0,60,60
23042,163511,0,1000,23043,0,0,60,60
23043,163512,0,1000,23044,0,0,60,60
23044,163513,0,1000,23045,0,0,60,60
23045,163514,0,1000,23204,0,0,60,60
23046,163515,0,1000,23047,0,0,60,60
23047,163516,0,0,26603,0,1,60,60
23048,163517,0,1000,23049,0,1,60,60
23049,163518,0,1000,25367,0,0,60,60
23050,163519,0,1000,23051,0,0,60,60
23051,163520,0,1000,23052,0,0,60,60
23052,163521,0,1000,26604,0,0,60,60
23053,163522,0,1000,26614,0,0,60,60
23054,0,0,0,22966,0,0,60,60
23055,0,0,0,0,0,0,60,60
23056,0,0,1000,0,0,0,60,60
23057,0,0,1000,23041,0,0,60,60
23059,163959,0,3000,23060,0,0,60,60
23060,163961,0,1000,0,0,0,60,60
23061,163965,0,3000,0,0,0,60,60
23062,163955,0,1000,0,0,0,60,60
23063,163956,0,1000,0,0,0,60,60
23064,163944,0,1000,0,0,0,60,60
23065,163317,0,0,23067,0,0,60,60
23067,163318,0,0,0,0,0,60,60
23070,163947,0,1000,0,0,0,60,60
23071,163960,0,1000,0,0,0,60,60
23072,163953,0,1000,0,0,0,60,60
23073,163954,0,1000,0,0,0,60,60
23074,163964,0,1000,0,0,0,60,60
23075,163980,0,1000,23061,0,0,60,60
23076,163981,0,1000,23077,0,0,60,60
23077,163982,0,1000,0,0,0,60,60
23078,163983,0,1000,23079,0,0,60,60
23079,163984,0,1000,0,0,0,60,60
23080,164015,0,1000,23096,0,0,60,60
23082,164008,0,1000,23090,0,0,60,60
23088,164005,0,2000,23098,0,1,60,60
23089,164018,0,1000,23775,0,0,60,60
23090,164009,0,1000,23091,0,0,60,60
23091,164010,0,1000,23092,0,0,60,60
23092,164011,0,1000,23080,0,0,60,60
23096,164016,0,1000,0,0,0,60,60
23098,164022,0,3000,23099,0,1,60,60
23099,164023,0,2000,23100,0,0,60,60
23100,164024,0,3000,23101,0,0,60,60
23101,164025,0,3000,23102,0,0,60,60
23102,164026,0,3000,23103,0,0,60,60
23103,164027,0,3000,23104,0,0,60,60
23104,164028,0,3000,23105,0,0,60,60
23105,164029,0,3000,23118,0,0,60,60
23106,164030,0,1000,23107,0,0,60,60
23107,164032,0,1000,23108,0,0,60,60
23108,164033,0,200,23109,0,0,60,60
23109,164034,0,200,23110,0,0,60,60
23110,164035,0,500,23111,0,0,60,60
23111,164036,0,1000,23112,0,0,60,60
23112,164037,0,1000,0,0,0,60,60
23113,164048,0,1000,0,0,0,60,60
23114,164049,0,0,23115,0,0,60,60
23115,164050,0,0,0,0,0,60,60
23116,164051,0,0,23117,0,0,60,60
23117,164052,0,0,0,0,0,60,60
23118,164054,0,1000,0,0,0,60,60
23119,165631,0,1000,0,16091,0,60,60
23120,164078,0,1000,0,0,0,60,60
23122,164069,0,1000,0,0,0,60,60
23123,164068,0,1000,0,0,0,60,60
23124,164074,0,1000,0,0,0,60,60
23125,164075,0,1000,0,0,0,60,60
23126,164080,0,1000,23127,0,0,60,60
23127,164081,0,1000,0,0,0,60,60
23128,164082,0,0,23129,0,0,60,60
23129,164083,0,0,23130,0,0,60,60
23130,164079,0,0,0,0,0,60,60
23135,164087,0,1000,23136,0,0,60,60
23136,164098,0,1000,23137,0,0,60,60
23137,164099,0,1000,23624,0,0,60,60
23139,164101,0,1000,23140,0,0,60,60
23140,164102,0,1000,23142,0,0,60,60
23141,164103,0,0,0,0,0,60,60
23142,164104,0,1000,23141,0,0,60,60
23143,0,0,1000,0,0,0,60,60
23144,164091,0,1000,0,0,0,60,60
23145,164110,0,1000,0,0,0,60,60
23147,164107,0,1000,0,0,0,60,60
23152,164119,0,1000,0,0,0,60,60
23153,164120,0,1000,0,0,0,60,60
23154,164121,0,1000,0,0,0,60,60
23155,164122,0,1000,0,0,0,60,60
23156,164123,0,1000,0,0,0,60,60
23157,164124,0,1000,0,0,0,60,60
23158,164126,0,1000,0,0,0,60,60
23159,164127,0,1000,0,0,0,60,60
23160,164129,0,1000,0,0,0,60,60
23161,164128,0,1000,0,0,0,60,60
23162,163567,0,1000,0,0,1,60,60
23163,164132,0,1000,0,0,0,60,60
23164,163101,0,1000,0,0,0,60,60
23165,164133,0,0,0,0,0,60,60
23166,164136,0,1000,0,0,0,60,60
23167,164138,0,1000,0,0,0,60,60
23168,164140,0,0,23169,0,0,60,60
23169,164143,0,0,23170,0,0,60,60
23170,164142,0,0,23171,0,0,60,60
23171,164141,0,0,0,0,0,60,60
23176,164189,0,1000,0,0,0,60,60
23177,164215,0,1000,0,0,0,60,60
23184,164247,0,1000,0,0,0,60,60
23185,164267,0,0,23186,0,0,60,60
23186,164270,0,0,24564,0,0,60,60
23187,164271,0,0,23799,0,0,60,60
23188,164272,0,1000,23189,0,0,60,60
23189,164273,0,1000,23190,0,0,60,60
23190,164274,0,1000,0,0,0,60,60
23201,164299,0,1000,0,0,0,60,60
23204,0,0,1000,23046,0,0,60,60
23205,164323,0,0,23206,0,0,60,60
23206,164326,0,0,23207,0,0,60,60
23207,164331,0,0,23208,0,0,60,60
23208,164334,0,0,23209,0,0,60,60
23209,164337,0,0,0,0,0,60,60
23210,164248,0,1000,0,0,0,60,60
23211,164364,0,1000,0,0,0,60,60
23212,164374,0,1000,0,0,0,60,60
23213,164379,0,1000,0,0,0,60,60
23214,164381,0,1000,0,0,0,60,60
23215,164391,0,1000,0,0,0,60,60
23216,164393,0,0,0,0,0,60,60
23217,164396,0,1000,0,0,0,60,60
23218,164385,0,0,23219,0,0,60,60
23219,0,0,0,0,0,0,60,60
23220,164386,0,0,23221,0,0,60,60
23221,163448,0,0,23222,0,0,60,60
23222,163449,0,0,23223,0,0,60,60
23223,0,0,0,23224,0,0,60,60
23224,0,0,0,0,0,0,60,60
23225,164387,0,0,23226,0,0,60,60
23226,0,0,0,23227,0,0,60,60
23227,163462,0,0,23228,0,0,60,60
23228,163463,0,0,23229,0,0,60,60
23229,0,0,0,0,0,0,60,60
23230,164388,0,0,23231,0,0,60,60
23231,0,0,0,23232,0,0,60,60
23232,163555,0,0,23233,0,0,60,60
23233,0,0,0,0,0,0,60,60
23234,164389,0,0,23235,0,0,60,60
23235,163503,0,0,23236,0,0,60,60
23236,163504,0,0,25484,0,0,60,60
23237,0,0,0,0,0,0,60,60
23238,164390,0,1000,23239,0,0,60,60
23239,164392,0,0,23240,0,0,60,60
23240,163505,0,1000,26489,0,0,60,60
23241,163506,0,1000,23242,0,0,60,60
23242,163507,0,1000,23243,0,0,60,60
23243,163508,0,1000,25485,0,0,60,60
23244,163509,0,1000,23245,0,0,60,60
23245,0,0,0,23246,0,0,60,60
23246,163510,0,1000,23247,0,0,60,60
23247,163511,0,1000,23248,0,0,60,60
23248,163512,0,1000,23249,0,0,60,60
23249,163513,0,1000,23250,0,0,60,60
23250,163514,0,1000,23251,0,0,60,60
23251,0,0,0,23252,0,0,60,60
23252,163515,0,1000,23253,0,0,60,60
23253,163516,0,0,26607,0,0,60,60
23254,163517,0,1000,23255,0,0,60,60
23255,163518,0,1000,25483,0,0,60,60
23256,163519,0,1000,23257,0,0,60,60
23257,163520,0,1000,23258,0,0,60,60
23258,163521,0,1000,26608,0,0,60,60
23259,163522,0,1000,23260,0,0,60,60
23260,0,0,0,0,0,0,60,60
23261,164403,0,1000,0,0,0,60,60
23262,164404,0,1000,0,0,0,60,60
23263,164408,0,1000,0,0,0,60,60
23266,164409,0,1000,0,0,0,60,60
23267,164411,0,1000,0,0,0,60,60
23268,164412,0,1000,0,0,0,60,60
23273,164413,0,1000,23274,0,0,60,60
23274,164414,0,1000,23275,0,0,60,60
23275,164415,0,1000,24979,0,0,60,60
23277,162658,0,0,23297,0,0,60,60
23283,162659,0,0,23298,0,0,60,60
23289,163147,0,0,0,0,0,60,60
23295,163145,0,0,0,0,0,60,60
23296,0,0,0,0,0,0,60,60
23297,0,0,0,0,0,0,60,60
23298,0,0,0,0,0,0,60,60
23300,164441,0,1000,0,0,0,60,60
23301,164442,0,1000,0,0,0,60,60
23312,164252,0,1000,23313,0,0,60,60
23313,164268,0,2000,24517,0,0,60,60
23319,164159,0,1000,23320,0,0,60,60
23320,164291,0,0,0,0,0,60,60
23328,164298,0,1000,24733,0,0,60,60
23329,164165,0,1000,23331,0,0,60,60
23331,164301,0,1000,0,0,0,60,60
23334,163765,0,1000,0,0,0,60,60
23335,163772,0,1000,0,0,0,60,60
23354,163787,0,1000,0,0,0,60,60
23357,164175,0,1000,23358,0,0,60,60
23358,164183,0,1000,0,0,0,60,60
23362,164345,0,1000,23363,0,0,60,60
23363,164348,0,1000,0,0,0,60,60
23364,164343,0,1000,23365,0,0,60,60
23365,164344,0,1000,0,0,0,60,60
23366,164169,0,1000,23367,0,0,60,60
23367,164184,0,1000,0,0,0,60,60
23368,164350,0,1000,0,0,0,60,60
23369,164351,0,1000,23368,0,0,60,60
23370,164352,0,1000,23371,0,0,60,60
23371,164353,0,1000,0,0,0,60,60
23372,164354,0,1000,23373,0,0,60,60
23373,164356,0,1000,0,0,0,60,60
23374,164357,0,1000,23375,0,0,60,60
23375,164359,0,1000,0,0,0,60,60
23376,163471,0,0,23410,0,0,60,60
23377,164170,0,1000,23378,0,0,60,60
23378,164185,0,1000,23379,0,0,60,60
23379,164363,0,1000,0,0,0,60,60
23380,164365,0,500,23381,0,0,60,60
23381,164366,0,500,23382,0,0,60,60
23382,164367,0,500,23383,0,0,60,60
23383,164368,0,1000,23386,0,0,60,60
23384,163479,0,0,23431,0,0,60,60
23385,163491,0,0,23482,0,0,60,60
23386,164369,0,1000,23387,0,0,60,60
23387,164370,0,1000,23388,0,0,60,60
23388,164371,0,1000,0,0,0,60,60
23389,164171,0,500,23390,0,0,60,60
23390,164186,0,500,23391,0,0,60,60
23391,164372,0,500,0,0,0,60,60
23395,164378,0,2000,23396,0,0,60,60
23396,164380,0,1000,0,0,0,60,60
23398,164429,0,2000,23399,0,0,60,60
23399,164430,0,1000,23400,0,0,60,60
23400,164431,0,1000,0,0,0,60,60
23401,164432,0,0,0,0,0,60,60
23402,164150,0,0,0,0,0,60,60
23403,163469,0,0,22999,0,0,60,60
23405,163469,0,0,23001,0,0,60,60
23406,163469,0,0,23002,0,0,60,60
23408,163469,0,0,23003,0,0,60,60
23409,163469,0,0,23004,0,0,60,60
23410,163476,0,0,23466,0,0,60,60
23411,164174,0,0,0,0,0,60,60
23412,163477,0,0,23007,0,0,60,60
23413,163477,0,0,23009,0,0,60,60
23414,163477,0,0,23010,0,0,60,60
23415,163477,0,0,23011,0,0,60,60
23416,163477,0,0,23012,0,0,60,60
23417,163477,0,0,23013,0,0,60,60
23418,163477,0,0,23014,0,0,60,60
23419,163477,0,0,23015,0,0,60,60
23420,163477,0,0,23016,0,0,60,60
23421,164176,0,1000,23422,0,0,60,60
23422,164187,0,1000,23423,0,0,60,60
23423,164433,0,1000,23424,0,0,60,60
23424,164434,0,1000,23425,0,0,60,60
23425,164435,0,1000,23426,0,0,60,60
23426,164436,0,1000,23427,0,0,60,60
23427,164437,0,1000,23428,0,0,60,60
23428,164438,0,1000,23429,0,0,60,60
23429,164439,0,1000,23430,0,0,60,60
23430,164440,0,1000,0,0,0,60,60
23431,163488,0,0,23472,0,0,60,60
23432,164177,0,1000,23433,0,0,60,60
23433,164188,0,1000,0,0,0,60,60
23434,163489,0,0,23019,0,0,60,60
23435,163489,0,0,23021,0,0,60,60
23436,163489,0,0,23022,0,0,60,60
23437,163489,0,0,23023,0,0,60,60
23438,163489,0,0,23024,0,0,60,60
23439,165204,0,1000,0,0,0,60,60
23440,164453,0,1000,0,0,0,60,60
23448,164160,0,0,0,0,0,60,60
23449,164161,0,1000,23450,0,0,60,60
23450,164162,0,1000,0,0,0,60,60
23451,163315,0,0,23452,0,0,60,60
23452,162952,0,0,23453,0,0,60,60
23453,163314,0,1000,23454,0,0,60,60
23454,167037,0,1000,24771,0,0,60,60
23457,164085,0,0,23458,0,0,60,60
23458,0,0,500,23459,0,0,60,60
23459,164086,0,0,23460,0,0,60,60
23460,0,0,1000,0,0,0,60,60
23464,0,0,0,0,0,0,60,60
23465,0,0,0,0,0,0,60,60
23466,0,0,0,0,0,0,60,60
23467,0,0,0,0,0,0,60,60
23468,0,0,0,0,0,0,60,60
23469,0,0,0,0,0,0,60,60
23470,0,0,0,0,0,0,60,60
23471,0,0,0,0,0,0,60,60
23472,0,0,0,0,0,0,60,60
23473,0,0,0,0,0,0,60,60
23474,0,0,0,0,0,0,60,60
23475,0,0,0,0,0,0,60,60
23476,0,0,0,0,0,0,60,60
23477,0,0,0,0,0,0,60,60
23478,0,0,0,0,0,0,60,60
23479,0,0,0,0,0,0,60,60
23480,0,0,0,0,0,0,60,60
23481,0,0,0,0,0,0,60,60
23482,0,0,0,0,0,0,60,60
23483,0,0,0,0,0,0,60,60
23484,0,0,0,0,0,0,60,60
23485,0,0,0,0,0,0,60,60
23486,0,0,0,0,0,0,60,60
23487,163243,0,1000,23488,0,0,60,60
23488,163260,0,1000,0,0,0,60,60
23489,165502,0,1000,0,0,0,60,60
23490,164477,0,1000,0,0,0,60,60
23491,162921,0,1000,23492,0,0,60,60
23492,162922,0,0,23493,0,0,60,60
23493,162923,0,0,23494,0,0,60,60
23494,162924,0,0,23495,0,0,60,60
23495,162931,0,0,23496,0,0,60,60
23496,162932,0,0,23497,0,0,60,60
23497,162933,0,0,23498,0,0,60,60
23498,164479,0,0,23511,0,0,60,60
23501,164467,0,0,23568,0,0,60,60
23502,164468,0,0,23569,0,0,60,60
23503,164469,0,0,0,0,0,60,60
23504,164470,0,0,23570,0,0,60,60
23505,164471,0,0,23571,0,0,60,60
23506,164473,0,800,0,0,0,60,60
23511,164488,0,0,0,0,0,60,60
23526,164484,0,1000,23527,0,0,60,60
23527,164485,0,1000,23528,0,0,60,60
23528,164489,0,1000,23529,0,0,60,60
23529,164490,0,1000,23530,0,0,60,60
23530,164491,0,1000,0,0,0,60,60
23531,164492,0,0,23532,0,0,60,60
23532,164493,0,0,23533,0,0,60,60
23533,164494,0,0,23534,0,0,60,60
23534,164495,0,0,23535,0,0,60,60
23535,164496,0,0,24405,0,0,60,60
23540,163919,0,1000,23541,0,0,60,60
23541,163920,0,1000,23542,0,0,60,60
23542,163921,0,1000,0,0,0,60,60
23546,163962,0,1000,0,0,0,60,60
23547,164525,0,1000,0,0,0,60,60
23548,164526,0,1000,0,0,0,60,60
23550,164528,0,1000,0,0,0,60,60
23551,164532,0,1000,0,0,0,60,60
23552,164517,0,2000,23553,0,0,60,60
23553,164518,0,1000,23554,0,0,60,60
23554,164519,0,1000,0,0,0,60,60
23556,164549,0,0,23557,0,0,60,60
23557,164551,0,0,23558,0,0,60,60
23558,164553,0,1000,23560,0,0,60,60
23559,164554,0,1000,23561,0,0,60,60
23560,164555,0,1000,23559,0,0,60,60
23561,164556,0,1000,23562,0,0,60,60
23562,164557,0,1000,0,0,0,60,60
23566,164561,0,0,23567,0,0,60,60
23567,164562,0,0,0,0,0,60,60
23568,0,0,500,23502,0,0,60,60
23569,0,0,500,23503,0,0,60,60
23570,0,0,800,23505,0,0,60,60
23571,0,0,800,23506,0,0,60,60
23573,0,0,1000,23576,0,0,60,60
23574,164093,0,0,23577,0,0,60,60
23575,0,0,1500,23574,0,0,60,60
23576,164092,0,0,23575,0,0,60,60
23577,0,0,1500,0,0,0,60,60
23581,164564,0,2000,23584,0,0,60,60
23584,164566,0,1000,23585,0,0,60,60
23585,164569,0,1000,23588,0,0,60,60
23588,164606,0,1000,23589,0,0,60,60
23589,164607,0,1000,23590,0,0,60,60
23590,164608,0,1000,23591,0,0,60,60
23591,164609,0,1000,0,0,0,60,60
23592,163526,0,1000,0,0,1,60,60
23593,163536,0,1000,0,0,1,60,60
23594,163621,0,1000,0,0,1,60,60
23595,163571,0,1000,0,0,1,60,60
23596,164615,0,0,23600,0,2,60,60
23600,164616,0,1500,23601,0,0,60,60
23601,164613,0,500,23602,0,2,60,60
23602,164617,0,0,0,0,0,60,60
23606,164649,0,1000,0,0,0,60,60
23607,162735,0,1000,0,0,0,60,60
23608,163531,0,1000,0,0,1,60,60
23610,163548,0,1000,0,0,1,60,60
23611,163626,0,1000,0,0,1,60,60
23612,163604,0,1000,0,0,1,60,60
23613,163527,0,1000,0,0,1,60,60
23614,163529,0,1000,0,0,1,60,60
23615,163537,0,1000,0,0,1,60,60
23616,163541,0,1000,0,0,1,60,60
23617,162736,0,1000,0,0,0,60,60
23618,162737,0,1000,0,0,0,60,60
23619,162742,0,1000,0,0,0,60,60
23620,162743,0,1000,23666,0,0,60,60
23621,163622,0,1000,0,0,1,60,60
23622,163623,0,1000,0,0,1,60,60
23623,164655,0,1000,23625,0,0,60,60
23624,164100,0,1000,23623,0,0,60,60
23625,164657,0,1000,0,0,0,60,60
23626,163572,0,1000,0,0,1,60,60
23627,163598,0,1000,0,0,1,60,60
23628,163530,0,1000,0,0,1,60,60
23629,163542,0,1000,0,0,1,60,60
23630,163625,0,1000,0,0,1,60,60
23631,163602,0,1000,0,0,1,60,60
23632,163532,0,1000,0,0,1,60,60
23633,163533,0,1000,0,0,1,60,60
23634,163534,0,1000,0,0,1,60,60
23635,163628,0,1000,0,0,1,60,60
23636,163629,0,1000,0,0,1,60,60
23637,163635,0,1000,0,0,1,60,60
23638,163549,0,1000,0,0,1,60,60
23639,163550,0,1000,0,0,1,60,60
23640,163551,0,1000,0,0,1,60,60
23641,163610,0,1000,0,0,1,60,60
23642,163611,0,1000,0,0,1,60,60
23643,163614,0,1000,0,0,1,60,60
23647,164684,0,1000,23648,0,0,60,60
23648,164685,0,1000,24113,0,0,60,60
23649,164686,0,1000,23650,0,0,60,60
23650,164687,0,1000,0,0,0,60,60
23651,164688,0,1000,0,0,0,60,60
23652,164197,0,1000,0,0,0,60,60
23653,164198,0,1000,0,0,0,60,60
23654,164707,0,1000,0,0,0,60,60
23660,164924,0,1000,0,0,0,60,60
23661,164715,0,1000,0,0,0,60,60
23663,163869,0,1000,23664,0,0,60,60
23664,163871,0,1000,0,0,0,60,60
23666,0,0,0,0,0,0,60,60
23667,164806,0,1000,0,0,0,60,60
23671,164111,0,1000,23672,0,0,60,60
23672,164112,0,1000,23673,0,0,60,60
23673,164113,0,1000,23674,0,0,60,60
23674,164137,0,1000,0,0,0,60,60
23683,164148,0,1000,23684,0,0,60,60
23684,164149,0,1000,0,0,0,60,60
23685,164698,0,1000,0,0,0,60,60
23687,164223,0,1000,23689,0,0,60,60
23689,164902,0,1000,0,0,0,60,60
23695,164228,0,1000,23696,0,0,60,60
23696,164230,0,1000,23698,0,0,60,60
23698,164227,0,1000,23699,0,0,60,60
23699,164239,0,1000,0,0,0,60,60
23700,164807,0,0,23701,0,0,60,60
23701,0,0,4000,23702,0,0,60,60
23702,164808,0,0,0,0,0,60,60
23706,164825,0,0,23707,0,0,60,60
23707,0,0,1500,23708,0,0,60,60
23708,164826,0,0,23709,0,0,60,60
23709,0,0,2000,23710,0,0,60,60
23710,164824,0,0,0,0,0,60,60
23711,163972,0,1000,23712,0,1,60,60
23712,163970,0,1000,0,0,1,60,60
23713,163976,0,0,23714,0,0,60,60
23714,163977,0,0,23715,0,0,60,60
23715,163978,0,0,0,0,0,60,60
23717,164893,0,0,23718,0,0,60,60
23718,0,0,1500,23721,0,0,60,60
23721,164895,0,0,0,0,0,60,60
23724,163607,0,3000,23725,0,0,60,60
23725,163609,0,3000,0,16091,0,60,60
23726,163630,0,3000,23727,0,0,60,60
23727,163633,0,3000,0,16091,0,60,60
23728,163600,0,3000,23729,0,0,60,60
23729,163603,0,3000,23730,16091,0,60,60
23730,163605,0,3000,0,0,0,60,60
23731,163645,0,3000,0,0,0,60,60
23732,163647,0,3000,0,0,0,60,60
23733,163613,0,3000,0,0,0,60,60
23734,163640,0,3000,0,0,0,60,60
23735,163641,0,3000,0,0,0,60,60
23736,163644,0,3000,0,0,0,60,60
23737,163642,0,3000,0,0,0,60,60
23738,163643,0,3000,0,0,0,60,60
23739,163648,0,3000,0,0,0,60,60
23740,163649,0,3000,0,0,0,60,60
23741,163650,0,3000,0,0,0,60,60
23742,163651,0,3000,0,0,0,60,60
23743,163652,0,3000,0,0,0,60,60
23744,163653,0,3000,0,0,0,60,60
23745,164777,0,1000,23746,0,0,60,60
23746,164778,0,1000,23747,0,0,60,60
23747,164779,0,1000,23748,0,0,60,60
23748,164780,0,1000,23749,0,0,60,60
23749,164781,0,1000,0,0,0,60,60
23750,163606,0,1000,0,8599,0,60,60
23751,163606,0,1000,0,0,0,60,60
23752,163617,0,1000,0,0,0,60,60
23753,164782,0,1000,23754,0,0,60,60
23754,164783,0,1000,23755,0,0,60,60
23755,164784,0,1000,23756,0,0,60,60
23756,164785,0,1000,0,0,0,60,60
23757,163637,0,3000,0,0,0,60,60
23758,163634,0,3000,23759,16091,0,60,60
23759,163636,0,3000,0,0,0,60,60
23760,163574,0,3000,0,0,0,60,60
23761,163638,0,3000,0,0,0,60,60
23762,163639,0,3000,0,0,0,60,60
23763,165639,0,3000,23764,16091,0,60,60
23764,163593,0,3000,23765,0,0,60,60
23765,163594,0,3000,0,0,0,60,60
23766,164911,0,1000,23767,0,1,60,60
23767,164910,0,1000,23768,0,1,60,60
23768,164912,0,1000,23769,0,1,60,60
23769,164918,0,1000,0,0,1,60,60
23772,164898,0,1000,23990,0,0,60,60
23773,164904,0,1000,0,0,0,60,60
23774,164986,0,1000,0,0,0,60,60
23775,164130,0,1000,0,0,0,60,60
23776,164993,0,1000,0,0,0,60,60
23777,164994,0,1000,0,0,0,60,60
23778,164995,0,1000,0,0,0,60,60
23779,164996,0,1000,0,0,0,60,60
23780,164997,0,1000,0,0,0,60,60
23781,165023,0,1000,23800,0,0,60,60
23794,165020,0,1000,0,0,0,60,60
23799,165022,0,0,0,0,0,60,60
23800,165024,0,1000,23801,0,0,60,60
23801,165025,0,1000,23802,0,0,60,60
23802,165026,0,1000,23803,0,0,60,60
23803,165027,0,1000,23804,0,0,60,60
23804,165028,0,1000,0,0,0,60,60
23805,165032,0,1000,23806,0,0,60,60
23806,165033,0,1000,23807,0,0,60,60
23807,165034,0,1000,23808,0,0,60,60
23808,165035,0,1000,23809,0,0,60,60
23809,165036,0,1000,23810,0,0,60,60
23810,165037,0,1000,23811,0,0,60,60
23811,165039,0,1000,0,0,0,60,60
23813,165048,0,0,23814,0,0,60,60
23814,165049,0,0,23815,0,0,60,60
23815,165050,0,0,23816,0,0,60,60
23816,165051,0,0,24929,0,0,60,60
23819,165107,0,1000,0,0,0,60,60
23820,165108,0,1000,0,0,0,60,60
23821,165109,0,1000,0,0,0,60,60
23822,165110,0,1000,0,0,0,60,60
23823,165116,0,1000,0,0,0,60,60
23824,165117,0,1000,0,0,0,60,60
23825,163923,0,1000,23826,0,0,60,60
23826,163924,0,1000,23827,0,0,60,60
23827,163933,0,1000,23828,0,0,60,60
23828,163934,0,1000,23857,0,0,60,60
23829,165111,0,1000,0,0,0,60,60
23830,165119,0,1000,0,0,0,60,60
23831,165120,0,1000,0,0,0,60,60
23832,165121,0,1000,0,0,0,60,60
23834,165128,0,1000,0,0,0,60,60
23835,165129,0,1000,0,0,0,60,60
23836,165130,0,1000,0,0,0,60,60
23837,165131,0,1000,0,0,0,60,60
23838,165132,0,1000,0,0,0,60,60
23839,165133,0,1000,0,0,0,60,60
23840,165135,0,1000,0,17353,0,60,60
23841,165136,0,1000,0,17353,0,60,60
23842,165138,0,1000,0,0,0,60,60
23843,165139,0,1000,0,0,0,60,60
23844,165140,0,1000,0,0,0,60,60
23845,165141,0,1000,0,0,0,60,60
23846,165142,0,1000,0,0,0,60,60
23847,165143,0,1000,0,0,0,60,60
23848,165144,0,1000,0,0,0,60,60
23849,165145,0,1000,0,0,0,60,60
23850,165146,0,1000,0,0,0,60,60
23851,164275,0,1000,23852,0,0,60,60
23852,164276,0,1000,0,0,0,60,60
23853,165052,0,0,23854,0,0,60,60
23854,165152,0,0,0,0,0,60,60
23855,165148,0,1000,0,0,0,60,60
23856,165149,0,1000,0,0,0,60,60
23857,163922,0,1000,0,0,0,60,60
23858,165154,0,0,23859,0,0,60,60
23859,165155,0,0,0,0,0,60,60
23861,165157,0,0,24291,0,0,60,60
23862,165150,0,1000,0,0,0,60,60
23863,165151,0,1000,0,0,0,60,60
23864,165158,0,1000,0,0,0,60,60
23865,165159,0,1000,0,0,0,60,60
23866,165160,0,1000,0,0,0,60,60
23867,165161,0,1000,0,0,0,60,60
23868,165162,0,1000,0,0,0,60,60
23869,165163,0,1000,0,0,0,60,60
23870,165164,0,1000,0,0,0,60,60
23871,165165,0,1000,0,0,0,60,60
23872,162762,0,1000,23873,0,0,60,60
23873,162763,0,1000,23969,0,0,60,60
23874,165166,0,1000,0,0,0,60,60
23875,165167,0,1000,0,0,0,60,60
23876,165168,0,1000,0,0,0,60,60
23877,165169,0,1000,0,0,0,60,60
23878,165170,0,1000,0,0,0,60,60
23879,165171,0,1000,0,0,0,60,60
23880,165172,0,1000,0,0,0,60,60
23881,165173,0,1000,0,0,0,60,60
23882,165175,0,1000,0,0,0,60,60
23883,165206,0,1000,0,0,0,60,60
23884,165177,0,1000,0,0,0,60,60
23885,165178,0,1000,0,0,0,60,60
23886,165212,0,1000,0,0,0,60,60
23887,164277,0,1000,23888,0,0,60,60
23888,164278,0,1000,23890,0,0,60,60
23890,164280,0,1000,0,0,0,60,60
23895,165183,0,1000,0,0,0,60,60
23896,165205,0,1000,0,0,0,60,60
23897,165184,0,1000,0,0,0,60,60
23898,165206,0,1000,0,0,0,60,60
23899,164651,0,1000,0,0,0,60,60
23900,164631,0,1000,0,0,0,60,60
23901,164627,0,1000,0,0,0,60,60
23903,165196,0,1000,0,0,0,60,60
23904,165227,0,1000,23993,0,0,60,60
23905,164653,0,1000,0,0,0,60,60
23906,164654,0,1000,0,0,0,60,60
23907,164796,0,1000,0,0,0,60,60
23908,164626,0,1000,0,0,0,60,60
23909,164638,0,1000,0,0,0,60,60
23910,164639,0,1000,0,0,0,60,60
23911,164652,0,1000,0,0,0,60,60
23912,165179,0,1000,0,0,0,60,60
23913,165185,0,1000,0,0,0,60,60
23914,165186,0,1000,0,0,0,60,60
23915,164527,0,1000,0,0,0,60,60
23916,164797,0,1000,0,0,0,60,60
23917,164798,0,1000,0,0,0,60,60
23918,165181,0,1000,0,0,0,60,60
23919,165182,0,1000,0,0,0,60,60
23920,164663,0,1000,0,0,0,60,60
23921,164662,0,1000,0,0,0,60,60
23922,164659,0,1000,0,0,0,60,60
23923,164658,0,1000,0,0,0,60,60
23924,164656,0,1000,0,0,0,60,60
23925,165199,0,1000,0,0,0,60,60
23926,164669,0,1000,0,0,0,60,60
23927,164668,0,1000,0,0,0,60,60
23928,164667,0,1000,0,0,0,60,60
23929,164666,0,1000,0,0,0,60,60
23930,164660,0,1000,0,0,0,60,60
23932,165193,0,1000,0,0,0,60,60
23933,165194,0,1000,0,0,0,60,60
23934,165213,0,1000,0,0,0,60,60
23935,164358,0,1000,0,0,0,60,60
23936,164355,0,1000,0,0,0,60,60
23937,164349,0,1000,0,0,0,60,60
23938,164801,0,1000,0,0,0,60,60
23939,164799,0,1000,0,0,0,60,60
23940,164339,0,1000,0,0,0,60,60
23941,164342,0,1000,0,0,0,60,60
23942,164452,0,1000,0,0,0,60,60
23943,165187,0,1000,0,0,0,60,60
23944,165203,0,1000,0,0,0,60,60
23945,164362,0,1000,0,0,0,60,60
23946,164360,0,1000,0,0,0,60,60
23947,162837,0,1000,0,0,0,60,60
23948,164804,0,1000,0,0,0,60,60
23949,164803,0,1000,0,0,0,60,60
23950,164347,0,1000,0,0,0,60,60
23951,165180,0,1000,0,0,0,60,60
23952,165188,0,1000,0,0,0,60,60
23953,164318,0,1000,0,0,0,60,60
23954,164321,0,1000,0,0,0,60,60
23955,164328,0,1000,0,0,0,60,60
23956,164297,0,1000,0,0,0,60,60
23957,164304,0,1000,0,0,0,60,60
23958,165197,0,1000,0,0,0,60,60
23959,164332,0,1000,0,0,0,60,60
23960,164333,0,1000,0,0,0,60,60
23961,164335,0,1000,0,0,0,60,60
23962,164305,0,1000,0,0,0,60,60
23963,164308,0,1000,0,0,0,60,60
23964,165198,0,1000,0,0,0,60,60
23965,165202,0,1000,0,0,0,60,60
23967,165191,0,1000,0,0,0,60,60
23968,165192,0,1000,0,0,0,60,60
23969,0,0,0,0,0,0,60,60
23970,164815,0,1000,0,17353,0,60,60
23971,164767,0,1000,0,17353,0,60,60
23972,164790,0,1000,0,17353,0,60,60
23973,164671,0,1000,0,17353,0,60,60
23974,164811,0,1000,0,17353,0,60,60
23975,164812,0,1000,0,17353,0,60,60
23976,164813,0,1000,0,17353,0,60,60
23977,164814,0,1000,0,17353,0,60,60
23978,164676,0,1000,0,17353,0,60,60
23979,165189,0,1000,0,17353,0,60,60
23980,164680,0,1000,0,17353,0,60,60
23981,164819,0,1000,0,17353,0,60,60
23982,164821,0,1000,0,17353,0,60,60
23983,164828,0,1000,0,17353,0,60,60
23984,164829,0,1000,0,17353,0,60,60
23985,164830,0,1000,0,17353,0,60,60
23986,164681,0,1000,0,17353,0,60,60
23987,164816,0,1000,0,17353,0,60,60
23988,164817,0,1000,0,17353,0,60,60
23989,165190,0,1000,0,17353,0,60,60
23990,165254,0,1000,23773,0,0,60,60
23991,165021,0,1000,0,0,0,60,60
23993,165256,0,1000,23994,0,0,60,60
23994,164327,0,1000,0,0,0,60,60
23995,152181,0,1000,0,0,0,60,60
23996,155821,0,1000,0,0,0,60,60
24007,165319,0,1000,24019,0,0,60,60
24008,165333,0,1000,0,0,0,60,60
24009,165323,0,1000,24022,0,0,60,60
24016,164489,0,1000,0,0,0,60,60
24018,165317,0,1000,24064,0,0,60,60
24019,165320,0,1000,24020,0,0,60,60
24020,165321,0,1000,24021,0,0,60,60
24021,165322,0,1000,24009,0,0,60,60
24022,165324,0,1000,24023,0,0,60,60
24023,165325,0,1000,24024,0,0,60,60
24024,165326,0,1000,24025,0,0,60,60
24025,165327,0,1000,24026,0,0,60,60
24026,165328,0,1000,24027,0,0,60,60
24027,165329,0,1000,24028,0,0,60,60
24028,165330,0,1000,24029,0,0,60,60
24029,165331,0,1000,24030,0,0,60,60
24030,165332,0,1000,24008,0,0,60,60
24032,165334,0,1000,24033,0,0,60,60
24033,164394,0,1000,24034,0,0,60,60
24034,164395,0,5000,24036,0,0,60,60
24036,164406,0,1000,24037,0,0,60,60
24037,164407,0,1000,0,0,0,60,60
24040,164203,0,1000,24041,0,0,60,60
24041,164204,0,1000,0,0,0,60,60
24042,164450,0,1000,24043,0,0,60,60
24043,164454,0,1000,24044,0,0,60,60
24044,164455,0,1000,24045,0,0,60,60
24045,164463,0,1000,24046,0,0,60,60
24046,164464,0,1000,0,0,0,60,60
24047,164460,0,1000,24048,0,0,60,60
24048,164457,0,1000,0,0,0,60,60
24050,164459,0,1000,24051,0,0,60,60
24051,164461,0,1000,24185,0,0,60,60
24052,164472,0,1000,24186,0,0,60,60
24053,164475,0,1000,24054,0,0,60,60
24054,164478,0,1000,24055,0,0,60,60
24055,164480,0,1000,24056,0,0,60,60
24056,164482,0,1000,24057,0,0,60,60
24057,164483,0,1000,0,0,0,60,60
24058,164484,0,4000,24059,0,0,60,60
24059,164485,0,1000,24060,0,0,60,60
24060,164489,0,2000,24276,0,0,60,60
24061,164490,0,1000,24062,0,0,60,60
24062,164491,0,1000,0,0,0,60,60
24064,165318,0,1000,24007,0,0,60,60
24065,165277,0,0,24066,0,0,60,60
24066,165278,0,0,24067,0,0,60,60
24067,165279,0,0,24068,0,0,60,60
24068,165280,0,0,24069,0,0,60,60
24069,165281,0,0,0,0,0,60,60
24070,164201,0,6000,24071,0,0,60,60
24071,164202,0,1000,24072,0,0,60,60
24072,164203,0,1000,24073,0,0,60,60
24073,164204,0,1000,0,0,0,60,60
24074,165282,0,0,24075,0,0,60,60
24075,165283,0,0,24076,0,0,60,60
24076,165284,0,0,24077,0,0,60,60
24077,165285,0,0,24078,0,0,60,60
24078,165355,0,-1000,24079,0,0,60,60
24079,165356,0,1000,24080,0,0,60,60
24080,165357,0,0,24081,0,0,60,60
24081,165358,0,0,0,0,0,60,60
24086,165338,0,0,24087,0,0,60,60
24087,165339,0,0,24088,0,0,60,60
24088,165340,0,0,24089,0,0,60,60
24089,165341,0,0,24090,0,0,60,60
24090,165342,0,0,24093,0,0,60,60
24093,165345,0,0,24094,0,0,60,60
24094,165346,0,0,24095,0,0,60,60
24095,165347,0,0,0,0,0,60,60
24096,165348,0,0,24097,0,0,60,60
24097,165349,0,0,0,0,0,60,60
24098,165385,0,0,24099,0,0,60,60
24099,165386,0,0,0,0,0,60,60
24100,164450,0,1000,24101,0,0,60,60
24101,164454,0,1000,24102,0,0,60,60
24102,164455,0,1000,0,0,0,60,60
24104,164460,0,1000,24105,0,0,60,60
24105,164457,0,1000,0,0,0,60,60
24106,164458,0,1000,24107,0,0,60,60
24107,164459,0,1000,24108,0,0,60,60
24108,164461,0,1000,24109,0,0,60,60
24109,164462,0,0,24110,0,0,60,60
24110,164472,0,1000,0,0,0,60,60
24111,165195,0,1000,0,0,0,60,60
24112,164202,0,1000,24187,0,0,60,60
24113,164686,0,1000,24114,0,0,60,60
24114,164687,0,1000,0,0,0,60,60
24115,165153,0,1000,24116,0,1,60,60
24116,163968,0,1000,0,0,1,60,60
24117,165480,0,0,24118,0,0,60,60
24118,165481,0,0,24119,0,0,60,60
24119,165482,0,0,24120,0,0,60,60
24120,165483,0,0,24121,0,0,60,60
24121,165484,0,0,0,0,0,60,60
24122,165493,0,0,24123,0,1,60,60
24123,165494,0,0,24124,0,2,60,60
24124,165495,0,0,24125,0,0,60,60
24125,165496,0,0,24126,0,0,60,60
24126,165497,0,0,24127,0,0,60,60
24127,165498,0,0,0,0,0,60,60
24128,165500,0,0,24129,0,0,60,60
24129,165501,0,0,0,0,1,60,60
24131,164464,0,1000,24132,0,0,60,60
24132,164478,0,1000,24133,0,0,60,60
24133,164480,0,1000,24134,0,0,60,60
24134,164482,0,1000,24135,0,0,60,60
24135,164483,0,1000,0,0,0,60,60
24136,154219,0,1000,24137,0,0,60,60
24137,154161,0,1000,0,0,0,60,60
24138,165548,0,1000,24139,0,0,60,60
24139,165549,0,6000,24140,0,0,60,60
24140,165550,0,1000,24146,0,0,60,60
24141,165551,0,1000,24868,0,0,60,60
24143,165553,0,0,24144,0,1,60,60
24144,165547,0,0,0,0,1,60,60
24145,165554,0,1000,0,0,0,60,60
24146,165564,0,1000,24141,0,0,60,60
24147,162738,0,1000,24159,0,0,60,60
24148,162739,0,1000,24160,0,0,60,60
24149,162740,0,1000,24161,0,0,60,60
24150,162741,0,1000,24162,0,0,60,60
24151,165596,0,0,24155,0,0,60,60
24152,163878,0,1000,24153,0,0,60,60
24153,163881,0,2000,24154,0,0,60,60
24154,163883,0,1000,0,0,0,60,60
24155,165552,0,0,24156,0,0,60,60
24156,165597,0,0,24157,0,0,60,60
24157,165598,0,0,24158,0,0,60,60
24158,165599,0,1000,0,0,0,60,60
24159,0,0,0,0,0,0,60,60
24160,0,0,0,0,0,0,60,60
24161,0,0,0,0,0,0,60,60
24162,0,0,0,0,0,0,60,60
24163,165622,0,1000,0,0,0,60,60
24164,164713,0,1000,24165,0,0,60,60
24165,164919,0,1000,24166,0,0,60,60
24166,164920,0,1000,24167,0,0,60,60
24167,164921,0,1000,24168,0,0,60,60
24168,164922,0,1000,24169,0,0,60,60
24169,164923,0,1000,23660,0,0,60,60
24170,165624,0,1000,0,0,0,60,60
24171,165656,0,1000,24172,0,0,60,60
24172,165663,0,1000,24173,0,0,60,60
24173,165657,0,500,24175,0,0,60,60
24175,165658,0,0,24180,0,0,60,60
24180,165666,0,500,25017,0,0,60,60
24181,165662,0,1000,0,0,0,60,60
24182,164888,0,1000,24183,0,0,60,60
24183,164889,0,1000,0,0,0,60,60
24184,164458,0,1000,24050,0,0,60,60
24185,164462,0,1000,24052,0,0,60,60
24186,165396,0,1000,0,0,0,60,60
24187,164203,0,1000,24344,0,0,60,60
24189,165201,0,1000,0,0,0,60,60
24190,164661,0,1000,0,0,0,60,60
24191,165400,0,1000,0,0,0,60,60
24192,165401,0,1000,0,0,0,60,60
24193,165402,0,1000,24194,0,0,60,60
24194,165403,0,1000,24195,0,0,60,60
24195,165404,0,1000,0,0,0,60,60
24196,165405,0,1000,0,0,0,60,60
24197,165707,0,1000,24198,0,0,60,60
24198,165708,0,1000,24200,0,0,60,60
24200,165710,0,1000,24201,0,0,60,60
24201,165711,0,1000,24202,0,0,60,60
24202,165712,0,1000,24225,0,0,60,60
24203,164190,0,1000,0,0,0,60,60
24204,164191,0,1000,0,0,0,60,60
24206,164205,0,1000,0,0,0,60,60
24207,0,0,0,24208,0,0,60,60
24208,165727,0,1000,24209,0,0,60,60
24209,165728,0,1000,24210,0,0,60,60
24210,165729,0,1000,24211,0,0,60,60
24211,165730,0,1000,24212,0,0,60,60
24212,165731,0,1000,24213,0,0,60,60
24213,165732,0,1000,24214,0,0,60,60
24214,154522,0,1000,24215,0,0,60,60
24215,154523,0,1000,24216,0,0,60,60
24216,154524,0,1000,24217,0,0,60,60
24217,135915,0,1000,24218,0,0,60,60
24218,135916,0,1000,24219,0,0,60,60
24219,135917,0,1000,24220,0,0,60,60
24220,135918,0,1000,24221,0,0,60,60
24221,135919,0,1000,24222,0,0,60,60
24222,135920,0,1000,24223,0,0,60,60
24223,135921,0,1000,24224,0,0,60,60
24224,0,0,0,0,0,0,60,60
24225,0,0,1000,24226,0,0,60,60
24226,0,0,2000,24227,0,0,60,60
24227,0,0,0,24228,0,0,60,60
24228,0,0,0,0,0,0,60,60
24229,165506,0,1000,0,0,0,60,60
24230,165771,0,3000,24231,0,0,60,60
24231,165772,0,0,0,0,0,60,60
24232,164497,0,1000,0,0,0,60,60
24233,165787,0,0,24234,0,0,60,60
24234,165788,0,0,24235,0,0,60,60
24235,0,0,0,0,0,0,60,60
24240,165794,0,0,24241,0,0,60,60
24241,165795,0,0,24287,0,0,60,60
24242,0,0,0,24240,0,0,60,60
24243,0,0,0,0,0,0,60,60
24244,165408,0,1000,24245,0,0,60,60
24245,165409,0,1000,24246,0,0,60,60
24246,165410,0,1000,24261,0,0,60,60
24247,165416,0,1000,0,0,1,60,60
24261,165411,0,1000,24262,0,0,60,60
24262,165412,0,1000,24263,0,0,60,60
24263,165413,0,1000,24264,0,0,60,60
24264,165414,0,1000,24265,0,0,60,60
24265,165415,0,1000,24247,0,0,60,60
24266,165800,0,0,24267,0,0,60,60
24267,165801,0,0,24268,0,0,60,60
24268,165802,0,0,24269,0,0,60,60
24269,165804,0,0,0,0,0,60,60
24272,164858,0,1000,24273,0,1,60,60
24273,164865,0,1000,0,0,1,60,60
24274,164860,0,1000,24275,0,1,60,60
24275,164867,0,1000,0,0,1,60,60
24276,164490,0,1000,24277,0,0,60,60
24277,164491,0,1000,0,0,0,60,60
24278,163414,0,1000,0,0,0,60,60
24279,165837,0,0,24280,0,0,60,60
24280,165838,0,0,24281,0,0,60,60
24281,165839,0,0,24285,0,0,60,60
24282,165840,0,0,24283,0,0,60,60
24283,165841,0,0,24284,0,0,60,60
24284,165842,0,0,0,0,0,60,60
24285,0,0,0,24286,0,0,60,60
24286,0,0,0,24282,0,0,60,60
24287,0,0,0,24243,0,0,60,60
24288,165858,0,0,24289,0,0,60,60
24289,165859,0,0,24290,0,0,60,60
24290,165860,0,0,0,0,0,60,60
24291,0,0,2000,24292,0,0,60,60
24292,165854,0,0,24293,0,0,60,60
24293,165855,0,0,24294,0,0,60,60
24294,165856,0,0,24518,0,0,60,60
24295,165420,0,1000,0,0,0,60,60
24296,165620,0,0,24297,0,0,60,60
24297,0,0,3000,24298,0,0,60,60
24298,165861,0,0,0,0,0,60,60
24306,143436,0,1000,0,0,0,60,60
24307,143438,0,2000,24308,0,0,60,60
24308,143439,0,2000,0,0,0,60,60
24309,153500,0,1000,24314,0,2,60,60
24314,153500,0,1000,24315,0,2,60,60
24315,153500,0,1000,0,0,2,60,60
24318,143436,0,1000,0,0,0,60,60
24319,143438,0,2000,24320,0,0,60,60
24320,143439,0,1000,0,0,0,60,60
24321,165864,0,1000,24322,0,0,60,60
24322,165866,0,1000,24323,0,0,60,60
24323,165868,0,1000,24324,0,0,60,60
24324,165869,0,1000,0,0,0,60,60
24325,165873,0,1000,24329,0,0,60,60
24326,165876,0,0,24327,0,0,60,60
24327,0,0,500,24328,0,0,60,60
24328,165874,0,0,0,0,0,60,60
24329,165875,0,0,24326,0,0,60,60
24330,165792,0,0,24331,0,0,60,60
24331,0,0,500,24332,0,0,60,60
24332,165793,0,0,0,0,0,60,60
24335,165780,0,0,24336,0,0,60,60
24336,165768,0,0,24337,0,0,60,60
24337,165769,0,0,24338,0,0,60,60
24338,165779,0,0,24339,0,0,60,60
24339,165781,0,0,24340,0,0,60,60
24340,165782,0,0,0,0,0,60,60
24341,165682,0,1000,24342,0,0,60,60
24342,165683,0,1000,0,0,0,60,60
24344,164204,0,1000,0,0,0,60,60
24345,165889,0,0,24346,0,0,60,60
24346,165890,0,0,24347,0,0,60,60
24347,165891,0,0,24348,0,0,60,60
24348,165892,0,0,0,0,0,60,60
24349,165926,0,1000,24350,0,0,60,60
24350,165928,0,1000,0,0,0,60,60
24352,0,0,4000,22915,0,0,60,60
24353,0,0,2000,22909,0,0,60,60
24355,165931,0,1000,24356,0,0,60,60
24356,165932,0,1000,0,0,0,60,60
24357,0,0,4000,24367,0,0,60,60
24358,165955,0,1000,24360,0,0,60,60
24359,165946,0,1000,24358,0,0,60,60
24360,165949,0,1000,24361,0,0,60,60
24361,165948,0,1000,0,0,0,60,60
24362,164109,0,1000,0,0,0,60,60
24363,165954,0,1000,24364,0,0,60,60
24364,165947,0,1000,0,0,0,60,60
24367,163423,0,1000,26597,0,0,60,60
24368,165421,0,1000,24369,0,0,60,60
24369,165438,0,1000,24370,0,0,60,60
24370,165422,0,1000,24371,0,0,60,60
24371,165439,0,4000,24372,0,0,60,60
24372,165440,0,1000,24373,0,0,60,60
24373,165441,0,1000,24374,0,0,60,60
24374,165442,0,1000,24375,0,0,60,60
24375,165443,0,1000,24376,0,0,60,60
24376,165444,0,5000,24377,0,0,60,60
24377,165447,0,1000,24378,0,0,60,60
24378,165450,0,1000,24379,0,0,60,60
24379,165451,0,1000,0,0,0,60,60
24381,165992,0,1000,0,0,0,60,60
24382,165994,0,1000,24383,0,0,60,60
24383,165995,0,1000,0,0,0,60,60
24384,165997,0,1000,24385,0,0,60,60
24385,165998,0,1000,0,0,0,60,60
24386,166009,0,1000,24387,0,0,60,60
24387,166010,0,1000,0,0,0,60,60
24388,165464,0,1000,0,0,0,60,60
24389,165465,0,1000,24390,0,0,60,60
24390,165466,0,1000,0,0,0,60,60
24391,165467,0,1000,24392,0,0,60,60
24392,165468,0,1000,24393,0,0,60,60
24393,165469,0,1000,24394,0,0,60,60
24394,165470,0,1000,24395,0,0,60,60
24395,165471,0,1000,24396,0,0,60,60
24396,165472,0,1000,24397,0,0,60,60
24397,165473,0,5000,24398,0,0,60,60
24398,165474,0,0,0,0,0,60,60
24399,165686,0,1000,24400,0,0,60,60
24400,165687,0,1000,24401,0,0,60,60
24401,165688,0,1000,24402,0,0,60,60
24402,165689,0,1000,0,0,0,60,60
24403,162376,0,3000,0,16091,0,60,60
24404,165629,0,3000,24403,0,0,60,60
24405,166054,0,1000,24406,0,0,60,60
24406,166056,0,1000,0,0,0,60,60
24407,165893,0,1000,24408,0,0,60,60
24408,165895,0,1000,24409,0,0,60,60
24409,165896,0,1000,0,0,0,60,60
24410,165893,0,1000,0,0,0,60,60
24412,164943,0,1000,24413,0,1,60,60
24413,164927,0,1000,0,0,1,60,60
24414,164941,0,1000,24415,0,1,60,60
24415,164925,0,1000,0,0,1,60,60
24416,166231,0,1000,24417,0,0,60,60
24417,166232,0,1000,0,0,0,60,60
24418,164844,0,1000,24419,0,1,60,60
24419,164836,0,1000,0,0,1,60,60
24420,164952,0,1000,24421,0,1,60,60
24421,164939,0,1000,0,0,1,60,60
24422,165897,0,1000,24423,0,0,60,60
24423,165899,0,1000,0,0,0,60,60
24424,166247,0,1000,24425,0,0,60,60
24425,166248,0,1000,0,0,0,60,60
24426,166327,0,1000,0,0,0,60,60
24427,166343,0,0,24428,0,0,60,60
24428,166344,0,0,24429,0,0,60,60
24429,166345,0,0,24430,0,0,60,60
24430,166346,0,0,24431,0,0,60,60
24431,166347,0,0,24432,0,0,60,60
24432,166348,0,1000,24433,0,0,60,60
24433,166349,0,0,24434,0,0,60,60
24434,166350,0,1000,24435,0,0,60,60
24435,166351,0,0,24436,0,0,60,60
24436,166352,0,0,24437,0,0,60,60
24437,166353,0,0,24438,0,0,60,60
24438,0,0,0,24439,0,0,60,60
24439,0,0,0,24440,0,0,60,60
24440,0,0,2000,24441,0,0,60,60
24441,166355,0,0,24442,0,0,60,60
24442,166356,0,0,0,0,0,60,60
24443,166389,0,0,24444,0,0,60,60
24444,166390,0,0,24445,0,0,60,60
24445,166390,0,9000,24631,0,0,60,60
24448,165587,0,0,24450,0,0,60,60
24450,165588,0,0,0,0,0,60,60
24451,165589,0,0,24452,0,0,60,60
24452,165590,0,0,24453,0,0,60,60
24453,165591,0,0,0,0,0,60,60
24454,165592,0,0,24455,0,0,60,60
24455,165602,0,0,24456,0,0,60,60
24456,165603,0,0,24457,0,0,60,60
24457,165604,0,0,24458,0,0,60,60
24458,165605,0,0,0,0,0,60,60
24459,166398,0,1000,24460,0,0,60,60
24460,166399,0,1000,24903,0,0,60,60
24463,164969,0,1000,24464,0,0,60,60
24464,165045,0,4000,24465,0,0,60,60
24465,165046,0,1000,0,0,0,60,60
24466,165628,0,3000,24404,16091,0,60,60
24467,166255,552,1000,24468,0,0,60,60
24468,166256,554,0,24469,0,0,60,60
24469,166257,552,0,0,0,0,60,60
24470,0,0,4000,24471,0,0,60,60
24471,166405,0,1000,0,0,0,60,60
24473,164968,0,8000,24474,0,1,60,60
24474,165043,0,1000,0,0,0,60,60
24475,165900,0,1000,24476,0,0,60,60
24476,165901,0,1000,0,0,0,60,60
24477,164962,0,1000,24478,0,0,60,60
24478,166258,0,1000,0,0,0,60,60
24480,165903,0,1000,0,0,0,60,60
24481,166430,0,0,24482,0,0,60,60
24482,166431,0,0,24483,0,0,60,60
24483,166432,0,0,24484,0,0,60,60
24484,166433,0,0,24485,0,0,60,60
24485,166434,0,0,0,0,0,60,60
24486,166435,0,0,0,0,0,60,60
24487,166259,0,1000,24488,0,0,60,60
24488,166260,0,1000,24489,0,0,60,60
24489,166261,0,1000,0,0,0,60,60
24490,166465,0,2000,24491,0,0,60,60
24491,166466,0,2000,24492,0,0,60,60
24492,166467,0,2000,24493,0,0,60,60
24493,166468,0,2000,24494,0,0,60,60
24494,166469,0,2000,0,0,0,60,60
24495,0,0,6000,24490,0,0,60,60
24496,165647,0,0,24497,0,0,60,60
24497,165648,0,0,0,0,0,60,60
24498,166472,0,1000,24499,0,0,60,60
24499,166474,0,1000,0,0,0,60,60
24503,164250,0,1000,24504,0,0,60,60
24504,164251,0,1000,24507,0,0,60,60
24505,164262,0,1000,24508,0,0,60,60
24507,164264,0,4000,24505,0,0,60,60
24508,164265,0,1000,24509,0,0,60,60
24509,164266,0,1000,25382,0,0,60,60
24510,166263,0,1000,24511,0,0,60,60
24511,166264,0,1000,0,0,0,60,60
24512,166262,0,1000,0,0,1,60,60
24514,166265,0,1000,0,0,0,60,60
24516,166481,0,1000,0,0,0,60,60
24517,166482,0,1000,24624,0,0,60,60
24518,166484,0,0,0,0,0,60,60
24519,165857,0,0,24288,0,0,60,60
24520,162898,0,0,24521,0,0,60,60
24521,162899,0,0,24522,0,0,60,60
24522,162900,0,1000,24523,0,0,60,60
24523,163364,0,0,24524,0,0,60,60
24524,162904,0,0,24525,0,0,60,60
24525,165635,0,0,0,0,0,60,60
24526,166486,0,0,0,0,0,60,60
24528,166489,0,0,24526,0,0,60,60
24530,166534,0,1000,24531,0,0,60,60
24531,166536,0,1000,24532,0,0,60,60
24532,166537,0,1000,24533,0,0,60,60
24533,166538,0,1000,24534,0,0,60,60
24534,166539,0,1000,24535,0,0,60,60
24535,166540,0,1000,24536,0,0,60,60
24536,166541,0,1000,24537,0,0,60,60
24537,166542,0,1000,24538,0,0,60,60
24538,166543,0,1000,0,0,0,60,60
24539,162848,0,0,24541,0,0,60,60
24541,162846,0,0,24543,0,0,60,60
24543,162847,0,0,0,0,0,60,60
24545,165555,0,0,24546,0,0,60,60
24546,165556,0,0,24547,0,0,60,60
24547,165557,0,1000,24549,0,0,60,60
24548,165558,0,1000,24550,0,0,60,60
24549,165560,0,0,24548,0,0,60,60
24550,165561,0,0,24551,0,0,60,60
24551,165562,0,0,24552,0,0,60,60
24552,165563,0,1000,24553,0,0,60,60
24553,165565,0,0,24557,0,0,60,60
24557,165570,0,0,24558,0,0,60,60
24558,165571,0,0,0,0,0,60,60
24559,165902,0,1000,0,0,0,60,60
24560,166637,0,0,24561,0,0,60,60
24561,166638,0,0,0,0,1,60,60
24562,166639,0,0,24563,0,0,60,60
24563,166640,0,0,0,0,1,60,60
24564,165608,0,0,23187,0,0,60,60
24565,164410,0,1000,0,0,0,60,60
24566,166651,0,1000,24567,0,0,60,60
24567,166652,0,0,24568,0,0,60,60
24568,166653,0,0,24569,0,0,60,60
24569,166654,0,0,24570,0,0,60,60
24570,166655,0,0,0,0,0,60,60
24571,165572,0,0,24572,0,0,60,60
24572,165573,0,0,24574,0,0,60,60
24574,165575,0,1000,24575,0,0,60,60
24575,165576,0,0,24576,0,0,60,60
24576,165577,0,0,24577,0,0,60,60
24577,165578,0,0,24578,0,0,60,60
24578,165579,0,0,24579,0,0,60,60
24579,165580,0,0,24580,0,0,60,60
24580,165581,0,0,24581,0,0,60,60
24581,165582,0,0,0,0,0,60,60
24584,166680,0,0,24585,0,1,60,60
24585,166681,0,0,24586,0,0,60,60
24586,166682,0,0,24587,0,0,60,60
24587,166683,0,0,24588,0,0,60,60
24588,166684,0,0,24589,0,0,60,60
24589,166685,0,0,0,0,0,60,60
24590,165880,0,250,24591,0,0,60,60
24591,165879,0,0,24592,0,0,60,60
24592,0,0,1000,24593,0,0,60,60
24593,165883,0,0,24594,0,0,60,60
24594,165881,0,0,0,0,0,60,60
24595,166693,0,4000,24596,0,1,60,60
24596,166694,0,3000,24598,0,0,60,60
24598,166696,0,1000,0,0,1,60,60
24599,166699,0,1000,24600,0,0,60,60
24600,166700,0,1000,24601,0,0,60,60
24601,166701,0,1000,0,0,2,60,60
24602,166704,0,1000,24603,0,1,60,60
24603,166705,0,1000,0,0,1,60,60
24604,166708,0,1000,24605,0,0,60,60
24605,166709,0,5000,0,0,0,60,60
24606,162793,0,1000,0,0,0,60,60
24607,162798,0,1000,0,0,0,60,60
24608,165005,0,1000,0,0,0,60,60
24609,165004,0,1000,0,0,0,60,60
24610,165007,0,1000,0,0,0,60,60
24611,165009,0,1000,0,0,0,60,60
24612,165014,0,1000,0,0,0,60,60
24613,165016,0,1000,0,0,0,60,60
24614,165017,0,1000,0,0,0,60,60
24615,165018,0,1000,0,0,0,60,60
24616,165257,0,1000,0,0,0,60,60
24617,165266,0,1000,0,0,0,60,60
24618,165267,0,1000,0,0,0,60,60
24619,165269,0,1000,0,0,0,60,60
24620,165273,0,1000,0,0,0,60,60
24621,165274,0,1000,0,0,0,60,60
24622,165275,0,1000,0,0,0,60,60
24623,165276,0,1000,0,0,0,60,60
24624,166727,0,1000,25279,0,0,60,60
24625,166749,0,1000,0,0,0,60,60
24626,166750,0,1000,0,0,0,60,60
24627,164521,0,1000,0,0,0,60,60
24628,166340,0,1000,0,0,0,60,60
24629,166341,0,1000,0,0,0,60,60
24630,165836,0,0,24443,0,0,60,60
24631,166799,0,3000,24632,0,0,60,60
24632,166801,0,3000,24633,0,0,60,60
24633,166804,0,3000,24871,0,0,60,60
24634,166806,0,2000,24635,0,0,60,60
24635,166807,0,2000,24636,0,0,60,60
24636,166808,0,2000,24637,0,0,60,60
24637,166809,0,2000,24638,0,0,60,60
24638,166810,0,2000,24639,0,0,60,60
24639,166811,0,2000,24640,0,0,60,60
24640,166812,0,2000,24641,0,0,60,60
24641,166813,0,2000,24642,0,0,60,60
24642,166814,0,2000,24643,0,0,60,60
24643,166815,0,3000,24644,0,0,60,60
24644,166816,0,2000,24645,0,0,60,60
24645,166817,0,2000,0,0,0,60,60
24649,166818,0,1000,25469,0,0,60,60
24650,166266,0,1000,24666,0,0,60,60
24651,166602,0,0,24652,0,1,60,60
24652,166603,0,0,0,0,1,60,60
24654,166860,0,0,24655,0,0,60,60
24655,166861,0,0,24656,0,0,60,60
24656,166862,0,0,24657,0,0,60,60
24657,166863,0,0,24658,0,0,60,60
24658,166864,0,0,24659,0,0,60,60
24659,166865,0,12000,25066,0,0,60,60
24660,166162,0,1000,0,0,0,60,60
24661,166163,0,1000,0,0,0,60,60
24662,166866,0,2000,24663,0,1,60,60
24663,166867,0,2000,24664,0,1,60,60
24664,166868,0,4000,24671,0,0,60,60
24665,166869,0,1000,0,0,1,60,60
24666,166267,0,1000,24667,0,0,60,60
24667,166268,0,1000,0,0,0,60,60
24668,166875,0,2000,24669,0,0,60,60
24669,166876,0,2000,24670,0,0,60,60
24670,166877,0,0,0,0,0,60,60
24671,166874,0,3000,24668,0,0,60,60
24672,166853,0,2000,24673,0,0,60,60
24673,166854,0,4000,24674,0,0,60,60
24674,0,0,3500,24675,0,0,60,60
24675,166855,0,3000,0,0,0,60,60
24676,166891,0,0,24682,0,0,60,60
24677,166893,0,4000,24678,0,1,60,60
24678,166894,0,4000,24679,0,1,60,60
24679,166895,0,4000,24683,0,1,60,60
24680,166897,0,0,0,0,0,60,60
24681,165646,0,0,0,0,0,60,60
24682,166892,0,0,24677,0,0,60,60
24683,166896,0,0,24680,0,0,60,60
24684,165905,0,1000,24685,0,0,60,60
24685,164853,0,1000,24686,0,0,60,60
24686,164854,0,1000,24687,0,0,60,60
24687,164855,0,1000,0,0,0,60,60
24688,166270,0,1000,24689,0,0,60,60
24689,166271,0,1000,24690,0,0,60,60
24690,166272,0,1000,24691,0,0,60,60
24691,166273,0,1000,0,0,0,60,60
24694,166155,0,1000,0,0,0,60,60
24695,166156,0,1000,0,0,0,60,60
24696,166153,0,1000,0,0,0,60,60
24697,166154,0,1000,0,0,0,60,60
24698,166157,0,1000,0,0,0,60,60
24699,166159,0,1000,0,0,0,60,60
24703,166918,0,1000,0,0,0,60,60
24704,163986,0,1000,0,0,0,60,60
24705,166329,0,1000,0,0,0,60,60
24706,166735,0,1000,22896,0,0,60,60
24707,166160,0,1000,0,0,0,60,60
24708,166161,0,1000,0,0,0,60,60
24709,166296,0,1000,24710,0,0,60,60
24710,166297,0,1000,0,0,0,60,60
24711,165906,0,1000,24712,0,0,60,60
24712,165910,0,1000,0,0,0,60,60
24713,166274,0,1000,24714,0,0,60,60
24714,166275,0,1000,0,0,0,60,60
24715,165912,0,3000,24716,0,0,60,60
24716,165914,0,3000,24717,0,0,60,60
24717,165915,0,1000,0,0,0,60,60
24718,164932,0,0,24719,0,1,60,60
24719,164946,0,0,24720,0,1,60,60
24720,164931,0,0,0,0,1,60,60
24721,165270,0,3000,24722,0,0,60,60
24722,165271,0,5000,24723,0,1,60,60
24723,165272,0,0,0,0,0,60,60
24724,165250,0,10000,24725,0,1,60,60
24725,165251,0,10000,24726,0,1,60,60
24726,165252,0,0,0,0,1,60,60
24727,164180,0,1000,24728,0,0,60,60
24728,164292,0,1000,24729,0,0,60,60
24729,164293,0,1000,24730,0,0,60,60
24730,164294,0,1000,24731,0,0,60,60
24731,164295,0,1000,24732,0,0,60,60
24732,164296,0,0,0,0,0,60,60
24733,167019,0,1000,24734,0,0,60,60
24734,167020,0,1000,0,0,0,60,60
24738,164690,0,1000,24739,0,0,60,60
24739,164691,0,1000,24740,0,0,60,60
24740,164692,0,1000,0,0,0,60,60
24741,164695,0,1000,24742,0,0,60,60
24742,164696,0,1000,24743,0,0,60,60
24743,164697,0,1000,0,0,0,60,60
24744,164693,0,1000,24745,0,0,60,60
24745,164694,0,1000,0,0,0,60,60
24746,164693,0,1000,24747,0,0,60,60
24747,164702,0,1000,0,0,0,60,60
24748,166276,0,1000,0,0,0,60,60
24749,164649,0,1000,24738,0,0,60,60
24750,166777,0,1000,0,0,0,60,60
24751,162640,0,1000,24752,0,0,60,60
24752,163323,0,1000,24753,0,0,60,60
24753,162760,0,1000,0,0,0,60,60
24754,167026,0,0,24755,0,0,60,60
24755,167027,0,0,24756,0,0,60,60
24756,167031,0,0,0,0,0,60,60
24757,166277,0,500,24758,0,0,60,60
24758,166278,0,0,24759,0,0,60,60
24759,166279,0,0,24760,0,0,60,60
24760,166280,0,0,0,0,0,60,60
24766,167038,0,0,24767,0,0,60,60
24767,164456,0,0,24768,0,0,60,60
24768,163316,0,0,0,0,0,60,60
24769,167053,0,0,0,0,0,60,60
24770,167073,0,2000,0,0,0,60,60
24771,167076,0,0,0,0,0,60,60
24772,164336,0,1000,24773,0,0,60,60
24773,164338,0,1000,24774,0,0,60,60
24774,164340,0,1000,24775,0,0,60,60
24775,164341,0,1000,0,0,0,60,60
24776,165446,0,0,24777,0,1,60,60
24777,165744,0,0,24778,0,1,60,60
24778,165745,0,0,24779,0,1,60,60
24779,165746,0,0,0,0,1,60,60
24780,166317,0,1000,24825,0,1,60,60
24782,166052,0,1000,24783,0,0,60,60
24783,166053,0,1000,24784,0,0,60,60
24784,166055,0,1000,0,0,0,60,60
24785,167086,0,3000,24786,0,0,60,60
24786,167087,0,5000,0,0,0,60,60
24787,166186,0,1000,24788,0,0,60,60
24788,166117,0,1000,0,0,0,60,60
24789,166188,0,1000,24790,0,0,60,60
24790,166119,0,1000,0,0,0,60,60
24791,166187,0,1000,24792,0,0,60,60
24792,166118,0,1000,0,0,0,60,60
24793,166191,0,1000,24794,0,0,60,60
24794,166122,0,1000,0,0,0,60,60
24795,166190,0,1000,24796,0,0,60,60
24796,166121,0,1000,0,0,0,60,60
24797,166189,0,1000,24798,0,0,60,60
24798,166120,0,1000,0,0,0,60,60
24799,166174,0,1000,24800,0,0,60,60
24800,166105,0,1000,0,0,0,60,60
24801,166176,0,1000,24802,0,0,60,60
24802,166107,0,1000,0,0,0,60,60
24803,166178,0,1000,24804,0,0,60,60
24804,166109,0,1000,0,0,0,60,60
24805,166180,0,1000,24806,0,0,60,60
24806,166111,0,1000,0,0,0,60,60
24807,166182,0,1000,24808,0,0,60,60
24808,166113,0,1000,0,0,0,60,60
24809,166184,0,1000,24810,0,0,60,60
24810,166115,0,1000,0,0,0,60,60
24811,166175,0,1000,24812,0,0,60,60
24812,166106,0,1000,0,0,0,60,60
24813,166181,0,1000,24814,0,0,60,60
24814,166112,0,1000,0,0,0,60,60
24815,166179,0,1000,24816,0,0,60,60
24816,166110,0,1000,0,0,0,60,60
24817,166177,0,1000,24818,0,0,60,60
24818,166108,0,1000,0,0,0,60,60
24819,166183,0,1000,24820,0,0,60,60
24820,166114,0,1000,0,0,0,60,60
24821,166185,0,1000,24822,0,0,60,60
24822,166116,0,1000,0,0,0,60,60
24823,167107,0,0,24824,0,0,60,60
24824,167108,0,0,0,0,0,60,60
24825,166318,0,1000,0,0,1,60,60
24826,167114,0,0,24827,0,0,60,60
24827,167115,0,1000,0,0,0,60,60
24828,167132,0,1000,24829,0,0,60,60
24829,167133,0,1000,0,0,0,60,60
24830,165916,0,1000,24831,0,0,60,60
24831,165917,0,1000,0,0,0,60,60
24832,165918,0,1000,25310,0,0,60,60
24833,166057,0,0,24834,0,0,60,60
24834,166058,0,0,24835,0,0,60,60
24835,166059,0,0,24836,0,0,60,60
24836,166060,0,0,24837,0,0,60,60
24837,166061,0,0,0,0,0,60,60
24838,166285,0,0,24839,0,1,60,60
24839,166286,0,0,0,0,1,60,60
24840,165920,0,1000,0,0,0,60,60
24841,165925,0,1000,24842,0,0,60,60
24842,165927,0,1000,25311,0,0,60,60
24844,164375,0,1000,24845,0,0,60,60
24845,164376,0,2000,23395,0,0,60,60
24846,165012,0,1000,24847,0,1,60,60
24847,165008,0,1000,24848,0,1,60,60
24848,165013,0,1000,0,0,1,60,60
24849,165010,0,1000,0,0,1,60,60
24850,165966,0,1000,24851,0,1,60,60
24851,165967,0,1000,0,0,1,60,60
24852,167203,0,1000,24853,0,0,60,60
24853,167205,0,1000,0,0,0,60,60
24854,167220,0,1000,24855,0,0,60,60
24855,167215,0,1000,0,0,0,60,60
24856,166192,0,1000,0,0,0,60,60
24857,166193,0,1000,0,0,0,60,60
24858,166194,0,1000,0,0,0,60,60
24859,166195,0,1000,0,0,0,60,60
24860,166196,0,1000,0,0,0,60,60
24861,166197,0,1000,0,0,0,60,60
24862,166198,0,1000,0,0,0,60,60
24863,166199,0,1000,0,0,0,60,60
24864,166200,0,1000,0,0,0,60,60
24865,166201,0,1000,0,0,0,60,60
24866,166202,0,1000,0,0,0,60,60
24867,166203,0,1000,0,0,0,60,60
24868,167303,0,0,0,0,0,60,60
24869,166287,0,0,24870,0,0,60,60
24870,166288,0,0,0,0,0,60,60
24871,167319,0,2000,24872,0,0,60,60
24872,167318,0,2000,24634,0,0,60,60
24873,167320,0,0,24874,0,0,60,60
24874,167321,0,0,24875,0,0,60,60
24875,167322,0,0,0,0,0,60,60
24876,167323,0,0,24877,0,0,60,60
24877,167324,0,0,0,0,0,60,60
24878,163688,0,1000,0,0,1,60,60
24879,163691,0,1000,0,0,1,60,60
24880,163686,0,1000,0,0,1,60,60
24881,163687,0,1000,0,0,1,60,60
24882,165696,0,1000,0,0,0,60,60
24883,163679,0,0,24884,0,1,60,60
24884,163723,0,0,24885,0,1,60,60
24885,163724,0,0,24886,0,1,60,60
24886,163957,0,0,24887,0,1,60,60
24887,163725,0,0,0,0,1,60,60
24888,167388,0,0,24889,0,0,60,60
24889,167403,0,0,24890,0,0,60,60
24890,167404,0,0,24891,0,0,60,60
24891,167405,0,0,24892,0,0,60,60
24892,167406,0,0,0,0,0,60,60
24893,167389,0,1000,24894,0,0,60,60
24894,167407,0,0,24895,0,0,60,60
24895,167408,0,0,0,0,0,60,60
24896,163620,0,0,0,0,0,60,60
24897,163659,0,0,0,0,0,60,60
24898,137157,0,1000,0,0,1,60,60
24899,146772,0,1000,0,0,1,60,60
24900,166400,0,1000,24901,0,0,60,60
24901,167441,0,0,24902,0,0,60,60
24902,167442,0,0,0,0,0,60,60
24903,167445,0,0,0,0,0,60,60
24904,165350,0,0,22788,0,0,60,60
24905,166165,0,1000,0,0,0,60,60
24906,166166,0,1000,0,0,0,60,60
24908,166290,0,0,24909,0,0,60,60
24909,166291,0,0,24910,0,0,60,60
24910,166292,0,0,0,0,0,60,60
24912,166294,0,0,24913,0,1,60,60
24913,166295,0,0,0,0,1,60,60
24914,167469,0,0,24915,0,1,60,60
24915,167470,0,0,24916,0,1,60,60
24916,167471,0,0,24917,0,1,60,60
24917,167472,0,0,0,0,1,60,60
24918,167473,0,0,0,0,0,60,60
24919,167474,0,0,0,0,1,60,60
24920,167475,0,0,0,0,1,60,60
24921,167476,0,0,0,0,1,60,60
24922,167477,0,0,0,0,1,60,60
24923,167478,0,0,24924,0,0,60,60
24924,167479,0,0,24925,0,0,60,60
24925,167480,0,0,0,0,0,60,60
24926,167481,0,1000,24927,0,0,60,60
24927,167482,0,1000,24928,0,0,60,60
24928,167483,0,1000,0,0,0,60,60
24929,167487,0,0,24930,0,0,60,60
24930,165156,0,0,0,0,0,60,60
24931,166303,0,0,24932,0,0,60,60
24932,166304,0,0,24933,0,0,60,60
24933,166306,0,0,24934,0,0,60,60
24934,166307,0,0,24935,0,0,60,60
24935,166308,0,0,0,0,0,60,60
24936,164693,0,1000,24937,0,0,60,60
24937,164694,0,1000,0,0,0,60,60
24938,167493,0,1000,25829,0,0,60,60
24939,165638,0,1000,24940,0,0,60,60
24940,163588,0,1000,0,0,0,60,60
24941,167494,0,1000,24942,0,1,60,60
24942,167495,0,1000,0,0,0,60,60
24943,167497,0,1000,24944,0,0,60,60
24944,167498,0,1000,0,0,0,60,60
24945,166311,0,0,24946,0,0,60,60
24946,166312,0,0,0,0,0,60,60
24947,165745,0,0,24948,0,1,60,60
24948,165746,0,0,0,0,1,60,60
24949,166316,0,0,0,0,0,60,60
24950,166319,0,0,24951,0,0,60,60
24951,166052,0,1000,24952,0,0,60,60
24952,166053,0,1000,24953,0,0,60,60
24953,166055,0,1000,0,0,0,60,60
24954,154478,0,1000,24955,0,0,60,60
24955,140506,0,1000,0,0,0,60,60
24956,166323,0,0,24957,0,0,60,60
24957,166057,0,0,24958,0,0,60,60
24958,166058,0,0,24959,0,0,60,60
24959,166059,0,0,24960,0,0,60,60
24960,166060,0,0,24961,0,0,60,60
24961,166061,0,0,0,0,0,60,60
24962,166325,0,0,0,0,0,60,60
24963,166326,0,0,0,0,0,60,60
24964,166309,0,0,0,0,0,60,60
24965,167541,0,5000,24966,0,1,60,60
24966,167543,0,4000,24967,0,0,60,60
24967,167542,0,1000,0,0,1,60,60
24968,166249,0,0,0,0,0,60,60
24969,166250,0,0,0,0,0,60,60
24970,165463,0,1000,0,0,1,60,60
24971,165460,0,1000,0,0,1,60,60
24972,165748,0,1000,0,0,1,60,60
24973,165434,0,1000,0,0,1,60,60
24974,167553,0,1000,24975,0,0,60,60
24975,167555,0,1000,24977,0,0,60,60
24976,137157,0,1000,0,0,0,60,60
24977,167558,0,1000,0,0,0,60,60
24978,167557,0,1000,0,0,0,60,60
24979,164405,0,1000,0,0,0,60,60
24980,167563,0,0,24981,0,0,60,60
24981,167565,0,0,0,0,0,60,60
24982,167564,0,0,0,0,0,60,60
24983,167566,0,0,24984,0,0,60,60
24984,167567,0,0,24985,0,0,60,60
24985,167568,0,0,0,0,0,60,60
24986,167569,0,0,24987,0,0,60,60
24987,167570,0,0,24988,0,0,60,60
24988,167571,0,0,0,0,0,60,60
24989,165061,0,1000,24990,0,1,60,60
24990,165060,0,1000,24991,0,1,60,60
24991,165062,0,1000,24992,0,1,60,60
24992,165063,0,1000,0,0,1,60,60
24993,163979,0,0,24994,0,1,60,60
24994,164019,0,0,0,0,1,60,60
24997,167577,0,0,24998,0,1,60,60
24998,167578,0,0,0,0,0,60,60
24999,167668,0,0,0,0,0,60,60
25000,167669,0,0,0,0,0,60,60
25001,167670,0,0,0,0,0,60,60
25003,167672,0,1000,25004,0,0,60,60
25004,167673,0,1000,25005,0,0,60,60
25005,167674,0,1000,25006,0,0,60,60
25006,167675,0,1000,25007,0,0,60,60
25007,167676,0,1000,0,0,0,60,60
25008,167646,0,1000,25010,0,0,60,60
25010,167650,0,1000,0,0,0,60,60
25011,167651,0,0,0,0,0,60,60
25013,166251,0,0,0,0,0,60,60
25014,166252,0,0,25015,0,0,60,60
25015,166253,0,0,25016,0,0,60,60
25016,166254,0,0,0,0,0,60,60
25017,165665,0,500,24181,0,0,60,60
25018,167740,0,0,25019,0,0,60,60
25019,167741,0,0,25020,0,0,60,60
25020,167742,0,0,0,0,0,60,60
25021,167746,0,0,25022,0,0,60,60
25022,167747,0,0,25024,0,0,60,60
25024,167748,0,0,0,0,0,60,60
25025,167749,0,0,25026,0,0,60,60
25026,167750,0,0,0,0,0,60,60
25027,164020,0,2000,25380,0,1,60,60
25028,166281,0,1000,0,0,0,60,60
25037,167963,0,1000,25038,0,0,60,60
25038,167964,0,1000,25039,0,0,60,60
25039,167965,0,1000,25040,0,0,60,60
25040,167966,0,1000,25041,0,0,60,60
25041,167967,0,1000,0,0,0,60,60
25042,167968,0,1000,25359,0,0,60,60
25043,168034,0,0,0,0,0,60,60
25044,166282,0,0,0,0,1,60,60
25052,168066,0,3000,25053,0,0,60,60
25053,168067,0,1000,0,0,0,60,60
25054,168185,0,1000,25355,0,0,60,60
25057,168220,0,1000,0,0,0,60,60
25058,168221,0,2000,25059,0,0,60,60
25059,168222,0,4000,25057,0,0,60,60
25060,166168,0,1000,0,0,0,60,60
25061,166169,0,1000,0,0,0,60,60
25062,166170,0,1000,0,0,0,60,60
25063,166171,0,1000,0,0,0,60,60
25064,166172,0,1000,0,0,0,60,60
25065,166173,0,1000,0,0,0,60,60
25066,168262,0,0,25067,0,0,60,60
25067,168261,0,0,0,0,0,60,60
25068,168268,0,0,25069,0,0,60,60
25069,168269,0,1000,0,0,0,60,60
25070,166204,0,1000,0,0,0,60,60
25071,166205,0,1000,0,0,0,60,60
25072,166206,0,1000,0,0,0,60,60
25073,166207,0,1000,0,0,0,60,60
25074,166208,0,1000,0,0,0,60,60
25075,166209,0,1000,0,0,0,60,60
25076,168059,0,2000,25077,0,0,60,60
25077,168062,0,1000,0,0,0,60,60
25078,168063,0,2000,25079,0,0,60,60
25079,168060,0,1000,0,0,0,60,60
25080,168061,0,2000,25081,0,0,60,60
25081,168064,0,1000,0,0,0,60,60
25082,0,0,4000,25083,0,0,60,60
25083,168415,0,1000,0,0,0,60,60
25084,168419,0,0,25085,0,0,60,60
25085,168420,0,0,25086,0,0,60,60
25086,168422,0,0,25087,0,0,60,60
25087,168452,0,0,25088,0,0,60,60
25088,168427,0,0,0,0,0,60,60
25089,168435,0,0,25090,0,0,60,60
25090,168426,0,0,25091,0,0,60,60
25091,168446,0,0,25092,0,0,60,60
25092,168447,0,0,25093,0,0,60,60
25093,168437,0,0,0,0,0,60,60
25094,168430,0,1000,25095,0,0,60,60
25095,168431,0,1000,0,0,0,60,60
25096,168807,0,1000,25097,0,0,60,60
25097,168808,0,1000,25098,0,0,60,60
25098,168809,0,1000,25100,0,0,60,60
25099,168805,0,1000,25096,0,0,60,60
25100,168810,0,1000,0,0,0,60,60
25101,168813,0,1000,25102,0,0,60,60
25102,168814,0,1000,25103,0,0,60,60
25103,168815,0,1000,0,0,0,60,60
25104,168819,0,1000,25105,0,0,60,60
25105,168820,0,2000,25106,0,0,60,60
25106,168821,0,2000,25107,0,0,60,60
25107,168822,0,2000,25108,0,0,60,60
25108,168823,0,0,0,0,0,60,60
25109,168838,0,1000,25110,0,0,60,60
25110,168839,0,0,0,0,0,60,60
25111,168831,0,1000,25112,0,0,60,60
25112,168832,0,1000,25113,0,0,60,60
25113,168833,0,1000,25114,0,0,60,60
25114,168834,0,1000,25115,0,0,60,60
25115,168835,0,1000,25116,0,0,60,60
25116,168836,0,1000,25117,0,0,60,60
25117,168837,0,1000,0,0,0,60,60
25118,168843,0,0,0,0,0,60,60
25119,168844,0,1000,25120,0,0,60,60
25120,168845,0,1000,25121,0,0,60,60
25121,168846,0,1000,25122,0,0,60,60
25122,168847,0,1000,26174,0,0,60,60
25123,168848,0,0,0,0,0,60,60
25124,162903,0,1000,0,0,0,60,60
25125,168850,0,1000,25126,0,0,60,60
25126,168851,0,1000,25127,0,0,60,60
25127,168852,0,1000,26431,0,0,60,60
25128,168859,0,1000,25129,0,0,60,60
25129,168860,0,1000,25130,0,0,60,60
25130,168861,0,1000,25131,0,0,60,60
25131,168862,0,1000,26188,0,0,60,60
25132,168877,0,0,0,0,0,60,60
25133,168879,0,1000,25134,0,0,60,60
25134,168883,0,1000,25135,0,0,60,60
25135,168885,0,1000,25136,0,0,60,60
25136,168886,0,1000,25137,0,0,60,60
25137,168888,0,1000,25138,0,0,60,60
25138,168890,0,1000,25139,0,0,60,60
25139,168891,0,1000,25140,0,0,60,60
25140,168892,0,1000,25141,0,0,60,60
25141,168893,0,1000,25142,0,0,60,60
25142,168894,0,1000,25143,0,0,60,60
25143,168895,0,1000,25144,0,0,60,60
25144,168896,0,1000,25145,0,0,60,60
25145,168897,0,1000,25146,0,0,60,60
25146,168898,0,1000,0,0,0,60,60
25150,168907,0,500,25151,0,0,60,60
25151,168908,0,0,25300,0,0,60,60
25152,168911,0,1000,25153,0,0,60,60
25153,168912,0,1000,0,0,0,60,60
25154,0,0,3000,23661,0,0,60,60
25159,168917,0,0,25160,0,1,60,60
25160,168919,0,0,0,0,1,60,60
25172,168946,0,1000,25173,0,0,60,60
25173,168947,0,1000,25174,0,0,60,60
25174,168948,0,1000,0,0,0,60,60
25175,162946,0,4000,25176,0,0,60,60
25176,162889,0,0,25177,0,0,60,60
25177,162890,0,0,25178,0,0,60,60
25178,162891,0,0,25179,0,0,60,60
25179,162892,0,0,25180,0,0,60,60
25180,162893,0,0,25181,0,0,60,60
25181,162894,0,0,25182,0,0,60,60
25182,162895,0,0,25183,0,0,60,60
25183,162896,0,0,0,0,0,60,60
25184,168956,0,3000,25185,0,0,60,60
25185,167448,0,1000,0,0,0,60,60
25186,165748,0,1000,0,0,1,60,60
25187,168957,0,1000,25417,0,0,60,60
25188,163595,0,500,23750,8599,0,60,60
25189,168963,0,500,25190,0,0,60,60
25190,168964,0,1000,0,0,0,60,60
25193,168972,0,1000,25219,0,0,60,60
25194,164201,0,1000,0,0,0,60,60
25196,169009,0,1000,25197,0,0,60,60
25197,169010,0,1000,25198,0,0,60,60
25198,169011,0,1000,0,0,0,60,60
25199,169006,0,1000,25200,0,0,60,60
25200,169007,0,1000,25201,0,0,60,60
25201,169008,0,1000,0,0,0,60,60
25202,169031,0,0,25203,0,0,60,60
25203,169032,0,0,25209,0,0,60,60
25205,169034,0,1000,0,0,1,60,60
25207,169037,0,1000,0,0,1,60,60
25208,165020,0,1000,0,0,0,60,60
25209,169038,0,1000,25210,0,0,60,60
25210,169039,0,0,0,0,0,60,60
25212,164286,0,1000,25213,0,0,60,60
25213,164284,0,3000,23904,0,0,60,60
25214,164285,0,1000,25212,0,0,60,60
25219,169041,0,1000,25552,0,0,60,60
25220,164086,0,0,25221,0,0,60,60
25221,164092,0,0,25222,0,0,60,60
25222,164093,0,0,25223,0,0,60,60
25223,164890,0,0,25224,0,0,60,60
25224,164891,0,0,25225,0,0,60,60
25225,164892,0,1000,25226,0,0,60,60
25226,164058,0,1000,25227,0,0,60,60
25227,164893,0,0,25228,0,0,60,60
25228,164895,0,1000,0,0,0,60,60
25230,164463,0,1000,24131,0,0,60,60
25232,165692,0,1000,25233,0,0,60,60
25233,164475,0,1000,0,0,0,60,60
25234,166300,0,1000,25235,0,1,60,60
25235,166301,0,1000,25236,0,1,60,60
25236,166302,0,1000,0,0,1,60,60
25242,169097,0,1000,0,0,0,60,60
25243,169098,0,1000,26655,0,0,60,60
25244,169099,0,1000,0,0,0,60,60
25245,169100,0,1000,0,0,0,60,60
25246,166222,0,1000,0,0,0,60,60
25247,166224,0,1000,0,0,0,60,60
25248,166223,0,1000,0,0,0,60,60
25249,166226,0,1000,0,0,0,60,60
25250,166211,0,1000,0,0,0,60,60
25251,166210,0,1000,0,0,0,60,60
25252,163235,0,1000,0,0,0,60,60
25253,163229,0,1000,0,0,0,60,60
25254,163237,0,1000,0,0,0,60,60
25255,163236,0,1000,0,0,0,60,60
25256,163241,0,1000,0,0,0,60,60
25257,163240,0,1000,0,0,0,60,60
25258,163239,0,1000,0,0,0,60,60
25259,163238,0,1000,0,0,0,60,60
25260,166220,0,1000,0,0,0,60,60
25261,166217,0,1000,0,0,0,60,60
25262,163220,0,1000,0,0,0,60,60
25263,163219,0,1000,0,0,0,60,60
25264,163225,0,1000,0,0,0,60,60
25265,163224,0,1000,0,0,0,60,60
25266,163227,0,1000,0,0,0,60,60
25267,163226,0,1000,0,0,0,60,60
25268,163218,0,1000,0,0,0,60,60
25269,163217,0,1000,0,0,0,60,60
25270,169121,0,1000,0,0,0,60,60
25271,166800,0,1000,0,0,0,60,60
25272,166802,0,1000,25273,0,0,60,60
25273,166803,0,1000,25271,0,0,60,60
25274,169125,0,0,25275,0,0,60,60
25275,169126,0,0,25276,0,0,60,60
25276,169127,0,5000,25277,0,0,60,60
25277,169128,0,1000,25278,0,0,60,60
25278,169129,0,0,0,0,0,60,60
25279,169130,0,1000,25280,0,0,60,60
25280,169131,0,1000,24516,0,0,60,60
25281,169132,0,1000,25282,0,0,60,60
25282,169134,0,1000,25283,0,0,60,60
25283,169137,0,1000,0,0,0,60,60
25284,169141,0,1000,25285,0,0,60,60
25285,169142,0,1000,25286,0,0,60,60
25286,169144,0,1000,25287,0,0,60,60
25287,169146,0,1000,0,0,0,60,60
25288,169147,0,1000,25289,0,0,60,60
25289,169148,0,1000,25290,0,0,60,60
25290,169149,0,1000,0,0,0,60,60
25291,166374,0,1000,25292,0,0,60,60
25292,166375,0,1000,24840,0,0,60,60
25294,164229,0,9000,25304,0,0,60,60
25300,169157,0,1000,25301,0,0,60,60
25301,169155,0,1000,25302,0,0,60,60
25302,169158,0,0,25303,0,0,60,60
25303,169156,0,1000,0,0,0,60,60
25304,164259,0,4000,25305,0,0,60,60
25305,164256,0,4000,25306,0,0,60,60
25306,164255,0,4000,25307,0,0,60,60
25307,164260,0,4000,25308,0,0,60,60
25308,164258,0,0,0,0,0,60,60
25310,166372,0,1000,0,0,0,60,60
25311,166380,0,1000,0,0,0,60,60
25312,166376,0,0,25313,0,0,60,60
25313,165923,0,0,25314,0,0,60,60
25314,163918,0,0,25315,0,0,60,60
25315,163925,0,0,25316,0,0,60,60
25316,166298,0,0,0,0,0,60,60
25319,166607,0,0,25320,0,1,60,60
25320,166608,0,3000,26056,0,1,60,60
25321,169190,0,0,25322,0,0,60,60
25322,169192,0,1000,0,0,0,60,60
25323,169188,0,1000,25324,0,0,60,60
25324,169191,0,1000,0,0,0,60,60
25325,0,0,2000,25326,0,0,60,60
25326,169193,0,2000,25327,0,0,60,60
25327,169194,0,2000,26657,0,0,60,60
25328,169195,0,1000,0,0,0,60,60
25329,165627,0,1000,0,1298,0,60,60
25330,169264,0,1000,25391,0,0,60,60
25335,169267,0,2000,25336,0,0,60,60
25336,169269,0,1000,25833,0,0,60,60
25337,0,0,4000,22851,0,0,60,60
25338,169274,0,1000,0,0,0,60,60
25339,169275,0,1000,0,0,0,60,60
25340,169276,0,1000,0,0,0,60,60
25341,169277,0,1000,25342,0,0,60,60
25342,169278,0,1000,25343,0,0,60,60
25343,169279,0,1000,25344,0,0,60,60
25344,169280,0,1000,25345,0,0,60,60
25345,169281,0,2000,25346,0,0,60,60
25346,169282,0,1000,0,0,0,60,60
25347,163782,0,1000,0,0,1,60,60
25348,163757,0,1000,0,0,1,60,60
25349,163754,0,1000,0,0,1,60,60
25350,163753,0,1000,0,0,1,60,60
25351,166611,0,0,25352,0,1,60,60
25352,166618,0,0,0,0,1,60,60
25353,169298,0,1000,0,0,0,60,60
25354,167961,0,1000,25054,0,0,60,60
25355,167962,0,1000,25356,0,0,60,60
25356,169299,0,1000,25357,0,0,60,60
25357,169300,0,1000,25358,0,0,60,60
25358,169301,0,1000,0,0,0,60,60
25359,169312,0,1000,25360,0,0,60,60
25360,169314,0,1000,25037,0,0,60,60
25361,164947,0,1000,25362,0,1,60,60
25362,164933,0,1000,0,0,1,60,60
25363,164852,0,1000,25364,0,1,60,60
25364,164838,0,1000,0,0,1,60,60
25365,0,0,0,25444,0,0,60,60
25367,0,0,5000,23050,0,0,60,60
25368,0,0,1000,22997,0,0,60,60
25369,169340,0,1000,0,0,0,60,60
25375,163989,0,0,0,0,1,60,60
25376,164944,0,1000,25377,0,1,60,60
25377,164926,0,1000,0,0,1,60,60
25378,164857,0,1000,25379,0,1,60,60
25379,164866,0,1000,0,0,1,60,60
25380,163989,0,0,0,0,1,60,60
25382,169302,0,1000,0,0,0,60,60
25383,169385,0,1000,25385,0,0,60,60
25385,169387,0,1000,25386,0,0,60,60
25386,169388,0,1000,25937,0,0,60,60
25387,169389,0,1000,25388,0,0,60,60
25388,169390,0,1000,0,0,0,60,60
25391,169391,0,1000,0,0,0,60,60
25392,164674,0,1000,0,0,0,60,60
25417,169413,0,1000,0,0,0,60,60
25418,165809,0,2000,25419,0,0,60,60
25419,165810,0,3500,25420,0,0,60,60
25420,165811,0,4000,25421,0,0,60,60
25421,165812,0,4000,25422,0,0,60,60
25422,165813,0,5000,25423,0,0,60,60
25423,165814,0,0,0,0,0,60,60
25426,169458,0,500,25526,0,0,60,60
25427,169459,0,1000,25529,0,0,60,60
25428,169460,0,5000,25429,0,1,60,60
25429,0,0,0,0,0,0,60,60
25430,169461,0,2000,25433,0,0,60,60
25433,169463,0,1000,0,0,0,60,60
25434,169024,0,1000,25435,0,0,60,60
25435,169025,0,1000,25436,0,0,60,60
25436,169026,0,1000,25437,0,0,60,60
25437,169027,0,1000,0,0,0,60,60
25438,169012,0,500,25439,0,0,60,60
25439,169013,0,500,25440,0,0,60,60
25440,169014,0,500,25441,0,0,60,60
25441,169015,0,500,0,0,0,60,60
25442,169264,0,1000,25443,0,0,60,60
25443,169265,0,1000,0,0,0,60,60
25444,0,0,0,23027,0,0,60,60
25445,0,0,0,23030,0,0,60,60
25446,0,0,0,23037,0,0,60,60
25450,169506,0,1000,25451,0,0,60,60
25451,169507,0,1000,25452,0,0,60,60
25452,169508,0,1000,0,0,0,60,60
25453,169509,0,1000,25454,0,0,60,60
25454,169510,0,1000,0,0,0,60,60
25455,169511,0,1000,25456,0,0,60,60
25456,169512,0,1000,26509,0,0,60,60
25457,169513,0,1000,25458,0,0,60,60
25458,169514,0,1000,25459,0,0,60,60
25459,169515,0,1000,25460,0,0,60,60
25460,169516,0,1000,25461,0,0,60,60
25461,169517,0,1000,0,0,0,60,60
25462,169473,0,2000,25463,0,0,60,60
25463,169527,0,2000,25470,0,0,60,60
25469,166825,0,1000,0,0,0,60,60
25470,169536,0,2000,0,0,0,60,60
25476,169541,0,1000,0,0,0,60,60
25477,169859,0,3000,25478,0,0,60,60
25478,169860,0,3000,0,0,0,60,60
25480,0,0,0,26602,0,0,60,60
25481,0,0,0,26599,0,0,60,60
25482,0,0,0,26600,0,0,60,60
25483,0,0,5000,23256,0,0,60,60
25484,0,0,0,26605,0,0,60,60
25485,0,0,0,26606,0,0,60,60
25486,169561,0,1000,0,0,0,60,60
25492,169588,0,1000,25593,0,0,60,60
25493,169590,0,0,0,0,0,60,60
25494,169591,0,0,0,0,0,60,60
25495,169589,0,0,25496,0,0,60,60
25496,169586,0,0,0,0,0,60,60
25497,169592,0,0,25498,0,0,60,60
25498,169593,0,0,25499,0,0,60,60
25499,169594,0,0,0,0,0,60,60
25500,169595,0,0,0,0,0,60,60
25501,169596,0,0,0,0,0,60,60
25502,169599,0,0,0,0,0,60,60
25503,169600,0,0,0,0,0,60,60
25504,169585,0,0,0,0,0,60,60
25505,164951,0,1000,25506,0,1,60,60
25506,164937,0,1000,0,0,1,60,60
25507,164846,0,1000,25508,0,1,60,60
25508,164840,0,1000,0,0,1,60,60
25510,169612,0,2000,25511,0,0,60,60
25511,169630,0,2000,25512,0,0,60,60
25512,169631,0,2000,25514,0,0,60,60
25513,169634,0,3000,0,0,0,60,60
25514,169633,0,2000,25513,0,0,60,60
25526,169653,0,500,25527,0,0,60,60
25527,169654,0,1000,0,0,0,60,60
25529,169658,0,1000,25530,0,0,60,60
25530,169659,0,1000,0,0,0,60,60
25533,169613,0,1000,0,0,0,60,60
25534,169616,0,1000,25535,0,0,60,60
25535,169617,0,1000,0,0,0,60,60
25546,169670,0,2000,0,0,0,60,60
25548,169667,0,2000,0,0,0,60,60
25550,169673,0,0,25861,0,0,60,60
25551,169671,0,0,0,0,0,60,60
25552,169685,0,1000,25553,0,0,60,60
25553,169686,0,1000,25554,0,0,60,60
25554,169687,0,1000,25555,0,0,60,60
25555,169688,0,1000,25557,0,0,60,60
25557,169690,0,1000,0,0,0,60,60
25558,169672,0,4000,0,0,0,60,60
25559,169694,0,1000,0,0,0,60,60
25560,169695,0,1000,25561,0,0,60,60
25561,169696,0,1000,0,0,0,60,60
25566,169699,0,0,25567,0,2,60,60
25567,169697,0,3000,26343,0,0,60,60
25572,169707,0,1000,25573,0,0,60,60
25573,169708,0,1000,0,0,0,60,60
25574,169709,0,1000,25575,0,0,60,60
25575,169711,0,1000,0,0,0,60,60
25576,169712,0,1000,25577,0,2,60,60
25577,169713,0,1000,0,0,0,60,60
25578,169714,0,1000,0,0,0,60,60
25579,169715,0,1000,25580,0,0,60,60
25580,169716,0,1000,25581,0,0,60,60
25581,169717,0,1000,25582,0,0,60,60
25582,169718,0,1000,25583,0,0,60,60
25583,169719,0,1000,25584,0,0,60,60
25584,169720,0,1000,0,0,0,60,60
25587,169649,0,1000,25588,0,0,60,60
25588,170426,0,1000,25589,0,0,60,60
25589,169651,0,1000,0,0,0,60,60
25592,169733,0,1000,0,0,0,60,60
25593,169611,0,1000,0,0,0,60,60
25594,0,0,0,26583,0,0,60,60
25596,169747,0,1000,25597,0,0,60,60
25597,169748,0,1000,25598,0,0,60,60
25598,169749,0,1000,25599,0,0,60,60
25599,169844,0,1000,25600,0,0,60,60
25600,169751,0,1000,25818,0,0,60,60
25602,169750,0,1000,26517,0,0,60,60
25603,0,0,4000,25819,0,0,60,60
25605,169754,0,1000,25606,0,0,60,60
25606,169755,0,1000,25607,0,0,60,60
25607,169756,0,1000,25608,0,0,60,60
25608,169757,0,1000,25609,0,0,60,60
25609,169758,0,1000,25610,0,0,60,60
25610,169759,0,1000,25820,0,0,60,60
25612,0,0,1000,0,0,0,60,60
25613,169761,0,0,25614,0,0,60,60
25614,169762,0,1000,25615,0,0,60,60
25615,169763,0,0,25616,0,0,60,60
25616,0,0,0,0,0,0,60,60
25617,169764,0,0,25618,0,0,60,60
25618,0,0,0,0,0,0,60,60
25619,169765,0,0,25620,0,0,60,60
25620,0,0,0,0,0,0,60,60
25621,169766,0,0,25622,0,0,60,60
25622,0,0,0,0,0,0,60,60
25623,169767,0,0,25624,0,0,60,60
25624,169768,0,0,25625,0,0,60,60
25625,0,0,0,0,0,0,60,60
25626,169769,0,0,26566,0,0,60,60
25627,169770,0,0,25628,0,0,60,60
25628,0,0,0,25629,0,0,60,60
25629,0,0,0,26610,0,0,60,60
25630,169771,0,0,25631,0,0,60,60
25631,169772,0,0,25632,0,0,60,60
25632,169773,0,1000,25633,0,0,60,60
25633,169774,0,0,25634,0,0,60,60
25634,0,0,0,0,0,0,60,60
25635,169775,0,0,25636,0,0,60,60
25636,0,0,0,0,0,0,60,60
25637,169776,0,0,25638,0,0,60,60
25638,0,0,0,0,0,0,60,60
25639,169777,0,0,25640,0,0,60,60
25640,0,0,0,0,0,0,60,60
25641,169778,0,0,25642,0,0,60,60
25642,0,0,0,0,0,0,60,60
25643,169779,0,0,25644,0,0,60,60
25644,0,0,0,0,0,0,60,60
25645,169780,0,0,25646,0,0,60,60
25646,169781,0,0,25647,0,0,60,60
25647,169782,0,1000,25648,0,0,60,60
25648,0,0,0,25649,0,0,60,60
25649,169783,0,1000,25650,0,0,60,60
25650,169784,0,0,25651,0,0,60,60
25651,0,0,0,0,0,0,60,60
25652,169785,0,0,25653,0,0,60,60
25653,0,0,0,0,0,0,60,60
25654,169786,0,0,25655,0,0,60,60
25655,0,0,0,0,0,0,60,60
25656,169787,0,0,25657,0,0,60,60
25657,0,0,0,0,0,0,60,60
25658,169788,0,1000,25659,0,0,60,60
25659,0,0,1000,25660,0,0,60,60
25660,169845,0,1000,25661,0,0,60,60
25661,0,0,1000,0,0,0,60,60
25663,169789,0,0,25664,0,0,60,60
25664,0,0,0,0,0,0,60,60
25665,169790,0,0,25666,0,0,60,60
25666,169791,0,0,25667,0,0,60,60
25667,0,0,0,0,0,0,60,60
25668,169790,0,0,25669,0,0,60,60
25669,169793,0,0,25670,0,0,60,60
25670,0,0,0,0,0,0,60,60
25671,169790,0,0,25672,0,0,60,60
25672,169794,0,0,25673,0,0,60,60
25673,0,0,0,0,0,0,60,60
25674,169790,0,0,25675,0,0,60,60
25675,169795,0,0,25676,0,0,60,60
25676,0,0,0,0,0,0,60,60
25677,169790,0,0,25678,0,0,60,60
25678,169796,0,0,25679,0,0,60,60
25679,0,0,0,0,0,0,60,60
25680,169798,0,0,25681,0,0,60,60
25681,169799,0,0,25682,0,0,60,60
25682,0,0,0,0,0,0,60,60
25683,169798,0,0,25684,0,0,60,60
25684,169801,0,0,25685,0,0,60,60
25685,0,0,0,0,0,0,60,60
25686,169798,0,0,25687,0,0,60,60
25687,169802,0,0,25688,0,0,60,60
25688,0,0,0,0,0,0,60,60
25689,169798,0,0,25690,0,0,60,60
25690,169803,0,0,25691,0,0,60,60
25691,0,0,0,0,0,0,60,60
25692,169798,0,0,25693,0,0,60,60
25693,169804,0,0,25694,0,0,60,60
25694,0,0,0,0,0,0,60,60
25695,169798,0,0,25696,0,0,60,60
25696,169805,0,0,25697,0,0,60,60
25697,0,0,0,0,0,0,60,60
25698,169798,0,0,25699,0,0,60,60
25699,169806,0,0,25700,0,0,60,60
25700,0,0,0,0,0,0,60,60
25701,169798,0,0,25702,0,0,60,60
25702,169807,0,0,25703,0,0,60,60
25703,0,0,0,0,0,0,60,60
25704,169798,0,0,25705,0,0,60,60
25705,169808,0,0,25706,0,0,60,60
25706,0,0,0,0,0,0,60,60
25707,169810,0,0,25708,0,0,60,60
25708,169811,0,0,25709,0,0,60,60
25709,0,0,0,0,0,0,60,60
25710,169810,0,0,25711,0,0,60,60
25711,169813,0,0,25712,0,0,60,60
25712,0,0,0,0,0,0,60,60
25713,169810,0,0,25714,0,0,60,60
25714,169814,0,0,25715,0,0,60,60
25715,0,0,0,0,0,0,60,60
25716,169810,0,0,25717,0,0,60,60
25717,169815,0,0,25718,0,0,60,60
25718,0,0,0,0,0,0,60,60
25719,169810,0,0,25720,0,0,60,60
25720,169816,0,0,25721,0,0,60,60
25721,0,0,0,0,0,0,60,60
25722,169817,0,0,25723,0,0,60,60
25723,169818,0,0,25822,0,0,60,60
25726,169819,0,0,25727,0,0,60,60
25727,169820,0,0,25728,0,0,60,60
25728,169821,0,3000,25824,0,0,60,60
25731,169822,0,0,25732,0,0,60,60
25732,169823,0,0,25733,0,0,60,60
25733,0,0,0,26560,0,0,60,60
25734,0,0,0,0,0,0,60,60
25735,169824,0,0,25736,0,0,60,60
25736,169825,0,0,25737,0,0,60,60
25737,0,0,0,26559,0,0,60,60
25738,169826,0,1000,25739,0,0,60,60
25739,0,0,0,25740,0,0,60,60
25740,169827,0,1000,25741,0,0,60,60
25741,169828,0,1000,25742,0,0,60,60
25742,169829,0,1000,25743,0,0,60,60
25743,0,0,0,26558,0,0,60,60
25744,169830,0,1000,25745,0,0,60,60
25745,0,0,1000,25746,0,0,60,60
25746,169831,0,1000,25747,0,0,60,60
25747,169832,0,1000,25748,0,0,60,60
25748,169833,0,1000,25749,0,0,60,60
25749,169834,0,1000,25750,0,0,60,60
25750,169835,0,1000,25751,0,0,60,60
25751,0,0,1000,25752,0,0,60,60
25752,169836,0,1000,25753,0,0,60,60
25753,169837,0,0,26555,0,1,60,60
25754,169838,0,1000,25755,0,1,60,60
25755,169839,0,1000,25825,0,0,60,60
25757,169840,0,1000,25758,0,0,60,60
25758,169841,0,1000,25759,0,0,60,60
25759,169842,0,1000,26589,0,0,60,60
25760,169843,0,1000,25761,0,0,60,60
25761,0,0,0,0,0,0,60,60
25762,169853,0,0,0,0,0,60,60
25763,169846,0,0,25764,0,0,60,60
25764,0,0,0,0,0,0,60,60
25765,169847,0,0,25766,0,0,60,60
25766,169769,0,0,25767,0,0,60,60
25767,169770,0,0,25768,0,0,60,60
25768,0,0,0,25769,0,0,60,60
25769,0,0,0,0,0,0,60,60
25770,169848,0,0,25771,0,0,60,60
25771,0,0,0,25772,0,0,60,60
25772,169783,0,0,25773,0,0,60,60
25773,169784,0,0,25774,0,0,60,60
25774,0,0,0,0,0,0,60,60
25775,169849,0,0,25776,0,0,60,60
25776,0,0,0,25777,0,0,60,60
25777,169845,0,0,25778,0,0,60,60
25778,0,0,0,0,0,0,60,60
25779,169850,0,0,25780,0,0,60,60
25780,169824,0,0,25781,0,0,60,60
25781,169825,0,0,25782,0,0,60,60
25782,0,0,0,26557,0,0,60,60
25783,0,0,0,0,0,0,60,60
25784,169851,0,1000,25785,0,0,60,60
25785,169852,0,0,25786,0,0,60,60
25786,169826,0,1000,26488,0,0,60,60
25787,169827,0,1000,25788,0,0,60,60
25788,169828,0,1000,25789,0,0,60,60
25789,169829,0,1000,25790,0,0,60,60
25790,0,0,0,26556,0,0,60,60
25791,169830,0,1000,25792,0,0,60,60
25792,0,0,0,25793,0,0,60,60
25793,169831,0,1000,25794,0,0,60,60
25794,169832,0,1000,25795,0,0,60,60
25795,169833,0,1000,25796,0,0,60,60
25796,169834,0,1000,25797,0,0,60,60
25797,169835,0,1000,25798,0,0,60,60
25798,0,0,0,25799,0,0,60,60
25799,169836,0,1000,25800,0,0,60,60
25800,169837,0,0,26554,0,0,60,60
25801,169838,0,1000,25802,0,0,60,60
25802,169839,0,1000,25826,0,0,60,60
25804,169840,0,1000,25805,0,0,60,60
25805,169841,0,1000,25806,0,0,60,60
25806,169842,0,1000,26588,0,0,60,60
25807,169843,0,1000,25808,0,0,60,60
25808,0,0,0,0,0,0,60,60
25809,169792,0,0,25810,0,0,60,60
25810,169797,0,0,25811,0,0,60,60
25811,0,0,0,0,0,0,60,60
25812,169800,0,0,25813,0,0,60,60
25813,169809,0,0,25814,0,0,60,60
25814,0,0,0,0,0,0,60,60
25815,169812,0,0,25816,0,0,60,60
25816,0,0,0,0,0,0,60,60
25817,0,0,0,25596,0,0,60,60
25818,0,0,0,25602,0,0,60,60
25819,0,0,0,25605,0,0,60,60
25820,169760,0,1000,25612,0,0,60,60
25821,0,0,0,25663,0,0,60,60
25822,0,0,0,25823,0,0,60,60
25823,0,0,0,25726,0,0,60,60
25824,0,0,0,26561,0,0,60,60
25825,0,0,5000,25757,0,0,60,60
25826,0,0,5000,25804,0,0,60,60
25828,169197,0,1000,24938,0,0,60,60
25829,169198,0,1000,0,0,0,60,60
25830,169861,0,3000,25831,0,0,60,60
25831,169872,0,3000,0,0,0,60,60
25833,169877,0,1000,0,0,0,60,60
25834,169199,0,0,0,0,0,60,60
25835,169200,0,0,0,0,0,60,60
25836,169201,0,1000,25837,0,0,60,60
25837,169202,0,1000,25838,0,0,60,60
25838,169203,0,1000,0,0,0,60,60
25839,169891,0,3000,25864,0,0,60,60
25842,171238,0,3000,25839,0,0,60,60
25843,169905,0,1000,0,0,0,60,60
25844,169878,0,0,25845,0,0,60,60
25845,169879,0,0,25846,0,0,60,60
25846,169880,0,0,25847,0,0,60,60
25847,169881,0,0,25848,0,0,60,60
25848,169882,0,0,25849,0,0,60,60
25849,169883,0,0,25850,0,0,60,60
25850,169884,0,0,25851,0,0,60,60
25851,169885,0,0,0,0,0,60,60
25852,169907,0,0,25853,0,0,60,60
25853,169908,0,1000,25854,0,0,60,60
25854,169909,0,0,25869,0,1,60,60
25855,169910,0,0,25856,0,0,60,60
25856,169911,0,1000,25857,0,0,60,60
25857,169912,0,1000,25858,0,0,60,60
25858,169913,0,0,25859,0,0,60,60
25859,169914,0,1000,25860,0,0,60,60
25860,169915,0,1000,0,0,0,60,60
25861,169928,0,1000,0,0,0,60,60
25863,169622,0,1000,0,0,0,60,60
25864,169892,0,4000,25865,0,0,60,60
25865,169664,0,4000,25866,0,0,60,60
25866,170897,0,1000,26310,0,0,60,60
25867,167491,0,1000,25868,0,0,60,60
25868,167492,0,1000,0,0,0,60,60
25869,0,0,4000,25855,0,0,60,60
25870,169987,0,0,25871,0,0,60,60
25871,169988,0,0,25872,0,0,60,60
25872,169989,0,0,25873,0,0,60,60
25873,169990,0,1000,25883,0,0,60,60
25874,169991,0,0,0,0,0,60,60
25879,170002,0,0,0,0,0,60,60
25880,170041,0,2000,0,0,0,60,60
25882,171357,0,1000,26334,0,0,60,60
25883,170032,0,0,25884,0,0,60,60
25884,170033,0,0,25874,0,0,60,60
25888,170046,0,3000,25889,0,0,60,60
25889,170048,0,2000,25890,0,0,60,60
25890,170047,0,2000,0,0,0,60,60
25892,170051,0,0,0,0,0,60,60
25893,170052,0,0,0,0,0,60,60
25894,170053,0,0,0,0,0,60,60
25895,170054,0,0,0,0,0,60,60
25896,170055,0,0,0,0,0,60,60
25897,0,0,2000,25896,0,0,60,60
25898,0,0,2000,25895,0,0,60,60
25899,0,0,2000,25894,0,0,60,60
25900,0,0,2000,25893,0,0,60,60
25901,0,0,2000,25892,0,0,60,60
25902,170063,0,0,0,0,0,60,60
25903,170070,0,0,25904,0,0,60,60
25904,170071,0,0,25905,0,0,60,60
25905,170072,0,0,0,0,0,60,60
25909,170073,0,0,25910,0,0,60,60
25910,170074,0,0,25911,0,0,60,60
25911,170075,0,0,0,0,0,60,60
25912,0,0,1000,25909,0,0,60,60
25917,170083,0,1000,25918,0,0,60,60
25918,170084,0,0,25919,0,0,60,60
25919,170085,0,0,25920,0,0,60,60
25920,170086,0,0,25921,0,0,60,60
25921,170087,0,0,25922,0,0,60,60
25922,170089,0,0,25923,0,0,60,60
25923,170090,0,0,25924,0,0,60,60
25924,170091,0,0,25925,0,0,60,60
25925,170092,0,0,0,0,0,60,60
25926,170103,0,1000,0,0,0,60,60
25927,170108,0,2000,25928,0,0,60,60
25928,170109,0,2000,0,0,0,60,60
25930,0,0,1000,25880,0,0,60,60
25937,169386,0,1000,25938,0,0,60,60
25938,170131,0,1000,25387,0,0,60,60
25939,169385,0,1000,25940,0,0,60,60
25940,170130,0,1000,25946,0,0,60,60
25941,169388,0,1000,25942,0,0,60,60
25942,169386,0,1000,25943,0,0,60,60
25943,170131,0,1000,25944,0,0,60,60
25944,169389,0,1000,25945,0,0,60,60
25945,169390,0,1000,0,0,0,60,60
25946,169387,0,1000,25941,0,0,60,60
25957,170152,0,1000,25958,0,0,60,60
25958,170153,0,1000,0,0,0,60,60
25959,170149,0,3000,25960,0,0,60,60
25960,170151,0,1000,0,0,0,60,60
25961,0,0,3000,25959,0,0,60,60
25968,170166,0,0,25969,0,0,60,60
25969,170169,0,0,25970,0,0,60,60
25970,170170,0,0,25971,0,0,60,60
25971,170167,0,0,25972,0,0,60,60
25972,170168,0,0,0,0,0,60,60
25978,170199,0,1000,25979,0,0,60,60
25979,170200,0,2000,25980,0,0,60,60
25980,170201,0,1000,0,0,0,60,60
25981,170202,0,2000,25982,0,0,60,60
25982,170204,0,2000,25983,0,0,60,60
25983,170205,0,2000,25990,0,0,60,60
25984,168234,0,4000,25985,0,0,60,60
25985,168235,0,4000,25986,0,0,60,60
25986,168238,0,4000,0,0,0,60,60
25990,170212,0,2000,0,0,0,60,60
26007,170132,0,1000,26008,0,1,60,60
26008,170134,0,1000,0,0,1,60,60
26028,169460,0,5000,0,0,1,60,60
26032,170183,0,500,26033,0,0,60,60
26033,170184,0,500,26034,0,0,60,60
26034,170185,0,0,0,0,0,60,60
26047,170325,0,1000,26048,0,0,60,60
26048,170164,0,1000,26049,0,0,60,60
26049,170278,0,1000,26050,0,0,60,60
26050,170279,0,1000,26051,0,0,60,60
26051,170281,0,1000,0,0,0,60,60
26054,144072,0,1000,0,0,0,60,60
26055,144071,0,1000,26054,0,2,60,60
26056,166609,0,0,0,0,0,60,60
26057,170210,0,1000,0,0,0,60,60
26060,170378,0,1000,26061,0,1,60,60
26061,170380,0,1000,0,0,0,60,60
26062,170386,0,1000,26063,0,0,60,60
26063,170415,0,2000,26064,0,0,60,60
26064,170416,0,2000,0,0,0,60,60
26065,169615,0,3000,26066,0,0,60,60
26066,169618,0,1000,26067,0,0,60,60
26067,169619,0,1000,0,0,0,60,60
26069,170334,0,4000,26070,0,0,60,60
26070,170330,0,3000,0,0,0,60,60
26081,170328,0,4000,26082,0,0,60,60
26082,170329,0,4000,0,0,0,60,60
26083,170425,0,1000,26084,0,0,60,60
26084,170426,0,1000,26085,0,0,60,60
26085,170427,0,1000,26086,0,0,60,60
26086,170428,0,1000,26087,0,0,60,60
26087,170429,0,1000,26088,0,0,60,60
26088,170430,0,1000,26089,0,0,60,60
26089,170431,0,1000,0,0,0,60,60
26090,170437,0,1000,26091,0,0,60,60
26091,170438,0,1000,0,0,0,60,60
26092,170461,0,1000,26093,0,0,60,60
26093,170463,0,1000,26094,0,0,60,60
26094,170462,0,1000,26095,0,0,60,60
26095,170464,0,1000,0,0,0,60,60
26096,170465,0,1000,26097,0,0,60,60
26097,170469,0,1000,26098,0,0,60,60
26098,170471,0,1000,26099,0,0,60,60
26099,170466,0,1000,26100,0,0,60,60
26100,170472,0,1000,26101,0,0,60,60
26101,170467,0,1000,26102,0,0,60,60
26102,170470,0,1000,26103,0,0,60,60
26103,170468,0,1000,0,0,0,60,60
26104,170476,0,2000,26105,0,0,60,60
26105,170477,0,1000,0,0,0,60,60
26106,170478,0,2000,26107,0,0,60,60
26107,170479,0,1000,0,0,0,60,60
26108,170482,0,2000,26109,0,0,60,60
26109,170481,0,1000,0,0,0,60,60
26110,170483,0,2000,26111,0,0,60,60
26111,170480,0,1000,0,0,0,60,60
26112,170487,0,2000,0,0,0,60,60
26113,170484,0,2000,0,0,0,60,60
26114,170485,0,2000,0,0,0,60,60
26115,170486,0,2000,0,0,0,60,60
26116,170490,0,2000,26117,0,0,60,60
26117,170495,0,1000,0,0,0,60,60
26118,170489,0,2000,26119,0,0,60,60
26119,170494,0,1000,0,0,0,60,60
26120,170488,0,2000,26121,0,0,60,60
26121,170492,0,1000,0,0,0,60,60
26122,170484,0,2000,26123,0,0,60,60
26123,170493,0,1000,0,0,0,60,60
26124,170484,0,2000,26125,0,0,60,60
26125,170498,0,1000,0,0,0,60,60
26126,170490,0,2000,26127,0,0,60,60
26127,170497,0,1000,0,0,0,60,60
26128,170488,0,2000,26129,0,0,60,60
26129,170497,0,1000,0,0,0,60,60
26130,170485,0,2000,26131,0,0,60,60
26131,170497,0,1000,0,0,0,60,60
26132,170502,0,3000,26133,0,0,60,60
26133,170503,0,1000,0,0,0,60,60
26134,169351,0,2000,26135,0,0,60,60
26135,169353,0,0,0,0,0,60,60
26136,169357,0,0,26137,0,0,60,60
26137,169358,0,0,0,0,0,60,60
26138,170527,0,1000,0,0,0,60,60
26142,164751,0,0,26143,0,0,60,60
26143,164749,0,0,0,0,0,60,60
26144,164751,0,0,26145,0,0,60,60
26145,164750,0,0,0,0,0,60,60
26146,164752,0,0,26147,0,0,60,60
26147,164749,0,0,0,0,0,60,60
26148,164752,0,0,26149,0,0,60,60
26149,164750,0,0,0,0,0,60,60
26150,164716,0,0,26151,0,0,60,60
26151,164717,0,0,26152,0,0,60,60
26152,164718,0,0,26153,0,0,60,60
26153,164719,0,0,0,0,0,60,60
26154,164756,0,0,26155,0,1,60,60
26155,164755,0,0,0,0,1,60,60
26156,164754,0,0,26157,0,0,60,60
26157,164753,0,0,0,0,0,60,60
26158,170569,0,2000,26170,0,0,60,60
26159,170570,0,1000,0,0,0,60,60
26170,170647,0,1000,0,0,0,60,60
26171,169721,0,1000,26172,0,0,60,60
26172,170688,0,3000,26173,0,0,60,60
26173,170689,0,1000,0,0,0,60,60
26174,169206,0,2000,25123,0,0,60,60
26175,170707,0,1000,0,0,0,60,60
26180,170710,0,1000,0,0,0,60,60
26181,169207,0,1000,26182,0,0,60,60
26182,169208,0,1000,26183,0,0,60,60
26183,169209,0,1000,26184,0,0,60,60
26184,169210,0,1000,26185,0,0,60,60
26185,169211,0,1000,26186,0,0,60,60
26186,169212,0,1000,26187,0,0,60,60
26187,169213,0,1000,0,0,0,60,60
26188,170717,0,1000,26189,0,0,60,60
26189,172903,0,0,0,0,0,60,60
26207,170890,0,1000,0,0,0,60,60
26216,170945,0,0,26217,0,0,60,60
26217,170946,0,0,26218,0,0,60,60
26218,170947,0,0,0,0,0,60,60
26220,170948,0,1000,26221,0,0,60,60
26221,170998,0,0,26222,0,0,60,60
26222,170999,0,0,26223,0,0,60,60
26223,171000,0,0,0,0,0,60,60
26227,171001,0,1000,0,0,0,60,60
26228,171002,0,1000,26229,0,0,60,60
26229,171003,0,0,0,0,0,60,60
26236,171088,0,1000,0,0,0,60,60
26240,171089,0,1000,0,0,0,60,60
26245,171091,0,0,26246,0,0,60,60
26246,171092,0,0,0,0,0,60,60
26247,170705,0,1000,26248,0,0,60,60
26248,170706,0,1000,26249,0,0,60,60
26249,170708,0,3000,26250,0,0,60,60
26250,170894,0,2000,26251,0,0,60,60
26251,170895,0,1000,0,0,0,60,60
26252,171093,0,1000,26259,0,0,60,60
26253,171094,0,1000,0,0,0,60,60
26254,171095,0,1000,26255,0,0,60,60
26255,171096,0,3000,26256,0,0,60,60
26256,171097,0,3000,26257,0,0,60,60
26257,171098,0,3000,26258,0,0,60,60
26258,171099,0,3000,26658,0,0,60,60
26259,171101,0,0,0,0,1,60,60
26260,171102,0,1000,26261,0,0,60,60
26261,171103,0,1000,26262,0,0,60,60
26262,171104,0,0,0,0,0,60,60
26263,171105,0,1000,26659,0,0,60,60
26264,171108,0,1000,0,0,0,60,60
26265,171106,0,1000,26266,0,0,60,60
26266,171107,0,1000,26267,0,0,60,60
26267,171109,0,1000,26268,0,0,60,60
26268,171110,0,1000,26269,0,0,60,60
26269,171111,0,0,0,0,0,60,60
26270,171113,0,1000,26274,0,0,60,60
26271,171112,0,1000,26272,0,0,60,60
26272,171114,0,1000,0,0,0,60,60
26273,171115,0,1000,0,0,0,60,60
26274,171116,0,0,0,0,1,60,60
26275,0,0,3000,26276,0,0,60,60
26276,171117,0,1000,26277,0,0,60,60
26277,171118,0,4000,26278,0,0,60,60
26278,171119,0,1000,26279,0,0,60,60
26279,171120,0,1000,26280,0,0,60,60
26280,171121,0,0,0,0,0,60,60
26281,0,0,2000,26271,0,0,60,60
26283,170267,0,1000,0,0,0,60,60
26284,171195,0,2000,26285,0,0,60,60
26285,171196,0,1000,0,0,0,60,60
26310,171240,0,1000,0,0,0,60,60
26311,171240,0,1000,0,0,0,60,60
26312,171241,0,500,26313,0,0,60,60
26313,171242,0,500,26314,0,0,60,60
26314,171243,0,500,26315,0,0,60,60
26315,171244,0,500,26318,0,0,60,60
26316,171291,0,1000,26317,0,0,60,60
26317,171293,0,0,0,0,0,60,60
26318,171313,0,500,0,0,0,60,60
26325,171317,0,1000,0,0,0,60,60
26326,171318,0,1000,0,0,0,60,60
26327,171319,0,1000,0,0,0,60,60
26328,171320,0,1000,0,0,0,60,60
26329,171321,0,1000,0,0,0,60,60
26330,171322,0,1000,0,0,0,60,60
26331,169893,0,3000,0,0,0,60,60
26334,171358,0,1000,26335,0,0,60,60
26335,171359,0,1000,0,0,0,60,60
26336,171340,0,3000,26339,0,0,60,60
26339,171360,0,1000,0,0,0,60,60
26340,171361,0,3000,0,0,0,60,60
26343,169698,0,2000,26344,0,1,60,60
26344,169700,0,1000,0,0,0,60,60
26345,171365,0,1000,26346,0,0,60,60
26346,171379,0,0,26347,0,0,60,60
26347,171366,0,1000,26348,0,0,60,60
26348,171367,0,1000,26349,0,0,60,60
26349,171378,0,0,0,0,0,60,60
26350,171375,0,3000,26351,0,0,60,60
26351,171376,0,3000,0,0,0,60,60
26355,171384,0,0,26356,0,0,60,60
26356,171385,0,0,26357,0,0,60,60
26357,171387,0,0,0,0,0,60,60
26358,171383,0,1000,26359,0,0,60,60
26359,171386,0,6000,26360,0,0,60,60
26360,171388,0,3000,26361,0,0,60,60
26361,171389,0,2000,26362,0,0,60,60
26362,171390,0,4000,26363,0,0,60,60
26363,171391,0,2000,26528,0,0,60,60
26364,171392,0,1000,26365,0,0,60,60
26365,171393,0,0,26366,0,0,60,60
26366,171394,0,0,0,0,0,60,60
26367,0,0,0,0,0,0,60,60
26368,171720,0,1000,0,0,0,60,60
26369,171431,0,0,26370,0,0,60,60
26370,171433,0,0,26371,0,0,60,60
26371,171432,0,0,26372,0,0,60,60
26372,171434,0,0,0,0,0,60,60
26393,171447,0,0,26394,0,0,60,60
26394,171448,0,1000,26395,0,0,60,60
26395,171449,0,0,0,0,0,60,60
26396,171485,0,1000,26397,0,0,60,60
26397,171486,0,0,0,0,0,60,60
26398,171496,0,1000,26399,0,0,60,60
26399,171497,0,1000,26400,0,0,60,60
26400,171498,0,1000,0,0,0,60,60
26401,171502,0,2000,26402,0,0,60,60
26402,171503,0,1000,0,0,0,60,60
26403,171680,0,2000,26404,0,0,60,60
26404,171681,0,1000,0,0,0,60,60
26405,171687,0,1000,26406,0,0,60,60
26406,171688,0,1000,26407,0,0,60,60
26407,171689,0,1000,26408,0,0,60,60
26408,171690,0,1000,26409,0,0,60,60
26409,171691,0,1000,0,0,0,60,60
26410,171723,0,2000,26411,0,0,60,60
26411,171725,0,2000,26418,0,0,60,60
26412,171713,0,3000,26413,0,0,60,60
26413,171714,0,3000,26414,0,0,60,60
26414,171715,0,3000,0,0,0,60,60
26415,171716,0,3000,26416,0,0,60,60
26416,171717,0,3000,0,0,0,60,60
26417,0,0,8000,26415,0,0,60,60
26418,171726,0,1000,0,0,0,60,60
26420,171736,0,2000,26421,0,0,60,60
26421,171737,0,4000,0,0,0,60,60
26422,171749,0,2000,26423,0,0,60,60
26423,171750,0,4000,0,0,0,60,60
26424,171722,0,1000,0,0,0,60,60
26425,171724,0,1000,0,0,0,60,60
26426,171729,0,1000,0,0,0,60,60
26427,171732,0,1000,0,0,0,60,60
26428,171733,0,1000,0,0,0,60,60
26429,171719,0,1000,0,0,0,60,60
26430,171721,0,1000,0,0,0,60,60
26431,169204,0,1000,26432,0,0,60,60
26432,169205,0,1000,0,0,0,60,60
26459,165968,0,1000,26460,0,0,60,60
26460,165969,0,0,26461,0,0,60,60
26461,165970,0,0,26462,0,0,60,60
26462,165972,0,0,26463,0,0,60,60
26463,165974,0,0,26464,0,0,60,60
26464,167077,0,0,26465,0,0,60,60
26465,165976,0,1000,26466,0,0,60,60
26466,165977,0,0,0,0,0,60,60
26467,166385,0,0,26468,0,0,60,60
26468,165969,0,0,26469,0,0,60,60
26469,165970,0,0,26470,0,0,60,60
26470,165972,0,0,26471,0,0,60,60
26471,165974,0,0,26472,0,0,60,60
26472,167077,0,0,26473,0,0,60,60
26473,165976,0,1000,26474,0,0,60,60
26474,166388,0,1000,0,0,0,60,60
26475,166382,0,1000,26476,0,0,60,60
26476,166383,0,1000,26467,0,0,60,60
26477,171423,0,0,26478,0,0,60,60
26478,171425,0,0,26479,0,0,60,60
26479,171426,0,0,0,0,0,60,60
26480,172024,0,500,26481,0,0,60,60
26481,172025,0,0,0,0,0,60,60
26482,172031,0,1000,0,0,0,60,60
26483,172032,0,1000,0,0,0,60,60
26488,0,0,0,25787,0,0,60,60
26489,0,0,0,23241,0,0,60,60
26490,172047,0,0,26491,0,0,60,60
26491,172048,0,0,26492,0,0,60,60
26492,172049,0,0,26493,0,0,60,60
26493,172050,0,0,26494,0,0,60,60
26494,172051,0,0,0,0,0,60,60
26495,172053,0,0,26496,0,0,60,60
26496,172055,0,0,26497,0,0,60,60
26497,172056,0,0,26498,0,0,60,60
26498,172057,0,0,26499,0,0,60,60
26499,172059,0,0,0,0,0,60,60
26500,172060,0,0,26501,0,0,60,60
26501,172061,0,0,26502,0,0,60,60
26502,172062,0,0,26503,0,0,60,60
26503,172063,0,0,26504,0,0,60,60
26504,172064,0,0,0,0,0,60,60
26505,169113,0,1000,26506,0,0,60,60
26506,169114,0,1000,0,0,0,60,60
26507,169355,0,1000,26508,0,0,60,60
26508,169356,0,1000,0,0,0,60,60
26509,170133,0,1000,0,0,1,60,60
26510,169111,0,1000,26511,0,0,60,60
26511,169112,0,1000,0,0,0,60,60
26512,169359,0,1000,26513,0,0,60,60
26513,169360,0,1000,0,0,0,60,60
26516,0,0,3000,25817,0,0,60,60
26517,0,0,0,25603,0,0,60,60
26518,0,0,2000,26403,0,0,60,60
26519,172115,0,1000,26520,0,0,60,60
26520,172116,0,1000,26521,0,0,60,60
26521,172117,0,1000,26522,0,0,60,60
26522,172118,0,1000,26523,0,0,60,60
26523,172119,0,2500,0,0,0,60,60
26525,172144,0,1000,0,0,0,60,60
26526,172145,0,3000,26527,0,0,60,60
26527,172146,0,3000,0,0,0,60,60
26528,0,0,5000,26529,0,0,60,60
26529,172147,0,4000,26530,0,0,60,60
26530,172148,0,10000,26532,0,0,60,60
26531,172150,0,0,0,0,0,60,60
26532,172149,0,23000,26531,0,0,60,60
26533,172048,0,0,26534,0,0,60,60
26534,172152,0,0,26535,0,0,60,60
26535,172153,0,0,26536,0,0,60,60
26536,172154,0,0,26537,0,0,60,60
26537,172049,0,0,26538,0,0,60,60
26538,172050,0,0,26539,0,0,60,60
26539,172051,0,0,26540,0,0,60,60
26540,172151,0,0,0,0,0,60,60
26541,172156,0,0,26868,0,0,60,60
26542,172160,0,2000,26543,0,0,60,60
26543,172161,0,3000,26544,0,0,60,60
26544,172162,0,1000,26545,0,0,60,60
26545,172163,0,1000,26546,0,0,60,60
26546,172164,0,3000,26547,0,0,60,60
26547,172165,0,2000,26548,0,0,60,60
26548,172166,0,3000,26549,0,0,60,60
26549,172167,0,2000,26550,0,0,60,60
26550,172168,0,1000,0,0,0,60,60
26551,172186,0,1000,26553,0,0,60,60
26553,172188,0,1000,0,0,0,60,60
26554,0,0,1000,25801,0,0,60,60
26555,0,0,1000,25754,0,0,60,60
26556,0,0,0,25791,0,0,60,60
26557,0,0,0,25783,0,0,60,60
26558,0,0,0,25744,0,0,60,60
26559,0,0,0,0,0,0,60,60
26560,0,0,0,25734,0,0,60,60
26561,0,0,0,25731,0,0,60,60
26562,0,0,2000,26563,0,0,60,60
26563,172191,0,0,26564,0,0,60,60
26564,172192,0,0,26565,16627,0,60,60
26565,172193,0,0,0,0,0,60,60
26566,0,0,0,25627,0,0,60,60
26567,172196,0,0,26568,0,0,60,60
26568,172197,0,0,0,0,0,60,60
26569,0,0,2000,26567,0,0,60,60
26570,172200,0,1000,0,0,0,60,60
26571,172203,0,1000,0,0,0,60,60
26572,163254,0,0,26573,0,0,60,60
26573,163256,0,0,26574,0,0,60,60
26574,163255,0,0,26575,0,0,60,60
26575,163257,0,0,26576,0,0,60,60
26576,163258,0,0,26577,0,0,60,60
26577,163259,0,0,26578,0,0,60,60
26578,165540,0,0,26579,0,0,60,60
26579,165541,0,0,26580,0,0,60,60
26580,165542,0,0,26581,0,0,60,60
26581,165543,0,0,26582,0,0,60,60
26582,165545,0,0,0,0,0,60,60
26583,0,0,0,26516,0,0,60,60
26584,164766,0,1000,26585,0,1,60,60
26585,172190,0,1000,0,0,1,60,60
26586,172207,0,2000,26587,0,0,60,60
26587,172208,0,1000,0,0,0,60,60
26588,0,0,0,25807,0,0,60,60
26589,0,0,0,25760,0,0,60,60
26592,172210,0,0,0,0,0,60,60
26593,172212,0,1000,0,16627,0,60,60
26594,172213,0,1000,28097,0,0,60,60
26595,0,0,0,26596,0,0,60,60
26596,0,0,3000,24353,0,0,60,60
26597,0,0,0,24352,0,0,60,60
26598,0,0,0,22965,0,0,60,60
26599,0,0,0,25445,0,0,60,60
26600,0,0,0,23032,0,0,60,60
26601,0,0,0,0,0,0,60,60
26602,0,0,0,23040,0,0,60,60
26603,0,0,1000,23048,0,0,60,60
26604,0,0,0,23053,0,0,60,60
26605,0,0,0,23237,0,0,60,60
26606,0,0,0,23244,0,0,60,60
26607,0,0,1000,23254,0,0,60,60
26608,0,0,0,23259,0,0,60,60
26609,0,0,0,0,0,0,60,60
26610,0,0,0,0,0,0,60,60
26611,172217,0,3000,26613,0,0,60,60
26613,172219,0,1000,0,0,0,60,60
26614,0,0,0,0,0,0,60,60
26615,172243,0,1000,26617,0,0,60,60
26617,172245,0,1000,26618,0,0,60,60
26618,172246,0,1000,0,0,0,60,60
26619,172252,0,0,26620,0,0,60,60
26620,172253,0,0,26621,0,0,60,60
26621,172254,0,0,26622,0,0,60,60
26622,172255,0,0,0,0,0,60,60
26626,172260,0,1000,0,0,0,60,60
26628,172295,0,1000,0,0,0,60,60
26629,172282,0,1000,0,0,0,60,60
26630,172283,0,1000,26631,0,0,60,60
26631,172284,0,1000,26643,0,0,60,60
26632,172285,0,1000,0,0,0,60,60
26633,172322,0,1000,26634,0,0,60,60
26634,172323,0,1000,27089,0,0,60,60
26635,0,0,0,26428,0,0,60,60
26636,0,0,0,26427,0,0,60,60
26639,172324,0,0,26640,0,0,60,60
26640,172325,0,0,0,0,0,60,60
26641,172326,0,0,0,0,0,60,60
26643,0,0,0,0,0,0,60,60
26644,172327,0,1000,26645,0,0,60,60
26645,172328,0,1000,0,0,0,60,60
26648,169566,0,1000,26649,0,1,60,60
26649,169567,0,1000,0,0,0,60,60
26650,169572,0,1000,26651,0,0,60,60
26651,169573,0,1000,26652,0,0,60,60
26652,169574,0,1000,26653,0,0,60,60
26653,169568,0,1000,26654,0,0,60,60
26654,169575,0,1000,0,0,0,60,60
26655,172350,0,1000,25242,0,0,60,60
26657,172352,0,1000,25328,0,0,60,60
26658,172353,0,1000,0,0,0,60,60
26659,171122,0,0,0,0,0,60,60
26660,164700,0,1000,0,0,0,60,60
26662,172384,0,0,0,0,0,60,60
26666,171959,0,1000,0,0,0,60,60
26667,171960,0,1000,0,0,0,60,60
26668,171965,0,1000,0,0,0,60,60
26669,171966,0,1000,0,0,0,60,60
26670,171971,0,1000,0,0,0,60,60
26671,171937,0,1000,0,0,0,60,60
26672,171938,0,1000,0,0,0,60,60
26673,171943,0,1000,0,0,0,60,60
26674,171944,0,1000,0,0,0,60,60
26675,171950,0,1000,0,0,0,60,60
26676,171951,0,1000,0,0,0,60,60
26677,174401,0,1000,27445,0,0,60,60
26678,174405,0,1000,27446,0,0,60,60
26679,174414,0,1000,27447,0,0,60,60
26680,174423,0,1000,27448,0,0,60,60
26681,172392,0,0,0,0,0,60,60
26682,172393,0,0,0,0,0,60,60
26684,172395,0,1000,26685,0,0,60,60
26685,172396,0,1000,0,0,0,60,60
26690,164950,0,1000,0,0,1,60,60
26696,164848,0,1000,0,0,1,60,60
26698,164848,0,1000,26699,0,1,60,60
26699,164839,0,1000,0,0,1,60,60
26700,172452,0,1000,26701,0,0,60,60
26701,172458,0,1000,26702,0,0,60,60
26702,172457,0,1000,26703,0,0,60,60
26703,172453,0,1000,26704,0,0,60,60
26704,172454,0,1000,26705,0,0,60,60
26705,172455,0,1000,26706,0,0,60,60
26706,172459,0,1000,0,0,0,60,60
26708,172490,0,0,26709,0,0,60,60
26709,172491,0,0,26710,0,0,60,60
26710,172492,0,0,0,0,0,60,60
26715,172508,0,1000,26716,0,1,60,60
26716,172509,0,1000,26717,0,0,60,60
26717,172510,0,1000,0,0,1,60,60
26718,172511,0,1000,26719,0,0,60,60
26719,172512,0,1000,26720,0,0,60,60
26720,172513,0,1000,0,0,0,60,60
26721,172523,0,1000,26722,0,0,60,60
26722,172524,0,1000,0,0,0,60,60
26730,174707,0,3000,0,0,0,60,60
26731,172558,0,3000,26733,0,0,60,60
26733,172561,0,2500,26742,0,0,60,60
26735,172578,0,1000,0,0,0,60,60
26739,172583,0,4000,26741,0,1,60,60
26741,172585,0,2000,0,0,1,60,60
26742,172586,0,1000,0,0,0,60,60
26745,164998,0,1000,0,0,0,60,60
26764,172662,0,1000,26766,0,0,60,60
26765,172663,0,1000,0,0,0,60,60
26766,172664,0,1000,26765,0,0,60,60
26767,170454,0,0,26768,0,0,60,60
26768,170455,0,0,26769,0,0,60,60
26769,170456,0,0,21794,0,0,60,60
26770,172675,0,5000,0,0,0,60,60
26771,0,0,1000,26770,0,0,60,60
26772,172688,0,1000,26773,0,0,60,60
26773,172689,0,1000,0,0,0,60,60
26774,172690,0,1000,0,0,0,60,60
26775,0,0,1000,34114,0,0,60,60
26777,172701,0,1000,26778,0,0,60,60
26778,172702,0,1000,0,0,0,60,60
26779,0,0,0,0,0,0,60,60
26780,172704,0,1000,0,0,0,60,60
26781,172714,0,1000,0,0,1,60,60
26782,172734,0,4000,26791,0,0,60,60
26783,172729,0,2000,26787,0,0,60,60
26784,169472,0,1000,26785,0,0,60,60
26785,169525,0,2000,26790,0,0,60,60
26786,172732,0,2000,26789,0,0,60,60
26787,172739,0,2000,26784,0,0,60,60
26788,172733,0,4000,0,0,0,60,60
26789,172736,0,2000,26788,0,0,60,60
26790,172741,0,2000,26786,0,0,60,60
26791,172743,0,10000,26783,0,0,60,60
26805,172745,0,1000,26806,0,0,60,60
26806,172746,0,3000,26807,0,0,60,60
26807,172744,0,3000,0,0,0,60,60
26809,172752,0,0,27228,0,0,60,60
26810,172753,0,0,0,0,0,60,60
26812,172755,0,1000,26813,0,0,60,60
26813,172758,0,1000,26815,0,0,60,60
26815,172922,0,1000,26881,0,0,60,60
26816,172760,0,1000,26882,0,0,60,60
26818,172763,0,1000,0,0,0,60,60
26819,172756,0,0,0,0,0,60,60
26820,172759,0,0,0,0,0,60,60
26821,176769,0,1000,26823,0,0,60,60
26822,175956,0,1000,26821,0,0,60,60
26823,175957,0,1000,26824,0,0,60,60
26824,175958,0,1000,28107,0,0,60,60
26825,172776,0,1000,26826,0,0,60,60
26826,172777,0,1000,26827,0,0,60,60
26827,172778,0,0,0,0,0,60,60
26828,0,0,1000,26829,0,0,60,60
26829,172794,0,5000,0,0,0,60,60
26830,0,0,1000,26831,0,0,60,60
26831,172795,0,5000,0,0,0,60,60
26832,172561,0,2500,26833,0,0,60,60
26833,172586,0,1000,0,0,0,60,60
26834,172821,0,0,26835,0,0,60,60
26835,172822,0,0,0,0,0,60,60
26837,170420,0,1000,0,0,0,60,60
26838,172838,0,0,26839,0,0,60,60
26839,172839,0,0,0,0,0,60,60
26847,172847,0,0,26848,0,0,60,60
26848,172848,0,0,26849,0,0,60,60
26849,172849,0,0,0,0,0,60,60
26855,172880,0,500,26856,0,0,60,60
26856,172882,0,500,27437,0,0,60,60
26857,172881,0,500,26883,0,0,60,60
26858,172883,0,2000,26887,0,1,60,60
26859,172884,0,3000,26860,0,1,60,60
26860,172885,0,1000,0,0,1,60,60
26861,172887,0,0,0,0,0,60,60
26862,174122,0,0,26863,0,0,60,60
26863,174123,0,0,0,0,0,60,60
26865,172896,0,0,26866,0,0,60,60
26866,172897,0,0,26867,0,0,60,60
26867,172898,0,0,27353,0,0,60,60
26868,172905,0,0,26869,0,0,60,60
26869,172906,0,0,0,0,0,60,60
26870,172919,0,1000,32047,0,0,60,60
26872,172933,0,3000,26873,0,0,60,60
26873,172934,0,1000,26874,0,0,60,60
26874,172935,0,1000,0,0,0,60,60
26875,170211,0,1000,26876,0,0,60,60
26876,172937,0,1000,0,0,0,60,60
26877,172940,0,6000,26878,0,1,60,60
26878,173035,0,4000,0,0,1,60,60
26881,172762,0,1000,26816,0,0,60,60
26882,172923,0,1000,26818,0,0,60,60
26883,172960,0,500,0,0,0,60,60
26886,172972,0,1000,0,0,0,60,60
26887,172973,0,2000,26888,0,1,60,60
26888,172974,0,2000,26892,0,1,60,60
26892,172975,0,2000,0,0,1,60,60
26893,172980,0,0,0,0,1,60,60
26894,172979,0,0,0,0,1,60,60
26895,172985,0,0,26896,0,0,60,60
26896,172986,0,0,0,0,0,60,60
26898,172988,0,1000,26899,0,0,60,60
26899,172989,0,1000,0,0,0,60,60
26903,172996,0,1000,26904,0,0,60,60
26904,172997,0,0,26905,0,0,60,60
26905,172998,0,0,26906,0,0,60,60
26906,172999,0,0,26907,0,1,60,60
26907,173000,0,0,26908,0,1,60,60
26908,173001,0,1000,0,0,0,60,60
26909,173010,0,1000,26910,0,0,60,60
26910,173011,0,1000,26911,0,0,60,60
26911,173012,0,1000,26912,0,0,60,60
26912,173013,0,1000,26913,0,0,60,60
26913,173014,0,1000,0,0,0,60,60
26923,173030,0,0,26924,0,0,60,60
26924,173031,0,0,26925,0,0,60,60
26925,173032,0,0,0,0,0,60,60
26926,173038,0,1000,0,0,0,60,60
26933,173046,0,0,26934,0,1,60,60
26934,173047,0,0,27830,0,0,60,60
26935,173048,0,0,26941,0,1,60,60
26939,173059,0,0,26940,0,0,60,60
26940,173060,0,0,0,0,0,60,60
26941,173049,0,2000,26939,0,1,60,60
26942,173066,0,0,26943,0,0,60,60
26943,173068,0,1000,26944,0,0,60,60
26944,173067,0,0,0,0,0,60,60
26945,173088,0,1000,0,0,0,60,60
26946,173088,0,1000,0,0,0,60,60
26947,173092,0,1000,0,0,0,60,60
26948,173094,0,1000,0,0,1,60,60
26949,173095,0,1000,26950,0,0,60,60
26950,173096,0,1000,0,0,1,60,60
26952,173097,0,1000,26953,0,0,60,60
26953,173098,0,1000,0,0,0,60,60
26954,173100,0,1000,26955,0,0,60,60
26955,173101,0,1000,26956,0,0,60,60
26956,173102,0,0,0,0,0,60,60
26957,173103,0,0,26958,0,0,60,60
26958,173104,0,0,0,0,0,60,60
26959,173106,0,1000,26960,0,1,60,60
26960,173107,0,0,26961,0,0,60,60
26961,173108,0,0,0,0,0,60,60
26962,173111,0,0,26963,0,0,60,60
26963,173112,0,0,26964,0,0,60,60
26964,173113,0,0,0,0,0,60,60
26967,175802,0,1000,26968,0,0,60,60
26968,173117,0,0,0,0,0,60,60
26970,173131,0,2500,0,0,0,60,60
26971,173132,0,1000,26972,0,0,60,60
26972,173133,0,1000,0,0,0,60,60
26973,173137,0,4000,32324,0,0,60,60
26976,173146,0,1000,26977,0,0,60,60
26977,173147,0,1000,0,0,0,60,60
26978,173149,0,1000,0,0,0,60,60
26979,173150,0,1000,0,0,0,60,60
26980,173141,0,1000,0,0,0,60,60
26981,173144,0,1000,0,0,0,60,60
26982,173145,0,1000,0,0,0,60,60
26983,173148,0,1000,0,0,0,60,60
26984,173157,0,1000,0,0,0,60,60
26985,173158,0,1000,0,0,0,60,60
26986,173159,0,1000,0,0,0,60,60
26987,173160,0,1000,0,0,0,60,60
26988,173161,0,1000,0,0,0,60,60
26989,173162,0,1000,0,0,0,60,60
26990,173166,0,1000,0,0,0,60,60
26991,173167,0,1000,0,0,0,60,60
26992,173168,0,1000,0,0,0,60,60
26993,173165,0,1000,0,0,0,60,60
26994,173164,0,1000,0,0,0,60,60
26995,173163,0,1000,0,0,0,60,60
26996,173169,0,1000,0,0,0,60,60
26997,173170,0,1000,0,0,0,60,60
26998,173171,0,1000,0,0,0,60,60
26999,173172,0,1000,0,0,0,60,60
27000,173173,0,1000,0,0,0,60,60
27001,173174,0,1000,0,0,0,60,60
27002,173188,0,0,27003,0,0,60,60
27003,0,0,0,27004,0,0,60,60
27004,173189,0,0,0,0,0,60,60
27005,173191,0,5000,0,0,0,60,60
27006,173194,0,1000,27007,0,0,60,60
27007,173195,0,1000,27008,0,0,60,60
27008,173196,0,1000,27009,0,0,60,60
27009,173197,0,1000,27010,0,0,60,60
27010,173198,0,1000,27011,0,0,60,60
27011,173199,0,1000,0,0,0,60,60
27012,173192,0,1000,27013,0,0,60,60
27013,173193,0,1000,0,0,0,60,60
27023,173220,0,1000,27024,0,0,60,60
27024,173223,0,1000,0,0,0,60,60
27025,173227,0,1000,27026,0,0,60,60
27026,173228,0,1000,27027,0,0,60,60
27027,173229,0,1000,0,0,0,60,60
27028,173269,0,1000,27032,0,0,60,60
27031,173272,0,1000,27033,0,0,60,60
27032,173273,0,1000,27031,0,0,60,60
27033,173274,0,1000,0,0,0,60,60
27039,173308,0,1000,32043,0,0,60,60
27041,185708,0,1000,0,0,0,60,60
27043,173352,0,0,27044,0,1,60,60
27044,173353,0,0,27045,0,1,60,60
27045,173354,0,0,27046,0,0,60,60
27046,173355,0,0,27047,0,1,60,60
27047,173356,0,0,27048,0,0,60,60
27048,173357,0,0,27049,0,1,60,60
27049,173358,0,0,0,0,0,60,60
27050,173371,0,1000,27051,0,0,60,60
27051,173372,0,1000,0,0,0,60,60
27052,171364,0,1000,0,0,0,60,60
27053,171368,0,1000,0,0,0,60,60
27054,173379,0,1000,0,0,0,60,60
27055,173380,0,1000,27054,0,0,60,60
27060,173377,0,1000,0,0,0,60,60
27061,173375,0,1000,0,0,0,60,60
27062,173376,0,1000,0,0,0,60,60
27063,172514,0,1000,0,0,0,60,60
27064,172515,0,1000,0,0,0,60,60
27065,173386,0,1000,0,0,0,60,60
27066,173387,0,1000,0,0,0,60,60
27068,173390,0,0,27069,0,1,60,60
27069,173391,0,0,27070,0,1,60,60
27070,173392,0,0,0,0,1,60,60
27071,173393,0,0,27072,0,0,60,60
27072,173394,0,0,27073,0,0,60,60
27073,173395,0,0,0,0,0,60,60
27074,173399,0,2000,27075,0,0,60,60
27075,173400,0,0,27076,0,0,60,60
27076,173402,0,0,27077,0,0,60,60
27077,173405,0,0,27078,0,0,60,60
27078,173406,0,2000,27079,0,0,60,60
27079,173407,0,0,0,0,0,60,60
27080,173408,0,1000,27081,0,0,60,60
27081,176289,0,1000,27998,0,0,60,60
27082,176290,0,1000,27999,0,0,60,60
27083,173428,0,0,27084,0,0,60,60
27084,173429,0,0,0,0,0,60,60
27085,173443,0,0,27086,0,1,60,60
27086,173444,0,1000,27087,0,1,60,60
27087,173445,0,0,27088,0,0,60,60
27088,173447,0,0,0,0,1,60,60
27089,173457,0,1000,27090,0,0,60,60
27090,173458,0,1000,27091,0,0,60,60
27091,173459,0,1000,27092,0,0,60,60
27092,173460,0,1000,27093,0,0,60,60
27093,173461,0,1000,27094,0,0,60,60
27094,173462,0,1000,27095,0,0,60,60
27095,173463,0,1000,27096,0,0,60,60
27096,173464,0,1000,27097,0,0,60,60
27097,173465,0,1000,0,0,0,60,60
27098,173478,0,1000,0,0,0,60,60
27104,173480,0,0,27105,0,0,60,60
27105,173481,0,0,27106,0,0,60,60
27106,173482,0,0,27107,0,0,60,60
27107,173483,0,0,27108,0,0,60,60
27108,173484,0,0,0,0,0,60,60
27109,173489,0,0,27110,0,1,60,60
27110,173490,0,0,27111,0,0,60,60
27111,173491,0,0,0,0,0,60,60
27114,173496,0,0,27115,0,0,60,60
27115,173497,0,0,0,0,0,60,60
27116,173498,0,1000,27117,0,0,60,60
27117,173499,0,3000,0,0,0,60,60
27119,173501,0,0,0,0,0,60,60
27122,173509,0,0,0,0,1,60,60
27126,173510,0,0,27127,0,0,60,60
27127,173511,0,0,27128,0,0,60,60
27128,173512,0,0,27744,0,0,60,60
27129,173513,0,0,0,0,0,60,60
27132,173517,0,0,0,0,0,60,60
27134,173520,0,0,0,0,0,60,60
27136,173521,0,3000,27137,0,1,60,60
27137,173522,0,1000,27139,0,1,60,60
27139,173524,0,1000,27143,0,0,60,60
27143,173528,0,2000,27144,0,0,60,60
27144,173529,0,0,27145,0,0,60,60
27145,173531,0,0,0,0,0,60,60
27146,173504,112410,1000,0,0,1,60,60
27147,173507,0,1000,0,0,1,60,60
27148,173551,0,1000,28286,0,1,60,60
27149,173585,0,0,27150,0,0,60,60
27150,173581,0,0,27151,0,0,60,60
27151,173586,0,0,27152,0,0,60,60
27152,173582,0,0,27153,0,0,60,60
27153,173587,0,0,27154,0,0,60,60
27154,173583,0,0,27155,0,0,60,60
27155,173584,0,0,27156,0,0,60,60
27156,0,0,3000,27157,0,0,60,60
27157,173588,0,0,27158,0,0,60,60
27158,173589,0,0,0,0,0,60,60
27159,173619,0,1000,27160,0,0,60,60
27160,173621,0,1000,0,0,0,60,60
27161,173620,0,1000,27162,0,0,60,60
27162,173622,0,1000,0,0,0,60,60
27163,173623,0,1000,27682,0,1,60,60
27165,173635,0,1000,27166,8994,0,60,60
27166,173640,0,1000,27167,8994,0,60,60
27167,173639,0,1000,27168,8994,0,60,60
27168,173638,0,1000,27169,8994,0,60,60
27169,173637,0,1000,27170,8994,0,60,60
27170,173636,0,1000,0,8994,0,60,60
27171,173641,0,1000,27172,8994,0,60,60
27172,173646,0,1000,27173,8994,0,60,60
27173,173645,0,1000,27174,8994,0,60,60
27174,173644,0,1000,27175,8994,0,60,60
27175,173643,0,1000,27176,8994,0,60,60
27176,173642,0,1000,0,8994,0,60,60
27177,173650,0,1000,27178,8994,0,60,60
27178,173647,0,1000,27179,8994,0,60,60
27179,173648,0,1000,27180,8994,0,60,60
27180,173649,0,1000,0,8994,0,60,60
27181,173654,0,1000,27182,8994,0,60,60
27182,173651,0,1000,27183,8994,0,60,60
27183,173652,0,1000,27184,8994,0,60,60
27184,173653,0,1000,0,8994,0,60,60
27185,173660,0,1000,0,8994,0,60,60
27186,173664,0,1000,0,8994,0,60,60
27187,173655,0,1000,0,8994,0,60,60
27188,173658,0,1000,0,8994,0,60,60
27189,173656,0,1000,0,8994,0,60,60
27190,173657,0,1000,0,8994,0,60,60
27191,173661,0,1000,0,8994,0,60,60
27192,173659,0,1000,0,8994,0,60,60
27193,173663,0,1000,0,8994,0,60,60
27194,173662,0,1000,0,8994,0,60,60
27195,173666,0,1000,27196,0,0,60,60
27196,173665,0,1000,0,0,0,60,60
27197,173678,0,1000,27198,0,0,60,60
27198,173677,0,1000,0,0,0,60,60
27199,173672,0,1000,27200,0,0,60,60
27200,173671,0,1000,0,0,0,60,60
27201,173668,0,1000,27202,0,0,60,60
27202,173667,0,1000,0,0,0,60,60
27203,173680,0,1000,27204,0,0,60,60
27204,173679,0,1000,0,0,0,60,60
27205,173674,0,1000,27206,0,0,60,60
27206,173673,0,1000,0,0,0,60,60
27207,173670,0,1000,27208,0,0,60,60
27208,173669,0,1000,0,0,0,60,60
27209,173682,0,1000,27210,0,0,60,60
27210,173681,0,1000,0,0,0,60,60
27211,173676,0,1000,27212,0,0,60,60
27212,173675,0,1000,0,0,0,60,60
27213,174854,0,1000,27595,0,0,60,60
27214,174855,0,1000,27598,0,0,60,60
27215,173692,0,1000,0,0,1,60,60
27216,169741,0,1000,27217,0,1,60,60
27217,173695,0,1000,0,0,1,60,60
27218,173701,0,4000,27219,0,0,60,60
27219,173702,0,0,27220,0,0,60,60
27220,173703,0,0,0,0,0,60,60
27222,0,0,5000,27223,0,0,60,60
27223,173731,0,0,0,0,0,60,60
27228,173782,0,0,0,0,0,60,60
27305,173956,0,0,27306,0,0,60,60
27306,173975,0,0,0,0,0,60,60
27307,174059,0,0,27308,0,0,60,60
27308,174062,0,0,0,0,0,60,60
27309,174063,0,0,27312,0,0,60,60
27310,174066,0,0,27311,0,0,60,60
27311,174068,0,0,0,0,0,60,60
27312,174064,0,0,27313,0,0,60,60
27313,174065,0,0,27314,0,0,60,60
27314,174067,0,0,0,0,0,60,60
27315,174070,0,1000,27316,0,0,60,60
27316,174071,0,1000,27317,0,0,60,60
27317,174072,0,1000,27318,0,0,60,60
27318,174073,0,1000,27319,0,0,60,60
27319,174074,0,1000,0,0,0,60,60
27320,174075,0,0,27321,0,0,60,60
27321,174076,0,0,28679,0,0,60,60
27323,174081,0,1000,27324,0,1,60,60
27324,174080,0,0,0,0,0,60,60
27335,174089,0,0,27336,0,0,60,60
27336,174091,0,0,27337,0,0,60,60
27337,174092,0,1000,27339,0,0,60,60
27339,174095,0,0,27340,0,0,60,60
27340,174096,0,0,27341,0,0,60,60
27341,174097,0,0,27343,0,0,60,60
27342,173521,0,0,27344,0,0,60,60
27343,174098,0,0,27342,0,2,60,60
27344,173522,0,1000,27346,0,1,60,60
27346,173524,0,1000,27350,0,0,60,60
27350,173528,0,2000,27351,0,0,60,60
27351,173529,0,1000,27352,0,0,60,60
27352,173531,0,0,0,0,0,60,60
27353,174119,0,0,27354,0,0,60,60
27354,174120,0,0,27356,0,0,60,60
27356,174118,0,0,0,0,0,60,60
27358,174143,0,3000,27359,0,0,60,60
27359,174144,0,1000,0,0,0,60,60
27360,174150,0,1000,0,0,1,60,60
27361,174140,0,3000,27362,0,0,60,60
27362,174145,0,1000,0,0,0,60,60
27363,174146,0,3000,27364,0,0,60,60
27364,174147,0,3000,0,0,0,60,60
27366,174173,0,1000,0,0,0,60,60
27368,174181,0,1000,27370,0,0,60,60
27369,174182,0,1000,27368,0,0,60,60
27370,174183,0,5000,27408,0,0,60,60
27371,174184,0,1000,27372,0,0,60,60
27372,174185,0,1000,27373,0,0,60,60
27373,174186,0,4000,27374,0,0,60,60
27374,174187,0,1000,27411,0,0,60,60
27376,174192,0,0,27377,0,0,60,60
27377,174193,0,0,27856,0,0,60,60
27378,174194,0,0,27380,0,0,60,60
27380,174196,0,0,0,0,0,60,60
27385,174210,0,0,27386,0,0,60,60
27386,174214,0,0,27387,0,0,60,60
27387,174217,0,0,27388,0,0,60,60
27388,174218,0,0,27389,0,0,60,60
27389,174219,0,0,27390,0,0,60,60
27390,174220,0,0,27392,0,0,60,60
27392,174223,0,0,27394,0,0,60,60
27394,174225,0,0,0,0,0,60,60
27395,174127,0,0,0,0,0,60,60
27396,174330,0,1000,0,0,0,60,60
27401,174342,0,1000,0,0,0,60,60
27402,174343,0,1000,27401,0,0,60,60
27408,174349,0,1000,27409,0,0,60,60
27409,174350,0,1000,27410,0,0,60,60
27410,174351,0,1000,0,0,0,60,60
27411,174352,0,1000,27412,0,0,60,60
27412,174353,0,0,0,0,0,60,60
27413,174366,0,500,27414,0,0,60,60
27414,174371,0,500,27415,0,0,60,60
27415,174373,0,500,27416,0,0,60,60
27416,174398,0,500,27417,0,0,60,60
27417,174400,0,500,0,0,0,60,60
27418,174406,0,1000,27419,0,0,60,60
27419,174408,0,1000,27420,0,0,60,60
27420,174402,0,1000,0,0,0,60,60
27424,174438,0,1000,27425,0,0,60,60
27425,174439,0,1000,27426,0,0,60,60
27426,174440,0,0,27427,0,0,60,60
27427,174441,0,0,27428,0,0,60,60
27428,174442,0,0,27429,0,0,60,60
27429,174443,0,0,27430,0,0,60,60
27430,174444,0,0,27431,0,0,60,60
27431,174445,0,0,27432,0,0,60,60
27432,174446,0,0,27433,0,0,60,60
27433,174447,0,0,27434,0,0,60,60
27434,174448,0,0,0,0,0,60,60
27435,174449,0,0,27436,0,0,60,60
27436,174450,0,0,0,0,0,60,60
27437,174453,0,500,27438,0,0,60,60
27438,174454,0,500,26857,0,0,60,60
27441,174386,0,0,27442,0,1,60,60
27442,174389,0,0,27443,0,1,60,60
27443,174390,0,0,0,0,1,60,60
27444,174490,0,1000,0,0,0,60,60
27445,174403,0,0,0,0,0,60,60
27446,174407,0,0,0,0,0,60,60
27447,174417,0,0,0,0,0,60,60
27448,174424,0,0,27449,0,0,60,60
27449,174425,0,0,27450,0,0,60,60
27450,174426,0,0,0,0,0,60,60
27451,173153,0,1000,27452,0,0,60,60
27452,173154,0,1000,0,0,0,60,60
27453,174607,0,1000,0,0,1,60,60
27456,174660,0,0,27457,0,0,60,60
27457,174661,0,0,0,0,0,60,60
27458,174611,0,1000,27459,0,0,60,60
27459,174662,0,1000,0,0,0,60,60
27460,174663,0,0,27461,0,1,60,60
27461,174664,0,1000,0,0,0,60,60
27462,174669,0,1000,27463,0,0,60,60
27463,174670,0,1000,0,0,0,60,60
27464,174667,0,1000,27465,0,0,60,60
27465,174668,0,1000,0,0,0,60,60
27466,174697,0,1000,0,0,0,60,60
27467,174698,0,1000,27468,0,0,60,60
27468,174699,0,3000,0,0,0,60,60
27472,174703,0,0,27473,0,0,60,60
27473,174704,0,0,27474,0,0,60,60
27474,174705,0,0,0,0,2,60,60
27475,174700,0,2000,27476,0,0,60,60
27476,174701,0,0,27477,0,0,60,60
27477,174702,0,0,27478,0,0,60,60
27478,174706,0,0,0,0,2,60,60
27479,174708,0,0,27480,0,2,60,60
27480,174709,0,0,27481,0,0,60,60
27481,174710,0,0,0,0,0,60,60
27482,174748,0,1000,27483,0,0,60,60
27483,174749,0,1000,27484,0,0,60,60
27484,174750,0,1000,27485,0,0,60,60
27485,174751,0,1000,27486,0,0,60,60
27486,174752,0,1000,0,0,0,60,60
27487,174149,0,1000,0,0,0,60,60
27488,174758,0,1000,27489,0,0,60,60
27489,174759,0,1000,0,0,0,60,60
27490,174760,0,1000,27491,0,0,60,60
27491,174761,0,1000,0,0,0,60,60
27492,174764,0,1000,27493,0,0,60,60
27493,174765,0,0,0,0,0,60,60
27494,174766,0,1000,0,0,1,60,60
27495,174776,0,1000,27496,0,0,60,60
27496,174777,0,1000,0,0,0,60,60
27497,174780,0,1000,27498,0,0,60,60
27498,174782,0,1000,0,0,0,60,60
27499,0,0,1000,27500,0,0,60,60
27500,174781,0,1000,27501,0,0,60,60
27501,174783,0,1000,0,0,0,60,60
27502,174631,0,1000,27503,0,0,60,60
27503,174632,0,0,0,0,0,60,60
27504,174651,0,0,0,0,0,60,60
27505,174435,0,0,27506,0,0,60,60
27506,174436,0,0,27507,0,0,60,60
27507,174437,0,0,27508,0,0,60,60
27508,174652,0,0,0,0,0,60,60
27509,174653,0,0,27510,0,0,60,60
27510,174655,0,0,27511,0,0,60,60
27511,174656,0,0,27512,0,0,60,60
27512,174654,0,0,27513,0,0,60,60
27513,174657,0,0,27514,0,0,60,60
27514,174658,0,0,27515,0,0,60,60
27515,174659,0,0,0,0,0,60,60
27516,174808,0,1000,27517,0,0,60,60
27517,174810,0,1000,27518,0,0,60,60
27518,174812,0,1000,0,0,0,60,60
27519,174833,0,1000,27521,0,0,60,60
27520,174826,0,1000,0,0,0,60,60
27521,174834,0,0,27522,0,0,60,60
27522,174835,0,0,27523,0,0,60,60
27523,174836,0,0,0,0,0,60,60
27526,174839,0,1000,27527,0,0,60,60
27527,174840,0,1000,27528,0,0,60,60
27528,174841,0,0,27529,0,2,60,60
27529,174842,0,0,27531,0,0,60,60
27531,174844,0,2000,27532,0,0,60,60
27532,174845,0,4000,27540,0,0,60,60
27540,174846,0,1000,27541,0,0,60,60
27541,174847,0,1000,27542,0,0,60,60
27542,174848,0,1000,27543,0,0,60,60
27543,174849,0,1000,27544,0,0,60,60
27544,174850,0,2000,0,0,0,60,60
27547,174813,0,1000,27548,0,0,60,60
27548,174814,0,1000,27549,0,0,60,60
27549,174815,0,1000,0,0,0,60,60
27550,174808,0,1000,27551,0,0,60,60
27551,174810,0,1000,27552,0,0,60,60
27552,174812,0,1000,0,0,0,60,60
27553,174876,0,0,27554,0,0,60,60
27554,174877,0,0,0,0,0,60,60
27555,174878,0,5000,0,0,1,60,60
27556,174879,0,1000,27557,0,0,60,60
27557,174880,0,1000,0,0,0,60,60
27558,174882,0,1000,27559,0,0,60,60
27559,174884,0,1000,0,0,0,60,60
27560,170724,0,0,27561,0,0,60,60
27561,170725,0,1000,27562,0,0,60,60
27562,170726,0,0,0,0,0,60,60
27563,0,0,0,27578,0,0,60,60
27564,174916,0,1000,28342,0,0,60,60
27565,174917,0,1000,27568,0,0,60,60
27566,174921,0,1000,28284,0,0,60,60
27568,174920,0,1000,27566,0,0,60,60
27570,174922,0,1000,27587,0,0,60,60
27573,0,0,0,27563,0,0,60,60
27575,174715,0,4000,0,0,1,60,60
27576,174940,0,0,0,0,0,60,60
27577,174942,0,0,0,0,0,60,60
27578,176961,0,1000,27564,0,0,60,60
27579,174070,0,1000,27580,0,0,60,60
27580,174071,0,1000,27581,0,0,60,60
27581,174072,0,1000,27582,0,0,60,60
27582,174073,0,1000,27583,0,0,60,60
27583,174074,0,1000,0,0,0,60,60
27584,172779,0,0,27585,0,0,60,60
27585,174665,0,0,27586,0,0,60,60
27586,174666,0,0,0,0,0,60,60
27587,0,0,0,27588,0,0,60,60
27588,0,0,0,28345,0,0,60,60
27590,174986,0,1000,0,0,0,60,60
27591,174987,0,1000,0,0,0,60,60
27592,175002,0,1000,0,0,0,60,60
27593,175003,0,1000,27594,0,0,60,60
27594,175004,0,0,0,0,0,60,60
27595,175039,0,0,27596,0,0,60,60
27596,175040,0,0,27597,0,0,60,60
27597,175041,0,0,0,0,0,60,60
27598,175042,0,0,27599,0,0,60,60
27599,175044,0,0,27600,0,0,60,60
27600,175045,0,0,0,0,0,60,60
27603,175116,0,1000,27604,0,0,60,60
27604,175126,0,1000,0,0,0,60,60
27605,175133,0,1000,27606,0,0,60,60
27606,175134,0,1000,0,0,0,60,60
27607,175150,0,0,27608,0,0,60,60
27608,175151,0,0,0,0,0,60,60
27609,175154,0,0,0,0,0,60,60
27610,175142,0,0,27611,0,0,60,60
27611,175144,0,0,27612,0,0,60,60
27612,175145,0,0,0,0,0,60,60
27613,175165,0,1000,27614,0,0,60,60
27614,175150,0,0,27615,0,0,60,60
27615,175151,0,0,0,0,0,60,60
27616,175167,0,1000,27617,0,0,60,60
27617,175168,0,0,27618,0,0,60,60
27618,175169,0,0,27619,0,0,60,60
27619,175170,0,0,0,0,0,60,60
27620,175171,0,0,27621,0,0,60,60
27621,175172,0,0,0,0,0,60,60
27622,175173,0,0,0,0,0,60,60
27623,175174,0,1000,0,0,0,60,60
27624,175177,0,1000,27625,0,0,60,60
27625,175176,0,1000,0,0,0,60,60
27626,175179,0,1000,27627,0,0,60,60
27627,175178,0,1000,0,0,0,60,60
27628,175181,0,1000,27629,0,0,60,60
27629,175180,0,1000,0,0,0,60,60
27630,175183,0,1000,27631,0,0,60,60
27631,175182,0,1000,0,0,0,60,60
27632,175068,0,0,27633,0,0,60,60
27633,175069,0,0,27634,0,0,60,60
27634,175070,0,0,27635,0,0,60,60
27635,175071,0,0,27636,0,0,60,60
27636,175072,0,0,27637,0,0,60,60
27637,175073,0,0,27638,0,0,60,60
27638,175074,0,0,27639,0,0,60,60
27639,175075,0,0,27640,0,0,60,60
27640,175076,0,0,27641,0,0,60,60
27641,175077,0,0,0,0,0,60,60
27642,175078,0,0,27643,0,0,60,60
27643,174439,0,0,27644,0,0,60,60
27644,174440,0,0,27645,0,0,60,60
27645,175079,0,0,27646,0,0,60,60
27646,175080,0,0,27647,0,0,60,60
27647,174443,0,0,27648,0,0,60,60
27648,174444,0,0,27649,0,0,60,60
27649,175081,0,0,27650,0,0,60,60
27650,174446,0,0,27652,0,0,60,60
27652,174448,0,0,0,0,0,60,60
27653,0,0,1000,27654,0,0,60,60
27654,175218,0,5000,0,0,0,60,60
27655,0,0,1000,34113,0,0,60,60
27657,0,0,1000,27658,0,0,60,60
27658,175220,0,5000,0,0,0,60,60
27659,0,0,1000,27660,0,0,60,60
27660,175221,0,5000,0,0,0,60,60
27661,175222,0,5000,0,0,0,60,60
27662,0,0,5000,27663,0,0,60,60
27663,175223,0,0,0,0,0,60,60
27664,0,0,1000,27665,0,0,60,60
27665,175225,0,1000,27666,0,0,60,60
27666,175226,0,1000,0,0,0,60,60
27667,0,0,8000,27668,0,0,60,60
27668,175241,0,3000,27669,0,0,60,60
27669,175242,0,0,0,0,0,60,60
27670,175243,0,2000,27671,0,0,60,60
27671,175244,0,2000,27672,0,0,60,60
27672,175245,0,2000,27673,0,0,60,60
27673,175246,0,2000,27674,0,0,60,60
27674,175247,0,2000,27675,0,0,60,60
27675,175248,0,2000,27676,0,0,60,60
27676,175249,0,2000,27677,0,0,60,60
27677,175250,0,2000,0,0,0,60,60
27678,175251,0,0,27679,0,0,60,60
27679,175252,0,0,0,0,0,60,60
27680,175255,0,1000,27681,0,0,60,60
27681,175256,0,0,0,0,0,60,60
27682,175321,0,1000,0,0,1,60,60
27683,175326,0,0,27684,0,0,60,60
27684,175327,0,0,27685,0,0,60,60
27685,175329,0,0,27686,0,0,60,60
27686,175330,0,1000,28486,0,0,60,60
27690,175375,0,1000,27691,0,0,60,60
27691,175376,0,1000,27692,0,0,60,60
27692,175377,0,1000,0,0,0,60,60
27693,175380,0,1000,27694,0,0,60,60
27694,175381,0,1000,27695,0,1,60,60
27695,175382,0,1000,27696,0,1,60,60
27696,175383,0,1000,0,0,0,60,60
27697,174610,0,1000,27698,0,1,60,60
27698,174616,0,1000,0,0,1,60,60
27699,175407,0,0,27701,0,0,60,60
27700,175408,0,0,27702,0,0,60,60
27701,175413,0,0,0,0,0,60,60
27702,175414,0,0,0,0,0,60,60
27703,175415,0,0,27704,0,0,60,60
27704,175418,0,0,0,0,0,60,60
27705,175422,0,0,27706,0,0,60,60
27706,175425,0,0,0,0,0,60,60
27707,175427,0,0,27708,0,0,60,60
27708,175435,0,0,27709,0,0,60,60
27709,175428,0,0,27710,0,0,60,60
27710,175436,0,0,0,0,0,60,60
27711,175483,0,0,27712,0,0,60,60
27712,175484,0,0,0,0,0,60,60
27713,175485,0,0,27714,0,0,60,60
27714,175486,0,0,0,0,0,60,60
27715,175488,0,0,27716,0,0,60,60
27716,175490,0,0,0,0,0,60,60
27717,175493,0,1000,28487,0,0,60,60
27718,175494,0,1000,27927,0,0,60,60
27719,175499,0,1000,27721,0,0,60,60
27721,175501,0,1000,0,0,0,60,60
27722,175506,0,0,27723,0,0,60,60
27723,175507,0,3000,27724,0,0,60,60
27724,175508,0,0,36498,0,0,60,60
27727,175567,0,1000,27728,0,0,60,60
27728,175568,0,1000,0,0,0,60,60
27729,175580,0,1000,27730,0,0,60,60
27730,175581,0,2000,0,0,0,60,60
27731,175584,0,1000,27727,0,0,60,60
27732,175585,0,1000,27733,0,0,60,60
27733,175588,0,1000,27958,0,0,60,60
27734,175592,0,2000,0,0,0,60,60
27735,174630,0,1000,27736,0,1,60,60
27736,175571,0,1000,0,0,1,60,60
27737,175572,0,1000,27738,0,1,60,60
27738,175573,0,1000,0,0,1,60,60
27739,175574,0,1000,27740,0,1,60,60
27740,175575,0,1000,27741,0,1,60,60
27741,175576,0,1000,0,0,1,60,60
27742,175577,0,1000,27743,8994,0,60,60
27743,175578,0,1000,0,8994,0,60,60
27744,175439,0,0,27745,0,0,60,60
27745,175438,0,4000,27746,0,0,60,60
27746,175416,0,1000,27747,0,0,60,60
27747,175417,0,0,27748,0,0,60,60
27748,175421,0,2000,27749,0,1,60,60
27749,175440,0,1000,0,0,0,60,60
27750,175630,0,1000,27751,0,0,60,60
27751,175631,0,1000,27752,0,0,60,60
27752,174755,0,1000,0,0,0,60,60
27753,175632,0,0,27754,0,0,60,60
27754,175633,0,0,0,0,0,60,60
27755,175634,0,0,27756,0,0,60,60
27756,175635,0,0,0,0,0,60,60
27757,175127,0,1000,27758,0,0,60,60
27758,175128,0,1000,0,0,0,60,60
27759,175638,0,2000,27760,0,0,60,60
27760,175639,0,4000,27761,0,0,60,60
27761,175640,0,2000,27762,0,0,60,60
27762,175641,0,4000,0,0,0,60,60
27764,175643,0,1000,27765,0,0,60,60
27765,175645,0,1000,27766,0,0,60,60
27766,175644,0,1000,0,0,0,60,60
27767,175533,0,0,27768,0,0,60,60
27768,0,0,2000,27769,0,0,60,60
27769,177506,0,0,28578,0,0,60,60
27770,175658,0,3000,27771,0,0,60,60
27771,175659,0,1000,0,0,0,60,60
27782,175410,0,1000,27783,0,0,60,60
27783,175411,0,0,27784,0,0,60,60
27784,175412,0,1000,27785,0,0,60,60
27785,174191,0,0,0,0,0,60,60
27786,175710,0,1000,0,0,0,60,60
27790,175711,0,1000,0,0,0,60,60
27794,175723,0,1000,0,0,0,60,60
27795,175711,0,1000,0,0,0,60,60
27796,175719,0,3000,27797,0,0,60,60
27797,175720,0,1000,0,0,0,60,60
27798,175726,0,1000,27799,0,0,60,60
27799,175727,0,1000,27800,0,0,60,60
27800,175728,0,8000,0,0,0,60,60
27804,175665,0,1000,27805,0,0,60,60
27805,175666,0,1000,27806,0,0,60,60
27806,175667,0,1000,0,0,0,60,60
27808,175730,0,1000,27809,0,0,60,60
27809,175731,0,1000,27810,0,0,60,60
27810,175732,0,1000,0,0,0,60,60
27811,175736,0,2000,27812,0,0,60,60
27812,175737,0,0,0,0,0,60,60
27826,173114,0,1000,27827,0,0,60,60
27827,173115,0,1000,27828,0,0,60,60
27828,173116,0,0,0,0,0,60,60
27829,175437,0,1000,0,0,0,60,60
27830,175406,0,1000,26935,0,0,60,60
27831,175137,0,1000,0,0,0,60,60
27832,175136,0,1000,0,0,0,60,60
27833,175130,0,1000,0,0,0,60,60
27834,175129,0,1000,0,0,0,60,60
27835,175135,0,1000,0,0,0,60,60
27836,175152,0,1000,27837,0,0,60,60
27837,175156,0,1000,0,0,0,60,60
27838,175160,0,1000,0,0,0,60,60
27839,175161,0,1000,0,0,0,60,60
27840,175159,0,1000,0,0,0,60,60
27841,175157,0,1000,0,0,0,60,60
27842,175158,0,1000,0,0,0,60,60
27843,175409,0,1000,0,0,1,60,60
27844,174597,0,1000,0,0,0,60,60
27848,175840,0,1000,27853,0,0,60,60
27849,174496,0,1000,27850,0,1,60,60
27850,174497,0,1000,27851,0,1,60,60
27851,174499,0,1000,27852,0,1,60,60
27852,174500,0,1000,0,0,1,60,60
27853,175856,0,1000,0,0,0,60,60
27854,174132,0,1000,27855,0,1,60,60
27855,174133,0,1000,0,0,1,60,60
27856,174195,0,0,27378,0,0,60,60
27859,175883,0,1000,0,0,0,60,60
27862,173910,0,1000,27859,0,0,60,60
27863,175888,0,1000,0,0,0,60,60
27869,175895,0,1000,0,0,0,60,60
27870,175896,0,1000,0,0,0,60,60
27871,178302,0,1000,0,0,0,60,60
27873,0,0,2000,27874,0,0,60,60
27874,0,0,0,27875,0,0,60,60
27875,0,0,0,27876,0,0,60,60
27876,0,0,0,27877,0,0,60,60
27877,0,0,0,27878,0,0,60,60
27878,0,0,0,27879,0,0,60,60
27879,0,0,0,27880,0,0,60,60
27880,0,0,0,27881,0,0,60,60
27881,0,0,0,0,0,0,60,60
27882,174141,0,1000,0,0,0,60,60
27883,175913,0,1000,0,0,0,60,60
27884,174608,0,1000,27885,0,0,60,60
27885,174614,0,1000,0,0,0,60,60
27891,175917,0,1000,0,0,0,60,60
27899,175823,0,0,27932,0,1,60,60
27901,175825,0,1000,27902,0,1,60,60
27902,175826,0,1000,0,0,1,60,60
27904,175830,0,1000,28914,0,1,60,60
27908,176002,0,1000,0,0,0,60,60
27909,176001,0,1000,0,0,0,60,60
27910,176000,0,1000,0,0,0,60,60
27911,176022,0,1000,27912,0,0,60,60
27912,176024,0,1000,0,0,0,60,60
27921,172530,0,1000,27922,0,0,60,60
27922,176036,0,1000,0,0,0,60,60
27923,172789,0,1000,27924,0,0,60,60
27924,176037,0,1000,0,0,0,60,60
27925,172529,0,1000,27926,0,0,60,60
27926,176038,0,1000,0,0,0,60,60
27927,176063,0,1000,0,0,0,60,60
27932,175827,0,0,0,0,1,60,60
27933,176118,0,3000,27934,0,0,60,60
27934,176119,0,1000,0,0,0,60,60
27935,175138,0,1000,27936,0,0,60,60
27936,175140,0,1000,27937,0,0,60,60
27937,175141,0,1000,0,0,0,60,60
27939,176193,0,1000,0,0,0,60,60
27940,176195,0,1000,0,0,0,60,60
27941,176198,0,1000,0,0,0,60,60
27942,176200,0,1000,0,0,0,60,60
27943,176201,0,1000,0,0,0,60,60
27944,176203,0,1000,0,0,0,60,60
27945,176204,0,1000,0,0,0,60,60
27946,176207,0,1000,0,0,0,60,60
27947,176211,0,1000,0,0,0,60,60
27948,176213,0,1000,0,0,0,60,60
27949,176220,0,1000,0,0,0,60,60
27950,176221,0,1000,0,0,0,60,60
27951,176222,0,1000,0,0,0,60,60
27952,176223,0,1000,27953,0,0,60,60
27953,176224,0,0,0,0,1,60,60
27954,176227,0,1000,0,0,0,60,60
27955,176225,0,3000,27956,0,0,60,60
27956,176226,0,1000,27957,0,0,60,60
27957,176228,0,1000,0,0,0,60,60
27958,176230,0,1000,27734,0,0,60,60
27959,176232,0,1000,27960,0,0,60,60
27960,173360,0,1000,27961,0,0,60,60
27961,173359,0,1000,0,0,0,60,60
27962,173914,0,1000,0,0,1,60,60
27963,173760,0,1000,0,0,1,60,60
27964,173759,0,1000,0,0,1,60,60
27965,176235,0,4000,27966,0,0,60,60
27966,176236,0,8000,27967,0,0,60,60
27967,176237,0,1000,0,0,0,60,60
27968,175139,0,1000,27969,0,1,60,60
27969,175147,0,1000,27970,0,1,60,60
27970,175153,0,1000,27971,0,1,60,60
27971,175155,0,1000,0,0,1,60,60
27974,176259,0,1000,0,0,0,60,60
27975,173838,0,1000,0,0,1,60,60
27976,176271,0,1000,27977,0,0,60,60
27977,176273,0,1000,27978,0,0,60,60
27978,176274,0,1000,0,0,0,60,60
27981,175217,0,1000,27982,0,1,60,60
27982,175227,0,1000,27983,0,1,60,60
27983,175228,0,1000,27984,0,1,60,60
27984,175229,0,1000,27985,0,1,60,60
27985,175230,0,1000,0,0,1,60,60
27986,176278,0,1000,27987,0,0,60,60
27987,176283,0,1000,27988,0,0,60,60
27988,176281,0,1000,27996,0,0,60,60
27989,175232,0,1000,27990,0,1,60,60
27990,175234,0,1000,27991,0,1,60,60
27991,175235,0,1000,0,0,1,60,60
27992,173410,0,1000,27993,0,0,60,60
27993,176279,0,1000,27994,0,0,60,60
27994,176280,0,1000,27995,0,0,60,60
27995,173409,0,1000,27986,0,0,60,60
27996,176285,0,1000,27997,0,0,60,60
27997,176284,0,1000,0,0,0,60,60
27998,176286,0,1000,27082,0,0,60,60
27999,176287,0,1000,28000,0,0,60,60
28000,176291,0,1000,28001,0,0,60,60
28001,176288,0,1000,28002,0,0,60,60
28002,176292,0,1000,0,0,0,60,60
28003,176310,0,1000,28004,0,0,60,60
28004,176311,0,1000,28005,0,0,60,60
28005,176312,0,1000,0,0,0,60,60
28006,176333,0,1000,28007,0,0,60,60
28007,176334,0,1000,0,0,0,60,60
28008,176338,0,1000,28009,0,0,60,60
28009,176339,0,1000,28010,0,0,60,60
28010,176340,0,1000,0,0,0,60,60
28011,176341,0,1000,28012,0,0,60,60
28012,176342,0,1000,28013,0,0,60,60
28013,176343,0,1000,0,0,0,60,60
28014,172577,0,1000,26735,0,0,60,60
28015,174644,0,0,28016,0,0,60,60
28016,174605,0,0,0,0,0,60,60
28017,174609,0,1000,0,0,0,60,60
28019,174606,0,1000,28020,0,0,60,60
28020,174595,0,1000,28021,0,0,60,60
28021,174613,0,1000,28017,0,0,60,60
28023,174615,0,1000,0,0,0,60,60
28024,176446,0,1000,28162,0,0,60,60
28025,174600,0,0,0,0,0,60,60
28026,176348,0,2000,28028,0,0,60,60
28028,176350,0,1000,0,0,0,60,60
28029,175280,0,1000,28030,0,1,60,60
28030,175292,0,1000,28031,0,1,60,60
28031,175282,0,1000,28032,0,1,60,60
28032,175283,0,1000,0,0,1,60,60
28033,175285,0,1000,28034,0,1,60,60
28034,175286,0,1000,0,0,1,60,60
28035,175287,0,1000,28036,0,1,60,60
28036,175288,0,1000,0,0,1,60,60
28037,175203,0,1000,28038,0,1,60,60
28038,175205,0,1000,28039,0,1,60,60
28039,175208,0,1000,0,0,1,60,60
28041,175289,0,1000,0,0,1,60,60
28042,175237,0,1000,28043,0,1,60,60
28043,175259,0,1000,28044,0,1,60,60
28044,175262,0,1000,0,0,1,60,60
28045,175276,0,1000,28046,0,1,60,60
28046,175278,0,1000,28047,0,1,60,60
28047,175295,0,1000,28048,0,1,60,60
28048,175296,0,1000,0,0,1,60,60
28049,175489,0,4000,28050,0,1,60,60
28050,175487,0,0,0,0,1,60,60
28051,173282,0,1000,28052,0,1,60,60
28052,173283,0,1000,28053,0,1,60,60
28053,173288,0,1000,0,0,1,60,60
28054,175299,0,1000,28055,0,1,60,60
28055,175300,0,1000,0,0,1,60,60
28056,175302,0,1000,28058,0,1,60,60
28058,175303,0,1000,28059,0,1,60,60
28059,175304,0,1000,0,0,1,60,60
28062,175305,0,1000,0,0,1,60,60
28063,175306,0,1000,28064,0,1,60,60
28064,175307,0,1000,28065,0,1,60,60
28065,175308,0,1000,28066,0,1,60,60
28066,175310,0,1000,28067,0,1,60,60
28067,175311,0,1000,28068,0,1,60,60
28068,175313,0,1000,0,0,1,60,60
28069,176368,0,1000,28070,0,0,60,60
28070,176369,0,1000,28071,0,0,60,60
28071,176373,0,1000,28072,0,0,60,60
28072,176375,0,1000,0,0,0,60,60
28073,176376,0,1000,28074,0,0,60,60
28074,176377,0,1000,0,0,0,60,60
28075,175314,0,1000,28076,0,1,60,60
28076,175315,0,1000,28077,0,1,60,60
28077,175316,0,1000,28078,0,1,60,60
28078,175317,0,1000,28079,0,1,60,60
28079,175318,0,1000,0,0,1,60,60
28080,176400,0,1000,0,0,0,60,60
28081,176365,0,1000,0,0,1,60,60
28083,176363,0,1000,0,0,0,60,60
28085,176426,0,1000,28086,0,0,60,60
28086,176427,0,0,0,0,0,60,60
28087,176428,0,1000,28088,0,0,60,60
28088,176429,0,1000,28089,0,0,60,60
28089,176430,0,1000,0,0,0,60,60
28090,176431,0,1000,0,0,0,60,60
28091,176432,0,1000,0,0,0,60,60
28095,176461,0,1000,28096,0,0,60,60
28096,176460,0,0,0,0,0,60,60
28097,176462,0,0,28098,0,0,60,60
28098,176463,0,0,0,0,0,60,60
28099,176381,0,1000,0,0,0,60,60
28100,176382,0,1000,0,0,0,60,60
28101,174490,0,3000,28102,0,1,60,60
28102,173036,0,1000,0,0,1,60,60
28103,176383,0,0,28104,0,0,60,60
28104,176384,0,0,0,0,0,60,60
28105,176484,0,0,0,0,0,60,60
28106,176485,0,0,0,0,0,60,60
28107,175959,0,1000,28108,0,0,60,60
28108,175960,0,1000,28109,0,0,60,60
28109,175961,0,1000,28110,0,0,60,60
28110,175962,0,1000,0,0,0,60,60
28111,176486,0,0,28112,0,0,60,60
28112,176487,0,0,28113,0,0,60,60
28113,176488,0,0,0,0,0,60,60
28114,175835,0,0,28115,0,1,60,60
28115,175836,0,2000,29118,0,1,60,60
28120,175489,0,4000,29179,0,1,60,60
28121,175492,0,0,0,0,1,60,60
28122,176495,0,0,28123,0,0,60,60
28123,176496,0,0,0,0,0,60,60
28124,175109,0,1000,28125,0,0,60,60
28125,175110,0,1000,28126,0,0,60,60
28126,175111,0,1000,0,0,0,60,60
28127,176510,0,0,28128,0,0,60,60
28128,176511,0,0,0,0,2,60,60
28131,176194,0,2000,28156,0,0,60,60
28135,174612,0,0,28025,0,0,60,60
28136,174604,0,1000,28023,0,0,60,60
28156,175833,0,1000,0,0,0,60,60
28158,173264,0,2000,28160,0,0,60,60
28160,175834,0,1000,0,0,0,60,60
28161,176440,0,1000,28024,0,0,60,60
28162,176447,0,1000,28163,0,0,60,60
28163,176448,0,1000,28164,0,0,60,60
28164,176449,0,1000,28165,0,0,60,60
28165,176450,0,1000,28166,0,0,60,60
28166,176451,0,1000,0,0,0,60,60
28167,176392,0,1000,0,0,0,60,60
28171,176632,0,1000,0,0,0,60,60
28172,176631,0,1000,0,0,0,60,60
28173,176633,0,1000,0,0,0,60,60
28174,176394,0,1000,0,0,0,60,60
28175,176397,0,1000,28176,0,0,60,60
28176,176398,0,0,0,0,0,60,60
28177,176406,0,1000,29113,0,0,60,60
28179,176574,0,1000,28180,0,0,60,60
28180,176575,0,1000,28181,0,0,60,60
28181,176586,0,1000,0,0,0,60,60
28182,176587,0,1000,28183,0,0,60,60
28183,176588,0,1000,28184,0,0,60,60
28184,176589,0,1000,0,0,0,60,60
28185,176395,0,1000,0,0,1,60,60
28186,175284,0,1000,0,0,1,60,60
28187,176693,0,1000,0,0,0,60,60
28188,176612,0,1000,28189,0,0,60,60
28189,176613,0,1000,28190,0,0,60,60
28190,176614,0,1000,28191,0,0,60,60
28191,176615,0,1000,28192,0,0,60,60
28192,176616,0,1000,28193,0,0,60,60
28193,176617,0,1000,28194,0,0,60,60
28194,176618,0,1000,0,0,0,60,60
28196,176412,0,1000,28197,0,0,60,60
28197,176413,0,1000,0,0,0,60,60
28201,176417,0,1000,28202,0,0,60,60
28202,176418,0,1000,0,0,0,60,60
28203,176728,0,1000,28204,0,0,60,60
28204,176729,0,1000,28205,0,0,60,60
28205,176730,0,1000,28206,0,0,60,60
28206,176731,0,1000,28207,0,0,60,60
28207,176732,0,1000,28208,0,0,60,60
28208,176733,0,1000,28209,0,0,60,60
28209,176734,0,1000,28210,0,0,60,60
28210,176735,0,1000,0,0,0,60,60
28211,175955,0,1000,26822,0,0,60,60
28212,176834,0,0,28213,0,0,60,60
28213,176835,0,1000,28214,0,0,60,60
28214,176836,0,1000,0,0,0,60,60
28221,174491,0,1000,28222,0,1,60,60
28222,174492,0,1000,28223,0,1,60,60
28223,174493,0,1000,0,0,1,60,60
28225,174517,0,1000,28226,0,0,60,60
28226,174516,0,1000,28227,0,0,60,60
28227,174518,0,1000,28228,0,0,60,60
28228,174519,0,1000,28229,0,0,60,60
28229,174522,0,1000,0,0,0,60,60
28230,176867,0,1000,28231,0,0,60,60
28231,176868,0,1000,28232,0,0,60,60
28232,176322,0,1000,0,0,0,60,60
28233,176853,0,4000,0,0,1,60,60
28234,176755,0,1000,28235,0,0,60,60
28235,176756,0,0,0,0,0,60,60
28236,176757,0,1000,0,0,0,60,60
28237,176873,0,1000,0,0,0,60,60
28238,176874,0,1000,0,0,0,60,60
28239,176875,0,1000,0,0,0,60,60
28240,176878,0,1000,28237,0,0,60,60
28241,176880,0,1000,28242,0,0,60,60
28242,176881,0,1000,29333,0,0,60,60
28244,176884,0,0,28245,0,0,60,60
28245,176885,0,0,28246,0,0,60,60
28246,176886,0,0,28247,0,0,60,60
28247,176887,0,0,0,0,0,60,60
28248,176851,0,1000,28249,0,0,60,60
28249,176847,0,1000,28250,0,0,60,60
28250,0,0,0,0,0,0,60,60
28251,176758,0,0,0,0,0,60,60
28252,176759,0,1000,28949,0,0,60,60
28253,176760,0,1000,28254,0,0,60,60
28254,176761,0,0,28255,0,0,60,60
28255,176762,0,0,28256,0,0,60,60
28256,176763,0,0,0,0,0,60,60
28257,0,0,0,28248,0,0,60,60
28258,0,0,0,28259,0,0,60,60
28259,176848,0,1000,28261,0,0,60,60
28261,0,0,0,0,0,0,60,60
28262,176908,0,0,28263,0,0,60,60
28263,176909,0,0,0,0,0,60,60
28264,176912,0,0,28265,0,0,60,60
28265,176913,0,0,28266,0,0,60,60
28266,176914,0,0,28267,0,0,60,60
28267,176915,0,1000,28275,0,0,60,60
28268,176916,0,0,28269,0,0,60,60
28269,176917,0,0,28270,0,0,60,60
28270,176918,0,0,28271,0,0,60,60
28271,176919,0,0,28272,0,0,60,60
28272,176920,0,1000,28273,0,2,60,60
28273,176922,0,0,28274,0,0,60,60
28274,176921,0,0,0,0,0,60,60
28275,0,0,0,0,0,0,60,60
28276,176944,0,1000,28277,0,0,60,60
28277,176945,0,1000,0,0,0,60,60
28278,176946,0,1000,0,0,0,60,60
28279,176956,0,0,0,0,0,60,60
28280,176957,0,0,28279,0,0,60,60
28284,176962,0,1000,28343,0,0,60,60
28285,176963,0,3000,0,0,1,60,60
28286,0,115913,4354,28287,0,2,60,60
28287,176045,0,1000,28288,0,1,60,60
28288,173713,114858,1000,28289,0,1,60,60
28289,175724,112410,1000,0,0,1,60,60
28290,172765,0,1000,28291,0,0,60,60
28291,172767,0,1000,28292,0,0,60,60
28292,172766,0,1000,28293,0,0,60,60
28293,172768,0,1000,0,0,0,60,60
28294,173831,114623,0,28295,0,1,60,60
28295,173834,0,1000,0,0,1,60,60
28296,174873,0,1000,28297,0,1,60,60
28297,175322,0,1000,28298,0,1,60,60
28298,175367,0,1000,28299,0,1,60,60
28299,176046,0,1000,28300,0,1,60,60
28300,175369,0,1000,0,0,1,60,60
28301,173959,0,1000,28302,0,1,60,60
28302,173958,0,1000,28303,0,1,60,60
28303,173960,0,1000,0,0,1,60,60
28304,174002,0,1000,28305,0,1,60,60
28305,174004,0,1000,28306,0,1,60,60
28306,175325,0,1000,28307,0,1,60,60
28307,175390,0,1000,28308,0,1,60,60
28308,174007,0,1000,28309,0,1,60,60
28309,174009,0,1000,28310,0,1,60,60
28310,174038,0,1000,28311,0,1,60,60
28311,174039,0,1000,28312,0,1,60,60
28312,174040,0,1000,28313,0,1,60,60
28313,175988,0,1000,0,0,1,60,60
28314,175365,0,1000,28315,0,1,60,60
28315,173915,0,1000,28316,0,1,60,60
28316,173916,0,1000,28317,0,1,60,60
28317,173918,0,1000,0,0,1,60,60
28318,174049,0,1000,28319,0,1,60,60
28319,0,115921,5394,28320,0,2,60,60
28320,174055,0,1000,28321,0,1,60,60
28321,174057,0,1000,28322,0,1,60,60
28322,174061,0,1000,28323,0,1,60,60
28323,175372,0,1000,0,0,1,60,60
28324,176993,0,1000,0,0,0,60,60
28325,176785,0,1000,28326,0,0,60,60
28326,176786,0,6000,28340,0,0,60,60
28327,176787,0,0,28328,0,0,60,60
28328,176788,0,0,0,0,0,60,60
28329,176789,0,1000,28330,0,0,60,60
28330,176790,0,1000,28331,0,0,60,60
28331,176791,0,1000,28332,0,0,60,60
28332,176792,0,1000,0,0,0,60,60
28335,176995,0,3000,28336,0,0,60,60
28336,176996,0,3000,28337,0,0,60,60
28337,176997,0,1000,0,0,0,60,60
28338,176987,0,0,28339,0,0,60,60
28339,177001,0,0,0,0,0,60,60
28340,176787,0,5000,28341,0,0,60,60
28341,176788,0,0,0,0,0,60,60
28342,0,0,0,27565,0,0,60,60
28343,0,0,0,28344,0,0,60,60
28344,0,0,0,27570,0,0,60,60
28345,0,0,0,0,0,0,60,60
28346,176764,0,1000,0,0,0,60,60
28347,176765,0,1000,28348,0,0,60,60
28348,176766,0,0,0,0,0,60,60
28349,172651,0,1000,28350,0,0,60,60
28350,172654,0,1000,28351,0,0,60,60
28351,172655,0,1000,28352,0,0,60,60
28352,172656,0,1000,28353,0,0,60,60
28353,172657,0,1000,28354,0,0,60,60
28354,172658,0,1000,28355,0,0,60,60
28355,172660,0,1000,28356,0,0,60,60
28356,172661,0,1000,0,0,0,60,60
28357,177010,0,0,28358,0,0,60,60
28358,177011,0,0,28359,0,0,60,60
28359,177012,0,0,28360,0,0,60,60
28360,177013,0,0,28361,0,2,60,60
28361,177014,0,0,0,0,0,60,60
28362,177015,0,0,0,0,0,60,60
28363,177016,0,0,0,0,0,60,60
28367,177024,0,1000,0,0,0,60,60
28368,177026,0,0,0,0,0,60,60
28371,176767,0,1000,0,0,0,60,60
28372,176768,0,1000,28379,0,0,60,60
28373,176770,0,0,28380,0,0,60,60
28374,176771,0,0,28381,0,0,60,60
28375,176772,0,0,28382,0,0,60,60
28376,176773,0,0,28383,0,0,60,60
28377,176774,0,0,0,0,0,60,60
28378,0,0,15000,28373,0,0,60,60
28379,0,0,0,0,0,0,60,60
28380,0,0,30000,28374,0,0,60,60
28381,0,0,30000,28375,0,0,60,60
28382,0,0,30000,28376,0,0,60,60
28383,0,0,30000,28377,0,0,60,60
28384,176777,0,1000,0,0,0,60,60
28385,176778,0,0,28386,0,0,60,60
28386,176779,0,0,0,0,0,60,60
28387,0,0,0,28388,0,0,60,60
28388,176849,0,1000,28389,0,0,60,60
28389,0,0,0,0,0,0,60,60
28390,0,0,0,28391,0,0,60,60
28391,176850,0,1000,28392,0,0,60,60
28392,0,0,0,0,0,0,60,60
28395,177031,0,0,0,0,0,60,60
28397,177036,0,0,28398,0,0,60,60
28398,177037,0,0,0,0,0,60,60
28405,0,0,1000,28385,0,0,60,60
28406,176976,0,0,0,0,0,60,60
28407,176780,0,1000,28408,0,0,60,60
28408,176781,0,1000,28409,0,0,60,60
28409,176782,0,1000,0,0,0,60,60
28413,176783,0,1000,28414,0,0,60,60
28414,176784,0,1000,0,0,0,60,60
28416,176795,0,1000,28417,0,0,60,60
28417,176796,0,1000,28418,0,0,60,60
28418,176797,0,1000,0,0,0,60,60
28419,176798,0,1000,28420,0,0,60,60
28420,176799,0,1000,28421,0,0,60,60
28421,176800,0,500,28422,0,0,60,60
28422,176801,0,1000,0,0,0,60,60
28423,178087,0,1000,0,0,0,60,60
28427,176806,0,1000,28506,0,0,60,60
28428,176807,0,1000,0,0,0,60,60
28431,0,0,1000,28407,0,0,60,60
28432,177089,0,1000,28433,0,0,60,60
28433,176793,0,1000,28434,0,0,60,60
28434,176794,0,0,0,0,0,60,60
28435,177098,0,4000,28436,0,0,60,60
28436,177099,0,1000,28437,0,0,60,60
28437,177100,0,4000,28440,0,1,60,60
28440,177101,0,0,28441,0,1,60,60
28441,177102,0,0,0,0,1,60,60
28442,177040,0,1000,28443,0,0,60,60
28443,177041,0,1000,28446,0,0,60,60
28446,177045,0,1000,0,0,0,60,60
28448,177047,0,1000,28449,0,0,60,60
28449,177048,0,1000,28450,0,0,60,60
28450,177049,0,1000,28451,0,0,60,60
28451,177050,0,1000,28452,0,0,60,60
28452,177051,0,1000,28453,0,0,60,60
28453,177052,0,0,28454,0,0,60,60
28454,177053,0,0,28455,0,0,60,60
28455,177054,0,0,0,0,0,60,60
28456,177055,0,1000,28457,0,0,60,60
28457,177056,0,1000,28458,0,0,60,60
28458,177057,0,1000,28459,0,0,60,60
28459,177059,0,1000,28460,0,0,60,60
28460,177060,0,1000,28461,0,0,60,60
28461,177061,0,0,28462,0,0,60,60
28462,177062,0,0,28463,0,0,60,60
28463,177063,0,0,0,0,0,60,60
28464,177064,0,1000,28465,0,0,60,60
28465,177066,0,1000,28466,0,0,60,60
28466,177067,0,1000,28467,0,0,60,60
28467,177068,0,1000,28468,0,0,60,60
28468,177069,0,1000,28469,0,0,60,60
28469,177070,0,0,28470,0,0,60,60
28470,177071,0,0,28471,0,0,60,60
28471,177072,0,0,0,0,0,60,60
28472,177073,0,1000,28473,0,0,60,60
28473,177074,0,1000,28474,0,0,60,60
28474,177075,0,1000,28475,0,0,60,60
28475,177076,0,1000,28477,0,0,60,60
28477,177079,0,1000,28478,0,0,60,60
28478,177080,0,1000,28479,0,0,60,60
28479,177081,0,1000,0,0,0,60,60
28482,0,0,0,28432,0,0,60,60
28483,177115,0,0,28484,0,0,60,60
28484,177116,0,0,28485,0,0,60,60
28485,177117,0,0,0,0,0,60,60
28486,175331,0,0,0,0,0,60,60
28487,174347,0,0,28488,0,0,60,60
28488,177125,0,0,28489,0,0,60,60
28489,177126,0,0,0,0,0,60,60
28490,177084,0,1000,32898,0,0,60,60
28492,177127,0,1000,28494,0,0,60,60
28493,177086,0,1000,32900,0,0,60,60
28494,177129,0,1000,0,0,0,60,60
28495,173951,0,0,28501,0,0,60,60
28498,177142,0,1000,28499,0,0,60,60
28499,177143,0,1000,28500,0,0,60,60
28500,177145,0,1000,0,0,0,60,60
28501,173955,0,0,0,0,0,60,60
28502,176803,0,1000,28503,0,0,60,60
28503,176804,0,1000,0,0,0,60,60
28504,177146,0,0,28505,0,0,60,60
28505,177147,0,0,0,0,0,60,60
28506,0,0,3000,28428,0,0,60,60
28507,176808,0,500,28508,0,0,60,60
28508,176809,0,1000,0,0,0,60,60
28509,177148,0,0,28510,0,0,60,60
28510,177149,0,0,0,0,0,60,60
28511,174796,0,1000,0,0,0,60,60
28512,174798,0,1000,0,0,0,60,60
28513,174797,0,1000,0,0,0,60,60
28514,174794,0,1000,28511,0,0,60,60
28515,174793,0,1000,28513,0,0,60,60
28516,174793,0,2000,28512,0,0,60,60
28517,175089,0,1000,28518,0,1,60,60
28518,175090,0,1000,0,0,1,60,60
28519,172773,0,0,28521,0,0,60,60
28520,0,0,750,28530,0,0,60,60
28521,172774,0,0,28520,0,0,60,60
28522,174786,0,1500,28523,0,0,60,60
28523,174787,0,1000,28524,0,0,60,60
28524,174788,0,1500,28525,0,0,60,60
28525,174789,0,1000,28526,0,0,60,60
28526,174790,0,1500,28527,0,0,60,60
28527,174791,0,1500,28528,0,0,60,60
28528,174792,0,1000,0,0,0,60,60
28529,177255,0,0,28576,0,2,60,60
28530,172775,0,0,28579,0,0,60,60
28531,172836,0,3000,28532,0,0,60,60
28532,177107,0,1000,0,0,0,60,60
28533,175479,0,0,28534,0,0,60,60
28534,0,0,500,28535,0,0,60,60
28535,175480,0,0,28707,0,0,60,60
28536,175496,0,0,28701,0,0,60,60
28537,175497,0,0,28702,0,0,60,60
28538,175498,0,0,28703,0,0,60,60
28542,175524,0,0,28543,0,0,60,60
28543,0,0,1000,0,0,0,60,60
28545,172835,0,3000,28546,0,0,60,60
28546,177110,0,1000,0,0,0,60,60
28547,177195,0,3000,28548,0,0,60,60
28548,177196,0,3000,28549,0,0,60,60
28549,177197,0,3000,28550,0,0,60,60
28550,177198,0,3000,28551,0,0,60,60
28551,177199,0,3000,28552,0,0,60,60
28552,177200,0,3000,28553,0,0,60,60
28553,177201,0,3000,28554,0,0,60,60
28554,177202,0,3000,0,0,0,60,60
28555,177203,0,0,28556,0,0,60,60
28556,177204,0,1000,0,0,0,60,60
28557,176866,0,3000,0,0,0,60,60
28560,177111,0,1000,28561,0,0,60,60
28561,177112,0,1000,0,0,0,60,60
28562,174804,0,1250,28563,0,0,60,60
28563,174806,0,1000,0,0,0,60,60
28564,174821,0,2000,28671,0,0,60,60
28565,170422,0,1000,28566,0,0,60,60
28566,177214,0,1000,0,0,1,60,60
28567,177217,0,0,0,0,0,60,60
28568,177218,0,0,0,0,0,60,60
28569,177219,0,0,0,0,0,60,60
28570,177220,0,0,0,0,0,60,60
28571,177221,0,0,0,0,0,60,60
28572,177222,0,0,0,0,0,60,60
28573,174802,0,1250,28574,0,0,60,60
28574,174805,0,1000,0,0,0,60,60
28575,177192,0,0,28529,0,0,60,60
28576,177193,0,0,0,0,1,60,60
28578,0,0,0,0,0,0,60,60
28579,0,0,0,28687,0,0,60,60
28580,177288,0,4000,28584,0,0,60,60
28584,177292,0,1000,28585,0,0,60,60
28585,177293,0,1000,28586,0,0,60,60
28586,177294,0,1000,28588,0,0,60,60
28588,177296,0,1000,28590,0,0,60,60
28590,177298,0,1000,0,0,0,60,60
28591,177303,0,1000,28593,0,0,60,60
28593,177305,0,1000,0,0,0,60,60
28595,177286,0,1000,28596,0,0,60,60
28596,177287,0,1000,0,0,0,60,60
28597,177315,0,3000,28598,0,0,60,60
28598,177316,0,10000,28599,0,1,60,60
28599,177317,0,0,0,0,0,60,60
28600,177318,0,3000,28601,0,0,60,60
28601,177319,0,0,0,0,0,60,60
28602,177320,0,0,28603,0,0,60,60
28603,177321,0,0,28604,0,0,60,60
28604,177322,0,0,0,0,0,60,60
28605,177323,0,0,28606,0,0,60,60
28606,177324,0,0,0,0,2,60,60
28607,175624,0,0,28608,0,0,60,60
28608,0,0,1000,0,0,0,60,60
28609,175725,0,0,0,0,0,60,60
28610,175749,0,0,0,0,0,60,60
28611,175758,0,0,0,0,0,60,60
28612,175750,0,0,0,0,0,60,60
28613,175759,0,0,0,0,0,60,60
28614,175740,0,0,0,0,0,60,60
28615,175743,0,0,0,0,0,60,60
28616,175760,0,0,0,0,0,60,60
28617,175751,0,0,0,0,0,60,60
28618,175744,0,0,0,0,0,60,60
28619,175752,0,0,0,0,0,60,60
28620,175761,0,0,0,0,0,60,60
28621,175762,0,0,0,0,0,60,60
28622,175753,0,0,0,0,0,60,60
28623,175763,0,0,0,0,0,60,60
28624,175754,0,0,0,0,0,60,60
28625,175764,0,0,0,0,0,60,60
28626,177333,0,0,28627,0,0,60,60
28627,177334,0,1000,28628,0,0,60,60
28628,177335,0,0,0,0,2,60,60
28629,175755,0,0,0,0,0,60,60
28630,175745,0,0,0,0,0,60,60
28631,175746,0,0,0,0,0,60,60
28632,175747,0,0,0,0,0,60,60
28633,175765,0,0,0,0,0,60,60
28634,175756,0,0,0,0,0,60,60
28635,175748,0,0,0,0,0,60,60
28636,175766,0,0,0,0,0,60,60
28637,175757,0,0,0,0,0,60,60
28639,177337,0,0,28640,0,0,60,60
28640,177338,0,1000,28641,0,0,60,60
28641,177339,0,0,0,0,2,60,60
28642,177344,0,0,28643,0,0,60,60
28643,177345,0,0,28644,0,2,60,60
28644,177346,0,0,0,0,0,60,60
28645,177347,0,1000,28646,0,0,60,60
28646,177348,0,0,28647,0,0,60,60
28647,177350,0,1000,0,0,0,60,60
28648,177354,0,0,28649,0,0,60,60
28649,177355,0,0,28650,0,2,60,60
28650,177356,0,0,0,0,0,60,60
28651,177357,0,1000,28652,0,0,60,60
28652,177358,0,0,28653,0,0,60,60
28653,177359,0,0,0,0,0,60,60
28654,177367,0,0,28655,0,0,60,60
28655,177368,0,0,0,0,0,60,60
28656,177369,0,1000,0,0,0,60,60
28657,177416,0,1000,28658,0,0,60,60
28658,177417,0,1000,0,0,0,60,60
28659,177419,0,2000,28660,0,1,60,60
28660,177418,0,1000,0,0,1,60,60
28661,177425,0,0,28662,0,0,60,60
28662,177426,0,0,28663,0,0,60,60
28663,177427,0,0,28664,0,0,60,60
28664,177428,0,0,0,0,0,60,60
28665,177432,0,6000,0,0,0,60,60
28666,177453,0,2000,0,0,0,60,60
28667,177454,0,0,28668,0,0,60,60
28668,177455,0,0,0,0,0,60,60
28669,174803,0,1000,0,0,0,60,60
28671,174822,0,1000,28672,0,0,60,60
28672,174823,0,1000,28673,0,0,60,60
28673,174824,0,1000,28674,0,0,60,60
28674,174825,0,1000,0,0,0,60,60
28675,174807,0,1000,0,0,0,60,60
28676,174819,0,1000,0,0,0,60,60
28677,174816,0,1000,28678,0,0,60,60
28678,174817,0,1000,0,0,0,60,60
28679,177230,0,0,28680,0,0,60,60
28680,174077,0,0,0,0,0,60,60
28681,172773,0,0,28682,0,0,60,60
28682,0,0,0,0,0,0,60,60
28683,171947,0,0,28684,0,0,60,60
28684,0,0,0,0,0,0,60,60
28685,175091,0,0,28686,0,0,60,60
28686,0,0,0,0,0,0,60,60
28687,0,0,0,0,0,0,60,60
28688,0,0,1000,28689,0,0,60,60
28689,175538,0,0,28690,0,0,60,60
28690,0,0,0,0,0,0,60,60
28691,0,0,2500,28692,0,0,60,60
28692,175522,0,0,28693,0,0,60,60
28693,0,0,0,0,0,0,60,60
28694,175587,0,0,28695,0,0,60,60
28695,0,0,500,28696,0,0,60,60
28696,175589,0,0,28697,0,0,60,60
28697,0,0,0,0,0,0,60,60
28698,0,0,1000,28699,0,0,60,60
28699,175586,0,0,28700,0,0,60,60
28700,0,0,0,0,0,0,60,60
28701,0,0,500,28537,0,0,60,60
28702,0,0,750,28538,0,0,60,60
28703,0,0,0,28704,0,0,60,60
28704,0,0,0,0,0,0,60,60
28705,175496,0,0,28895,0,0,60,60
28707,0,0,0,0,0,0,60,60
28708,175478,0,0,28709,0,0,60,60
28709,0,0,0,0,0,0,60,60
28710,175582,0,0,28711,0,0,60,60
28711,0,0,0,0,0,0,60,60
28712,0,0,1000,28713,0,0,60,60
28713,175528,0,0,28714,0,0,60,60
28714,0,0,0,0,0,0,60,60
28715,175519,0,0,28716,0,0,60,60
28716,0,0,1500,28717,0,0,60,60
28717,175521,0,0,28718,0,0,60,60
28718,0,0,0,0,0,0,60,60
28719,175626,0,0,28720,0,0,60,60
28720,0,0,500,28721,0,0,60,60
28721,175627,0,0,28722,0,0,60,60
28722,0,0,1000,0,0,0,60,60
28724,176517,0,2500,28725,0,0,60,60
28725,176518,0,0,0,0,0,60,60
28726,176519,0,1000,28727,0,0,60,60
28727,176520,0,0,0,0,0,60,60
28728,176521,0,500,28729,0,0,60,60
28729,176522,0,0,0,0,0,60,60
28730,175011,0,0,28731,0,0,60,60
28731,0,0,0,0,0,0,60,60
28732,176523,0,500,28733,0,0,60,60
28733,176525,0,500,28734,0,0,60,60
28734,176526,0,1000,28735,0,0,60,60
28735,176527,0,500,28736,0,0,60,60
28736,176528,0,500,28737,0,0,60,60
28737,176529,0,0,0,0,0,60,60
28738,176530,0,6000,28739,0,0,60,60
28739,176531,0,1000,28740,0,0,60,60
28740,176532,0,1000,28741,0,0,60,60
28741,176533,0,1000,28742,0,0,60,60
28742,176534,0,1000,28743,0,0,60,60
28743,176535,0,0,0,0,0,60,60
28744,176542,0,2000,0,0,0,60,60
28745,176544,0,500,28746,0,0,60,60
28746,176545,0,1000,28747,0,0,60,60
28747,176546,0,500,28748,0,0,60,60
28748,176547,0,0,0,0,0,60,60
28749,175012,0,0,28750,0,0,60,60
28750,0,0,0,0,0,0,60,60
28751,175013,0,0,28752,0,0,60,60
28752,0,0,0,0,0,0,60,60
28753,175014,0,0,28754,0,0,60,60
28754,0,0,0,0,0,0,60,60
28755,176548,0,0,0,0,0,60,60
28756,176549,0,2000,28755,0,0,60,60
28757,176550,0,2000,0,0,0,60,60
28758,176552,0,2000,28759,0,0,60,60
28759,177003,0,0,0,0,0,60,60
28760,176553,0,3000,28761,0,0,60,60
28761,176554,0,2000,28762,0,0,60,60
28762,176555,0,1000,28763,0,0,60,60
28763,176556,0,1000,28764,0,0,60,60
28764,176559,0,1000,28765,0,0,60,60
28765,176560,0,1000,28766,0,0,60,60
28766,176561,0,1000,28767,0,0,60,60
28767,176562,0,1000,0,0,0,60,60
28768,176563,0,2000,28833,0,0,60,60
28769,176564,0,2000,28770,0,0,60,60
28770,176565,0,2000,28771,0,0,60,60
28771,176566,0,2000,28772,0,0,60,60
28772,176567,0,2000,0,0,0,60,60
28773,176568,0,500,28774,0,0,60,60
28774,176569,0,500,28775,0,0,60,60
28775,176576,0,500,28776,0,0,60,60
28776,176577,0,0,0,0,0,60,60
28777,176573,0,1000,28778,0,0,60,60
28778,177480,0,2000,0,0,0,60,60
28779,176579,0,1000,28780,0,0,60,60
28780,176578,0,2000,0,0,0,60,60
28781,176580,0,1000,28782,0,0,60,60
28782,176581,0,1000,28783,0,0,60,60
28783,176582,0,0,0,0,0,60,60
28786,176584,0,2000,0,0,0,60,60
28787,175015,0,0,28788,0,0,60,60
28788,0,0,0,0,0,0,60,60
28789,175085,0,0,28790,0,0,60,60
28790,0,0,0,0,0,0,60,60
28791,175240,0,0,28792,0,0,60,60
28792,0,0,0,0,0,0,60,60
28793,175349,0,0,28794,0,0,60,60
28794,0,0,0,0,0,0,60,60
28795,175083,0,0,28796,0,0,60,60
28796,0,0,1000,0,0,0,60,60
28797,175084,0,0,28798,0,0,60,60
28798,0,0,1000,0,0,0,60,60
28799,176536,0,2000,0,0,0,60,60
28800,175086,0,0,28801,0,0,60,60
28801,0,0,1000,0,0,0,60,60
28802,175087,0,0,28803,0,0,60,60
28803,0,0,1000,0,0,0,60,60
28804,176540,0,2000,0,0,0,60,60
28805,175088,0,0,28806,0,0,60,60
28806,0,0,1000,0,0,0,60,60
28807,176541,0,0,0,0,0,60,60
28808,175351,0,0,28809,0,0,60,60
28809,0,0,0,0,0,0,60,60
28810,175356,0,0,28811,0,0,60,60
28811,0,0,0,0,0,0,60,60
28812,175046,0,0,28813,0,0,60,60
28813,0,0,0,0,0,0,60,60
28814,175354,0,0,28815,0,0,60,60
28815,0,0,0,0,0,0,60,60
28816,175355,0,0,28817,0,0,60,60
28817,0,0,0,0,0,0,60,60
28818,176301,0,0,28819,0,0,60,60
28819,0,0,1000,0,0,0,60,60
28820,175617,0,0,28821,0,0,60,60
28821,0,0,1000,0,0,0,60,60
28822,175618,0,0,28823,0,0,60,60
28823,0,0,1000,0,0,0,60,60
28824,175619,0,0,28825,0,0,60,60
28825,0,0,1000,0,0,0,60,60
28826,175621,0,0,28827,0,0,60,60
28827,0,0,0,0,0,0,60,60
28828,175481,0,0,28829,0,0,60,60
28829,0,0,0,0,0,0,60,60
28830,175614,0,0,28831,0,0,60,60
28831,0,0,0,0,0,0,60,60
28832,0,0,2000,28760,0,0,60,60
28833,176557,0,500,28834,0,0,60,60
28834,176558,0,0,0,0,0,60,60
28835,0,0,1000,28773,0,0,60,60
28836,0,0,11000,28777,0,0,60,60
28837,0,0,3000,28779,0,0,60,60
28838,173185,0,0,28839,0,0,60,60
28839,0,0,0,0,0,0,60,60
28840,173187,0,0,28841,0,0,60,60
28841,0,0,0,0,0,0,60,60
28842,175047,0,0,28843,0,0,60,60
28843,0,0,0,0,0,0,60,60
28844,173186,0,0,28845,0,0,60,60
28845,0,0,0,0,0,0,60,60
28846,175049,0,0,28847,0,0,60,60
28847,0,0,0,0,0,0,60,60
28848,175050,0,0,28849,0,0,60,60
28849,0,0,0,0,0,0,60,60
28850,175051,0,0,28851,0,0,60,60
28851,0,0,0,0,0,0,60,60
28852,175052,0,0,28853,0,0,60,60
28853,0,0,0,0,0,0,60,60
28854,175053,0,0,28855,0,0,60,60
28855,0,0,0,0,0,0,60,60
28856,175054,0,0,28857,0,0,60,60
28857,0,0,0,0,0,0,60,60
28858,173205,0,2000,28859,0,0,60,60
28859,173206,0,0,0,0,0,60,60
28860,177539,0,1000,0,0,0,60,60
28861,177540,0,2000,0,0,0,60,60
28865,177544,0,2000,28866,0,0,60,60
28866,177545,0,1000,0,0,0,60,60
28867,175539,0,0,28868,0,0,60,60
28868,0,0,0,0,0,0,60,60
28869,175555,0,0,28870,0,0,60,60
28870,0,0,0,0,0,0,60,60
28871,175547,0,0,28872,0,0,60,60
28872,0,0,250,28873,0,0,60,60
28873,175552,0,0,28874,0,0,60,60
28874,0,0,0,0,0,0,60,60
28875,175543,0,0,28876,0,0,60,60
28876,0,0,0,0,0,0,60,60
28877,0,0,42000,28824,0,0,60,60
28878,0,0,3000,28826,0,0,60,60
28879,0,0,10000,28867,0,0,60,60
28880,177579,0,1000,28881,0,0,60,60
28881,177581,0,3000,28913,0,0,60,60
28882,173207,0,3000,32745,0,0,60,60
28883,173208,0,1000,0,0,0,60,60
28888,177584,0,1000,0,0,0,60,60
28889,176585,0,2000,0,0,0,60,60
28890,0,0,1000,28781,0,0,60,60
28891,0,0,1500,28533,0,0,60,60
28892,177586,0,1000,0,0,0,60,60
28893,177592,0,5000,0,0,0,60,60
28895,0,0,0,0,0,0,60,60
28896,177594,0,1000,28897,0,0,60,60
28897,177595,0,0,0,0,0,60,60
28898,177600,0,0,28899,0,0,60,60
28899,177601,0,0,28900,0,0,60,60
28900,177602,0,0,0,0,0,60,60
28901,177609,0,0,28902,0,0,60,60
28902,177610,0,0,28903,0,0,60,60
28903,177611,0,0,28904,0,0,60,60
28904,177612,0,0,28905,0,0,60,60
28905,177613,0,0,28906,0,2,60,60
28906,177614,0,0,28909,0,0,60,60
28907,177604,0,0,0,0,0,60,60
28908,177605,0,0,0,0,0,60,60
28909,177615,0,0,28910,0,0,60,60
28910,177616,0,0,28911,0,2,60,60
28911,177617,0,1000,0,0,0,60,60
28912,0,0,2800,28871,0,0,60,60
28913,177627,0,3000,28882,0,0,60,60
28914,0,0,0,0,0,0,60,60
28916,175829,0,3000,28917,0,1,60,60
28917,175832,0,1000,0,0,1,60,60
28928,177721,0,1000,28929,0,0,60,60
28929,177723,0,1000,28945,0,0,60,60
28930,177722,0,1000,28931,0,0,60,60
28931,177724,0,1000,0,0,0,60,60
28932,171238,0,3000,0,0,0,60,60
28938,177766,0,1000,28939,0,0,60,60
28939,177767,0,1000,0,0,0,60,60
28941,177770,0,3000,28942,0,0,60,60
28942,0,0,0,0,0,0,60,60
28943,177769,0,1000,0,0,0,60,60
28944,177771,0,0,0,0,0,60,60
28945,177829,26041,0,28930,0,2,60,60
28946,177847,0,1000,0,0,0,60,60
28948,177849,0,1000,0,0,0,60,60
28949,0,0,0,28253,0,0,60,60
28951,0,0,0,28236,0,0,60,60
28952,177850,0,1000,0,0,0,60,60
28953,177597,0,1000,28954,0,0,60,60
28954,177598,0,0,28955,0,0,60,60
28955,177933,0,0,0,0,0,60,60
28956,177935,0,1000,0,0,1,60,60
28957,172963,0,0,28958,0,0,60,60
28958,0,0,0,28959,0,0,60,60
28959,177936,0,0,28960,0,0,60,60
28960,177938,0,0,0,0,0,60,60
28961,177851,0,1000,0,0,0,60,60
28963,177853,0,1000,28964,0,0,60,60
28964,177854,0,1000,0,0,0,60,60
28965,177855,0,1000,28966,0,0,60,60
28966,177856,0,1000,0,0,0,60,60
28967,177858,0,1000,0,0,0,60,60
28968,177857,0,1000,0,0,0,60,60
28969,177462,0,1000,0,0,0,60,60
28970,177468,0,1000,0,0,0,60,60
28971,173138,0,1000,0,0,0,60,60
28972,177463,0,1000,0,0,0,60,60
28973,177846,0,1000,0,0,0,60,60
28974,177753,0,1000,0,0,0,60,60
28975,174711,0,1000,0,0,0,60,60
28976,175371,0,4000,0,0,1,60,60
28977,177859,0,1000,0,0,0,60,60
28978,177860,0,1000,0,0,0,60,60
28979,177947,0,1000,28980,0,1,60,60
28980,178010,0,1000,0,0,0,60,60
28981,178013,0,1000,0,0,0,60,60
28982,177861,0,1000,28983,0,0,60,60
28983,177862,0,1000,0,0,0,60,60
28985,177865,0,1000,0,0,0,60,60
28986,177868,0,1000,28987,0,0,60,60
28987,177869,0,1000,28988,0,0,60,60
28988,177871,0,1000,0,0,0,60,60
28990,0,0,2000,28756,0,0,60,60
28991,177873,0,1000,28992,0,0,60,60
28992,177874,0,1000,0,0,0,60,60
28994,177881,0,4000,28995,0,0,60,60
28995,177882,0,1000,0,0,0,60,60
28997,178058,0,1000,28998,0,0,60,60
28998,178059,0,1000,0,0,0,60,60
28999,178060,0,1000,0,0,0,60,60
29000,176266,0,1000,29001,0,0,60,60
29001,172580,0,1000,29002,0,0,60,60
29002,176268,0,1000,29003,0,0,60,60
29003,176282,0,1000,0,0,0,60,60
29004,178065,0,1000,0,0,0,60,60
29006,177632,0,1000,29007,0,0,60,60
29007,177633,0,1000,29008,0,0,60,60
29008,177634,0,1000,0,0,0,60,60
29009,169676,0,0,29010,0,0,60,60
29010,0,0,10000,29011,0,0,60,60
29011,177941,0,9000,29012,0,0,60,60
29012,177942,0,8000,29013,0,0,60,60
29013,0,0,2000,29014,0,0,60,60
29014,177943,0,0,0,0,0,60,60
29015,177647,0,1000,29017,0,0,60,60
29017,177649,0,1000,0,0,0,60,60
29018,182790,0,1000,30871,0,0,60,60
29019,177686,0,2000,29020,0,0,60,60
29020,177688,0,2000,29021,0,0,60,60
29021,177689,0,2000,29022,0,0,60,60
29022,177691,0,1000,0,0,0,60,60
29023,178137,0,1000,0,0,0,60,60
29024,178142,0,1000,0,0,0,60,60
29025,178145,0,1000,0,0,0,60,60
29026,169677,0,0,29027,0,0,60,60
29027,0,0,10000,29028,0,0,60,60
29028,178003,0,12000,29029,0,0,60,60
29029,0,0,2000,29030,0,0,60,60
29030,178006,0,0,0,0,0,60,60
29031,169679,0,0,29032,0,0,60,60
29032,0,0,10000,29033,0,0,60,60
29033,177944,0,0,0,0,0,60,60
29034,177940,0,0,29035,0,0,60,60
29035,0,0,10000,29036,0,0,60,60
29036,178002,0,12000,29037,0,0,60,60
29037,0,0,2000,29038,0,0,60,60
29038,178164,0,0,0,0,0,60,60
29039,177776,0,0,29040,0,0,60,60
29040,177777,0,0,29041,0,0,60,60
29041,177778,0,0,29042,0,0,60,60
29042,177779,0,0,29043,0,0,60,60
29043,177780,0,0,29044,0,0,60,60
29044,177781,0,0,29045,0,0,60,60
29045,177782,0,0,29046,0,0,60,60
29046,177783,0,0,29047,0,0,60,60
29047,177784,0,0,29048,0,0,60,60
29048,177785,0,0,29049,0,0,60,60
29049,177786,0,0,0,0,0,60,60
29050,178169,0,0,29051,0,0,60,60
29051,178170,0,0,29052,0,0,60,60
29052,178171,0,0,29053,0,0,60,60
29053,178172,0,1000,29054,0,0,60,60
29054,178173,0,0,0,0,0,60,60
29055,178167,0,0,29058,0,0,60,60
29058,178187,0,0,29059,0,0,60,60
29059,178188,0,0,29060,0,0,60,60
29060,178189,0,0,0,0,0,60,60
29061,178175,0,0,29062,0,0,60,60
29062,178176,0,0,29064,0,0,60,60
29064,178178,0,0,0,0,0,60,60
29065,178179,0,0,29067,0,0,60,60
29067,178181,0,0,29068,0,0,60,60
29068,178182,0,0,29069,0,0,60,60
29069,178183,0,0,29070,0,0,60,60
29070,178184,0,0,29949,0,0,60,60
29072,174793,0,1000,0,0,0,60,60
29073,177997,0,0,29074,0,0,60,60
29074,0,0,20000,29075,0,0,60,60
29075,177967,0,15000,29076,0,0,60,60
29076,177993,0,0,0,0,0,60,60
29077,177965,0,0,29078,0,0,60,60
29078,0,0,9000,29079,0,0,60,60
29079,177966,0,3000,29095,0,0,60,60
29080,177967,0,8000,29081,0,0,60,60
29081,0,0,30000,29082,0,0,60,60
29082,177993,0,0,0,0,0,60,60
29083,177725,0,0,29084,0,0,60,60
29084,0,0,25000,29085,0,0,60,60
29085,177966,0,3000,29086,0,0,60,60
29086,0,0,5000,29087,0,0,60,60
29087,177997,0,0,0,0,0,60,60
29088,177725,0,0,29089,0,0,60,60
29089,0,0,9000,29090,0,0,60,60
29090,177967,0,0,29091,0,0,60,60
29091,0,0,8000,29092,0,0,60,60
29092,177998,0,0,29093,0,0,60,60
29093,0,0,12000,29094,0,0,60,60
29094,177965,0,0,0,0,0,60,60
29095,0,0,20000,29080,0,0,60,60
29096,177965,0,0,29097,0,0,60,60
29097,0,0,45000,29098,0,0,60,60
29098,177993,0,0,29099,0,0,60,60
29099,0,0,30000,29100,0,0,60,60
29100,177967,0,0,29101,0,0,60,60
29101,0,0,8000,29102,0,0,60,60
29102,177966,0,0,29103,0,0,60,60
29103,0,0,15000,29104,0,0,60,60
29104,177998,0,0,0,0,0,60,60
29105,178197,0,1000,29106,0,0,60,60
29106,178198,0,1000,29107,0,0,60,60
29107,178199,0,1000,0,0,0,60,60
29108,178213,0,1000,29109,0,0,60,60
29109,178214,0,1000,0,0,0,60,60
29112,178221,0,1000,28177,0,0,60,60
29113,176407,0,1000,0,0,0,60,60
29114,175822,0,0,27899,0,1,60,60
29116,174903,0,2500,29117,0,1,60,60
29117,174904,0,1000,0,0,1,60,60
29118,176194,0,2000,29119,0,0,60,60
29119,173264,0,0,29121,0,0,60,60
29120,175834,0,0,0,0,0,60,60
29121,175833,0,0,29120,0,0,60,60
29124,178230,0,1000,29125,0,0,60,60
29125,178231,0,1000,22574,0,0,60,60
29130,178250,0,1000,29131,0,0,60,60
29131,178251,0,1000,29132,0,0,60,60
29132,178252,0,1000,29133,0,0,60,60
29133,178253,0,1000,0,0,0,60,60
29134,178254,0,1000,29135,0,0,60,60
29135,178255,0,1000,0,0,0,60,60
29136,178256,0,1000,29137,0,0,60,60
29137,178257,0,1000,0,0,0,60,60
29177,0,0,1500,27959,0,0,60,60
29178,175897,0,1000,27871,0,0,60,60
29179,173235,0,3000,28121,0,1,60,60
29180,178310,0,1000,29183,0,0,60,60
29183,178313,0,1000,0,0,0,60,60
29184,178314,0,1000,0,0,0,60,60
29185,178308,0,0,29875,0,0,60,60
29186,178322,0,0,29187,0,0,60,60
29187,178309,0,0,0,0,0,60,60
29189,178338,0,1000,29190,0,0,60,60
29190,178329,0,1000,0,0,0,60,60
29191,178339,0,1000,0,0,0,60,60
29192,178344,0,500,29193,0,0,60,60
29193,178345,0,0,29194,0,0,60,60
29194,178343,0,0,29195,0,0,60,60
29195,178346,0,0,29196,0,0,60,60
29196,178347,0,0,0,0,0,60,60
29197,178193,0,0,29055,0,0,60,60
29198,178351,0,1000,29199,0,0,60,60
29199,178352,0,1000,29200,0,0,60,60
29200,178353,0,1000,0,0,0,60,60
29201,178357,0,0,29202,0,0,60,60
29202,178358,0,0,29203,0,2,60,60
29203,178354,0,0,29204,0,0,60,60
29204,178355,0,0,29205,0,0,60,60
29205,178356,0,0,0,0,0,60,60
29206,178359,0,1000,29207,0,0,60,60
29207,178360,0,0,29209,0,0,60,60
29209,178362,0,0,0,0,0,60,60
29214,179606,0,0,29215,0,0,60,60
29215,179607,0,0,29216,0,0,60,60
29216,179608,0,0,0,0,0,60,60
29218,178363,0,1000,0,0,0,60,60
29219,178364,0,1000,29220,0,0,60,60
29220,178365,0,1000,0,0,0,60,60
29221,0,0,1500,27767,0,0,60,60
29222,178372,0,1000,29223,0,0,60,60
29223,178373,0,1000,0,0,0,60,60
29224,178374,0,1000,0,0,0,60,60
29225,0,0,4750,29226,0,0,60,60
29226,173002,0,1000,0,0,0,60,60
29230,178442,0,1000,0,0,1,60,60
29231,178466,0,0,0,0,0,60,60
29233,178459,0,0,0,0,0,60,60
29238,178468,0,0,0,0,0,60,60
29241,178471,0,1000,29242,0,0,60,60
29242,178472,0,1000,0,0,0,60,60
29243,178473,0,1000,0,0,0,60,60
29247,178484,0,3000,29248,0,0,60,60
29248,178485,0,2000,29251,0,0,60,60
29251,178488,0,5000,29253,0,0,60,60
29253,178490,0,1000,0,0,0,60,60
29255,178497,0,1000,29256,0,0,60,60
29256,178498,0,1000,29257,0,0,60,60
29257,178499,0,1000,29258,0,0,60,60
29258,178500,0,1000,29259,0,0,60,60
29259,178501,0,1000,29260,0,0,60,60
29260,178502,0,1000,0,0,0,60,60
29261,178506,0,0,36132,0,0,60,60
29262,178507,0,0,0,0,0,60,60
29263,178509,0,1000,0,0,0,60,60
29264,178511,0,1000,29265,0,0,60,60
29265,178512,0,1000,29266,0,0,60,60
29266,178513,0,1000,0,0,0,60,60
29267,178544,0,1000,29268,0,0,60,60
29268,178545,0,1000,0,0,1,60,60
29269,178552,0,0,29270,0,0,60,60
29270,178553,0,0,29271,0,0,60,60
29271,178554,0,0,0,0,0,60,60
29273,178556,0,1000,0,0,2,60,60
29274,178560,0,5000,29608,0,0,60,60
29278,178538,0,2000,29279,0,0,60,60
29279,178564,0,1000,0,0,0,60,60
29280,178581,0,1000,0,0,1,60,60
29282,178403,0,0,29283,0,0,60,60
29283,178404,0,0,29284,0,0,60,60
29284,178405,0,0,29285,0,0,60,60
29285,178406,0,0,29286,0,0,60,60
29286,178407,0,0,29287,0,0,60,60
29287,178408,0,0,29288,0,0,60,60
29288,178409,0,0,29289,0,0,60,60
29289,178410,0,0,29290,0,0,60,60
29290,178411,0,0,29291,0,0,60,60
29291,178412,0,0,29292,0,0,60,60
29292,178413,0,0,29293,0,0,60,60
29293,178414,0,0,30641,0,0,60,60
29295,178583,0,1000,0,0,1,60,60
29296,178584,0,1000,0,0,1,60,60
29297,178032,0,1000,29298,0,1,60,60
29298,178033,0,1000,29299,0,1,60,60
29299,175153,0,1000,29300,0,1,60,60
29300,175155,0,1000,0,0,1,60,60
29301,178043,0,1000,29302,0,1,60,60
29302,178044,0,1000,29303,0,1,60,60
29303,175153,0,1000,29304,0,1,60,60
29304,175155,0,1000,0,0,1,60,60
29305,0,0,2000,29263,0,0,60,60
29313,178045,0,1000,29314,0,1,60,60
29314,178046,0,1000,29315,0,1,60,60
29315,178047,0,1000,29316,0,1,60,60
29316,178048,0,1000,29317,0,1,60,60
29317,178049,0,1000,29318,0,1,60,60
29318,178050,0,1000,29319,0,1,60,60
29319,175228,0,1000,29320,0,1,60,60
29320,178051,0,1000,29321,0,1,60,60
29321,175230,0,1000,0,0,1,60,60
29322,178598,0,1000,34645,0,0,60,60
29323,178034,0,1000,29324,0,1,60,60
29324,178035,0,1000,29325,0,1,60,60
29325,178036,0,1000,29326,0,1,60,60
29326,178037,0,1000,29327,0,1,60,60
29327,178038,0,1000,29328,0,1,60,60
29328,178039,0,1000,29329,0,1,60,60
29329,178040,0,1000,29330,0,1,60,60
29330,178041,0,1000,29331,0,1,60,60
29331,178042,0,1000,0,0,1,60,60
29333,178600,0,1000,0,0,0,60,60
29334,178601,0,1000,0,0,0,60,60
29337,178605,0,0,29338,0,0,60,60
29338,178606,0,0,0,0,0,60,60
29339,178607,0,1000,0,0,1,60,60
29345,178615,0,0,29352,0,0,60,60
29348,0,0,1000,29349,0,0,60,60
29349,178618,0,1000,29350,0,0,60,60
29350,178619,0,1000,29351,0,0,60,60
29351,178620,0,1000,0,0,0,60,60
29352,178622,0,0,29353,0,0,60,60
29353,178623,0,0,29354,0,0,60,60
29354,178624,0,0,29355,0,0,60,60
29355,178625,0,0,0,0,0,60,60
29356,178626,0,0,29357,0,0,60,60
29357,178627,0,0,29358,0,0,60,60
29358,178628,0,0,0,0,0,60,60
29359,178629,0,0,29360,0,0,60,60
29360,178630,0,0,29361,0,0,60,60
29361,178631,0,0,29362,0,0,60,60
29362,178632,0,0,0,0,0,60,60
29363,178633,0,0,29364,0,0,60,60
29364,178634,0,0,29365,0,0,60,60
29365,178635,0,0,29366,0,0,60,60
29366,178636,0,0,0,0,0,60,60
29367,170570,0,0,36321,0,0,60,60
29368,178640,0,0,29369,0,0,60,60
29369,178641,0,0,29370,0,0,60,60
29370,178642,0,0,29371,0,0,60,60
29371,178643,0,0,0,0,1,60,60
29372,178646,0,1000,29373,0,0,60,60
29373,178647,0,4000,29374,0,0,60,60
29374,178648,0,1000,0,0,0,60,60
29375,178649,0,0,29376,0,0,60,60
29376,178650,0,0,34174,0,0,60,60
29377,178658,0,0,29378,0,0,60,60
29378,178659,0,0,29379,0,0,60,60
29379,178660,0,0,29380,0,0,60,60
29380,178661,0,0,0,0,0,60,60
29384,174164,0,1000,29385,0,1,60,60
29385,174165,0,1000,0,0,1,60,60
29386,178670,0,0,29387,0,0,60,60
29387,178671,0,1000,29388,0,0,60,60
29388,178672,0,0,0,0,0,60,60
29389,178678,0,0,29390,0,0,60,60
29390,178679,0,0,0,0,0,60,60
29391,178680,0,0,31498,0,0,60,60
29392,178681,0,1000,29395,0,0,60,60
29393,178682,0,1000,0,0,0,60,60
29394,0,0,0,29392,0,0,60,60
29395,0,0,4000,29393,0,0,60,60
29396,178644,0,0,29397,0,0,60,60
29397,178645,0,0,29398,0,0,60,60
29398,178651,0,0,0,0,0,60,60
29401,0,0,0,29402,0,0,60,60
29402,178652,0,0,0,0,0,60,60
29404,0,0,0,29405,0,0,60,60
29405,178653,0,0,29406,0,0,60,60
29406,178654,0,0,29407,0,0,60,60
29407,178655,0,0,29408,0,0,60,60
29408,178656,0,0,29409,0,0,60,60
29409,178657,0,0,0,0,0,60,60
29412,0,0,0,29417,0,0,60,60
29416,178667,0,0,29412,0,1,60,60
29417,178668,0,0,0,0,0,60,60
29419,178693,0,1000,31507,0,0,60,60
29420,184547,0,4000,0,0,0,60,60
29421,178695,0,1000,29422,0,0,60,60
29422,178696,0,1000,29420,0,0,60,60
29424,178698,0,0,29426,0,0,60,60
29425,178699,0,0,29424,0,0,60,60
29426,178700,0,0,0,0,0,60,60
29427,178714,0,0,29428,0,0,60,60
29428,178715,0,0,0,0,0,60,60
29429,0,0,2000,29441,0,0,60,60
29430,0,0,1000,29431,0,0,60,60
29431,178721,0,0,36373,0,0,60,60
29432,178722,0,1000,36374,0,0,60,60
29435,0,0,750,29432,0,0,60,60
29437,0,0,750,29438,0,0,60,60
29438,178723,0,1000,36398,0,0,60,60
29439,0,0,750,29440,0,0,60,60
29440,178724,0,0,36399,0,0,60,60
29441,0,0,0,29396,0,0,60,60
29442,176210,0,1000,32730,0,0,60,60
29443,0,0,1000,29444,0,0,60,60
29444,178752,0,1000,0,0,0,60,60
29446,178753,0,1000,0,0,0,60,60
29447,0,0,1000,29448,0,0,60,60
29448,178754,0,5000,29450,0,0,60,60
29450,187052,0,1000,0,0,0,60,60
29455,178779,0,1000,29457,0,1,60,60
29457,178781,0,0,0,0,1,60,60
29461,178784,0,2000,0,0,1,60,60
29463,178783,0,3000,29461,0,1,60,60
29467,178778,0,1000,0,0,0,60,60
29468,178786,0,500,29469,0,0,60,60
29469,178787,0,1000,29467,0,0,60,60
29473,178797,0,2000,29474,0,0,60,60
29474,178798,0,2000,29475,0,0,60,60
29475,178799,0,2000,29476,0,0,60,60
29476,178800,0,1000,29477,0,0,60,60
29477,178801,0,1000,29478,0,0,60,60
29478,178802,0,2000,29479,0,0,60,60
29479,178803,0,1000,29480,0,0,60,60
29480,178804,0,2000,29481,0,0,60,60
29481,178805,0,1000,0,0,0,60,60
29482,178810,0,3000,29483,0,0,60,60
29483,178811,0,0,0,0,0,60,60
29488,178819,0,1000,29489,0,0,60,60
29489,178820,0,3000,29939,0,0,60,60
29490,179658,0,1000,0,0,0,60,60
29494,178826,0,0,0,0,0,60,60
29495,178827,0,0,29496,0,0,60,60
29496,178828,0,0,0,0,0,60,60
29499,178832,0,0,0,0,0,60,60
29500,178833,0,0,0,0,0,60,60
29501,178834,0,0,0,0,0,60,60
29502,178836,0,1000,0,0,0,60,60
29503,178838,0,1000,29502,0,2,60,60
29505,178839,0,1000,0,0,0,60,60
29506,178842,0,1000,29508,0,0,60,60
29507,178841,0,1000,29506,0,0,60,60
29508,178843,0,1000,29509,0,0,60,60
29509,178844,0,1000,0,0,0,60,60
29510,178845,0,1000,29511,0,0,60,60
29511,178846,0,1000,0,0,0,60,60
29512,178848,0,1000,29513,0,0,60,60
29513,178849,0,1000,0,0,0,60,60
29514,178850,0,1000,0,0,0,60,60
29515,178853,0,1000,29516,0,0,60,60
29516,178854,0,0,0,0,0,60,60
29517,178858,0,1000,29518,0,0,60,60
29518,178859,0,2000,29519,0,0,60,60
29519,178860,0,0,0,0,0,60,60
29523,178861,0,0,29524,0,0,60,60
29524,178862,0,1000,0,0,0,60,60
29525,178687,0,1000,0,0,0,60,60
29526,0,0,4000,29527,0,0,60,60
29527,177033,0,4000,28395,0,0,60,60
29528,178875,0,0,29529,0,0,60,60
29529,178876,0,1000,0,0,0,60,60
29530,178865,0,1000,0,0,0,60,60
29537,178874,0,1000,29538,0,0,60,60
29538,178880,0,1000,0,0,0,60,60
29539,178892,0,1000,0,0,0,60,60
29541,184574,0,4000,31517,0,0,60,60
29542,178913,0,0,29543,0,0,60,60
29543,178914,0,1000,0,0,0,60,60
29544,0,0,1000,29545,0,0,60,60
29545,178915,0,1000,0,0,0,60,60
29548,178918,0,2000,31309,0,0,60,60
29549,178919,0,2000,29548,0,0,60,60
29552,178932,0,1000,0,0,0,60,60
29553,178940,0,0,29554,0,0,60,60
29554,178941,0,0,29555,0,0,60,60
29555,178942,0,0,0,0,0,60,60
29556,178943,0,0,0,0,0,60,60
29557,0,0,500,29556,0,0,60,60
29558,0,0,500,29559,0,0,60,60
29559,178944,0,0,0,0,0,60,60
29560,0,0,500,29561,0,0,60,60
29561,178945,0,0,0,0,0,60,60
29565,0,0,4000,29566,0,0,60,60
29566,178965,0,0,0,0,0,60,60
29567,178966,0,1000,29568,0,0,60,60
29568,178967,0,1000,29569,0,1,60,60
29569,178968,0,1000,0,0,0,60,60
29570,178970,0,1000,29571,0,0,60,60
29571,178971,0,1000,29572,0,0,60,60
29572,178972,0,1000,0,0,0,60,60
29573,178662,0,0,29574,0,0,60,60
29574,178663,0,0,29575,0,0,60,60
29575,178664,0,0,0,0,0,60,60
29576,178855,0,0,29577,0,0,60,60
29577,178856,0,0,29578,0,0,60,60
29578,178857,0,0,0,0,0,60,60
29579,178975,0,2000,29782,0,0,60,60
29580,178976,0,1000,0,0,0,60,60
29581,178978,0,6000,0,0,0,60,60
29582,176257,0,1000,29583,0,0,60,60
29583,176258,0,1000,29960,0,0,60,60
29584,178979,0,1000,29136,0,0,60,60
29585,178983,0,1000,0,0,0,60,60
29587,178982,0,0,0,0,0,60,60
29591,179049,0,1000,29592,0,0,60,60
29592,179050,0,1000,29593,0,0,60,60
29593,179051,0,1000,0,0,0,60,60
29597,179089,0,1000,29598,0,0,60,60
29598,179090,0,1000,0,0,0,60,60
29600,179101,0,1000,29601,0,0,60,60
29601,179102,0,1000,0,0,0,60,60
29605,179113,0,1000,29606,0,0,60,60
29606,179114,0,0,0,0,0,60,60
29607,179117,0,0,30714,0,0,60,60
29608,178562,0,1000,29609,0,0,60,60
29609,178563,0,1000,0,0,0,60,60
29610,179154,0,1000,29611,0,0,60,60
29611,179155,0,1000,29612,0,0,60,60
29612,179156,0,1000,29615,0,0,60,60
29615,179159,0,0,0,0,0,60,60
29616,177798,0,0,29617,0,0,60,60
29617,177799,0,0,29618,0,0,60,60
29618,177805,0,0,0,0,0,60,60
29620,179109,0,1000,37052,0,0,60,60
29623,179112,0,1000,0,0,0,60,60
29624,179181,0,1000,0,0,0,60,60
29625,179121,0,0,29626,0,0,60,60
29626,179122,0,0,29627,0,0,60,60
29627,179123,0,0,29628,0,0,60,60
29628,179124,0,0,0,0,0,60,60
29629,179125,0,0,29630,0,0,60,60
29630,179126,0,0,0,0,0,60,60
29631,179127,0,0,29632,0,0,60,60
29632,179128,0,0,29633,0,0,60,60
29633,179129,0,0,29634,0,0,60,60
29634,179130,0,0,0,0,0,60,60
29635,179131,0,0,29636,0,0,60,60
29636,179132,0,0,29637,0,0,60,60
29637,179133,0,0,0,0,0,60,60
29638,179187,0,2000,29639,0,0,60,60
29639,179188,0,2000,29640,0,0,60,60
29640,179189,0,2000,29641,0,0,60,60
29641,179190,0,0,0,0,0,60,60
29642,179134,0,0,29643,0,0,60,60
29643,179135,0,0,29644,0,0,60,60
29644,179136,0,0,0,0,0,60,60
29645,179137,0,0,29646,0,0,60,60
29646,179138,0,0,29647,0,0,60,60
29647,179139,0,0,29648,0,0,60,60
29648,179140,0,0,0,0,0,60,60
29649,179141,0,0,29650,0,0,60,60
29650,179142,0,0,29651,0,0,60,60
29651,179143,0,0,0,0,0,60,60
29652,179144,0,0,29653,0,0,60,60
29653,179145,0,0,29654,0,0,60,60
29654,179146,0,0,29655,0,0,60,60
29655,179147,0,0,0,0,0,60,60
29656,179148,0,0,29657,0,0,60,60
29657,179149,0,0,29658,0,0,60,60
29658,179150,0,0,29659,0,0,60,60
29659,179151,0,0,0,0,0,60,60
29660,179180,0,1000,0,0,0,60,60
29662,179198,0,0,0,0,0,60,60
29665,179202,0,1000,0,0,0,60,60
29666,179203,0,1000,0,0,0,60,60
29667,179204,0,1000,0,0,0,60,60
29668,179205,0,1000,0,0,0,60,60
29669,179206,0,1000,0,0,0,60,60
29672,179246,0,1000,0,0,0,60,60
29673,179247,0,1000,0,0,0,60,60
29674,179253,0,2000,29676,0,0,60,60
29676,179255,0,0,34008,0,0,60,60
29677,179260,0,0,0,0,0,60,60
29681,179301,0,1000,29682,0,0,60,60
29682,179302,0,1000,29683,0,0,60,60
29683,179304,0,1000,0,0,0,60,60
29690,179273,0,1000,29691,0,0,60,60
29691,179263,0,1000,0,0,0,60,60
29692,179264,0,1000,0,0,0,60,60
29693,179270,0,1000,0,0,0,60,60
29694,179268,0,1000,29695,0,0,60,60
29695,179269,0,1000,0,0,0,60,60
29696,179271,0,1000,0,0,0,60,60
29697,179274,0,1000,29698,0,0,60,60
29698,179275,0,1000,0,0,0,60,60
29699,179284,0,1000,0,0,0,60,60
29700,179283,0,1000,29701,0,0,60,60
29701,179262,0,1000,0,0,0,60,60
29702,179305,0,1000,0,0,0,60,60
29703,179293,0,1000,29704,0,0,60,60
29704,179294,0,1000,0,0,0,60,60
29705,179341,0,1000,29706,0,0,60,60
29706,179342,0,1000,29707,0,0,60,60
29707,179343,0,1000,0,0,0,60,60
29708,179346,0,1000,29709,0,0,60,60
29709,179347,0,1000,0,0,0,60,60
29713,179353,0,1000,0,0,0,60,60
29714,179355,0,0,29715,0,0,60,60
29715,0,0,0,0,0,0,60,60
29726,174167,0,1000,29727,0,1,60,60
29727,174168,0,1000,29728,0,1,60,60
29728,174170,0,1000,0,0,1,60,60
29729,176645,0,1000,29730,0,0,60,60
29730,176646,0,1000,29731,0,1,60,60
29731,0,0,0,0,0,0,60,60
29732,179093,0,0,29733,0,0,60,60
29733,0,0,500,29734,0,0,60,60
29734,179094,0,0,29735,0,0,60,60
29735,0,0,1500,29738,0,0,60,60
29736,179367,0,1000,29737,0,0,60,60
29737,179368,0,1000,0,0,0,60,60
29738,179096,0,0,29739,0,0,60,60
29739,179097,0,0,29740,0,0,60,60
29740,179098,0,0,29741,0,0,60,60
29741,179099,0,0,29742,0,0,60,60
29742,179100,0,0,29743,0,0,60,60
29743,0,0,2000,29744,0,0,60,60
29744,179104,0,0,29745,0,0,60,60
29745,179105,0,0,29746,0,0,60,60
29746,179106,0,0,29747,0,0,60,60
29747,179108,0,0,29748,0,0,60,60
29748,0,0,0,0,0,0,60,60
29749,179163,0,0,29751,0,0,60,60
29751,179165,0,0,29752,0,0,60,60
29752,179166,0,0,29753,0,0,60,60
29753,179167,0,0,29754,0,0,60,60
29754,179168,0,0,29756,0,0,60,60
29756,179169,0,0,29757,0,0,60,60
29757,179170,0,0,29759,0,0,60,60
29759,179171,0,0,29760,0,0,60,60
29760,179172,0,0,29761,0,0,60,60
29761,164224,0,0,29762,0,0,60,60
29762,179173,0,0,29763,0,0,60,60
29763,179176,0,0,29765,0,0,60,60
29765,179177,0,10000,32296,0,0,60,60
29768,0,0,1000,28416,0,0,60,60
29769,179370,0,1000,0,0,0,60,60
29770,179371,0,1000,0,0,0,60,60
29771,179372,0,1000,0,0,0,60,60
29772,179407,0,10000,29773,0,0,60,60
29773,179408,0,20000,29774,0,0,60,60
29774,179409,0,1000,0,0,0,60,60
29781,179423,0,1000,0,0,0,60,60
29782,179436,0,1000,29580,0,0,60,60
29783,179439,0,1000,0,0,0,60,60
29784,179432,0,1000,0,0,0,60,60
29785,179434,0,1000,0,0,0,60,60
29786,179441,0,1000,0,0,0,60,60
29788,179454,0,1000,29789,0,0,60,60
29789,179455,0,0,32901,0,0,60,60
29795,179463,0,500,31206,0,0,60,60
29797,179465,0,2000,29798,0,0,60,60
29798,179466,0,1000,0,0,0,60,60
29799,179471,0,1000,30593,0,1,60,60
29800,179475,0,0,0,0,1,60,60
29804,179401,0,0,0,0,0,60,60
29805,179402,0,0,29806,0,0,60,60
29806,0,0,4000,29807,0,0,60,60
29807,179403,0,0,0,0,0,60,60
29808,179404,0,0,0,0,0,60,60
29809,179405,0,0,29810,0,0,60,60
29810,0,0,7000,29811,0,0,60,60
29811,179406,0,0,0,0,0,60,60
29812,179433,0,0,0,0,0,60,60
29813,179447,0,0,0,0,0,60,60
29814,179705,0,1000,0,0,0,60,60
29815,179477,0,0,0,0,0,60,60
29816,179480,0,3000,29819,0,0,60,60
29819,179483,0,3000,29821,0,0,60,60
29821,179485,0,3000,0,0,0,60,60
29825,179487,0,1000,0,0,0,60,60
29827,179494,0,4000,0,0,1,60,60
29828,0,0,1000,29827,0,0,60,60
29834,176833,0,1000,29835,0,0,60,60
29835,174759,0,1000,0,0,0,60,60
29836,165300,0,1000,0,0,0,60,60
29837,165274,0,1000,0,0,0,60,60
29838,165304,0,1000,0,0,0,60,60
29839,165016,0,1000,0,0,0,60,60
29855,165298,0,1000,0,0,0,60,60
29856,165299,0,1000,0,0,0,60,60
29857,165127,0,1000,0,0,0,60,60
29858,176833,0,1000,29859,0,0,60,60
29859,176821,0,1000,0,0,0,60,60
29860,175179,0,1000,29861,0,0,60,60
29861,175490,0,1000,0,0,0,60,60
29862,165007,0,1000,0,0,0,60,60
29863,165009,0,1000,0,0,0,60,60
29868,165301,0,1000,0,0,0,60,60
29869,165123,0,1000,0,0,0,60,60
29870,165126,0,1000,0,0,0,60,60
29872,180004,0,1000,0,0,1,60,60
29875,179557,0,0,29876,0,0,60,60
29876,179556,0,0,29186,0,0,60,60
29877,179558,0,0,29878,0,0,60,60
29878,179559,0,0,29879,0,0,60,60
29879,179560,0,0,29880,0,0,60,60
29880,179561,0,0,0,0,0,60,60
29881,0,0,3000,29877,0,0,60,60
29887,179576,0,3000,29888,0,1,60,60
29888,179577,0,1000,0,0,0,60,60
29898,179563,0,1000,29899,0,0,60,60
29899,179564,0,1000,29900,0,0,60,60
29900,179565,0,1000,29901,0,0,60,60
29901,179566,0,1000,0,0,0,60,60
29902,179585,0,1000,29903,0,0,60,60
29903,179586,0,1000,0,0,0,60,60
29904,179587,0,1000,0,0,0,60,60
29905,179615,0,1000,29906,0,0,60,60
29906,179616,0,1000,0,0,0,60,60
29907,179619,0,1000,0,0,0,60,60
29908,179617,0,2000,29907,0,0,60,60
29910,179621,0,0,0,0,0,60,60
29912,179629,0,1000,29913,0,0,60,60
29913,179630,0,1000,0,0,0,60,60
29914,179631,0,1000,0,0,0,60,60
29916,179632,0,1000,30715,0,0,60,60
29917,179623,0,0,29918,0,0,60,60
29918,179626,0,0,29919,0,0,60,60
29919,179624,0,0,29920,0,0,60,60
29920,179627,0,0,29921,0,0,60,60
29921,179628,0,0,29922,0,0,60,60
29922,179625,0,0,0,0,0,60,60
29923,179652,0,1000,0,0,0,60,60
29926,179655,0,0,29927,0,0,60,60
29927,179656,0,0,29928,0,0,60,60
29928,179657,0,0,29929,0,0,60,60
29929,179599,0,0,0,0,0,60,60
29930,0,0,500,29732,0,0,60,60
29931,179596,0,1000,29932,0,0,60,60
29932,179597,0,1000,29933,0,0,60,60
29933,179598,0,2000,0,0,0,60,60
29934,179567,0,1000,0,0,0,60,60
29935,179568,0,1000,29936,0,0,60,60
29936,179569,0,1000,29937,0,0,60,60
29937,179570,0,1000,29938,0,0,60,60
29938,179571,0,1000,30167,0,0,60,60
29939,178821,0,2000,29490,0,0,60,60
29940,179659,0,1000,0,0,0,60,60
29941,179660,0,1000,0,0,0,60,60
29942,179520,0,1000,0,0,0,60,60
29944,179609,0,1000,29945,0,0,60,60
29945,179611,0,0,29946,0,0,60,60
29946,179612,0,0,0,0,0,60,60
29948,179707,0,1000,0,0,0,60,60
29949,179708,0,0,0,0,0,60,60
29951,179696,0,0,29952,0,0,60,60
29952,179697,0,1000,0,0,0,60,60
29953,179698,0,0,29954,0,0,60,60
29954,179699,0,0,0,0,0,60,60
29955,179710,0,1000,0,0,0,60,60
29956,179711,0,1000,0,0,0,60,60
29957,179717,0,1000,29958,0,0,60,60
29958,179718,0,1000,29959,0,0,60,60
29959,179719,0,0,0,0,0,60,60
29960,179103,0,0,0,0,0,60,60
29961,179737,0,1000,29962,0,0,60,60
29962,179738,0,1000,0,0,0,60,60
29963,179741,0,1000,0,0,0,60,60
29964,179742,0,1000,29965,0,0,60,60
29965,179743,0,1000,0,0,0,60,60
29966,179744,0,1000,0,0,0,60,60
29967,179746,0,1000,0,0,0,60,60
29968,179747,0,1000,0,0,0,60,60
29969,179748,0,1000,29970,0,0,60,60
29970,179749,0,1000,0,0,0,60,60
29971,179750,0,1000,0,0,0,60,60
29972,179716,0,0,0,0,1,60,60
29973,179720,0,0,0,0,1,60,60
29975,179774,0,2000,29976,0,0,60,60
29976,179775,0,0,0,0,0,60,60
29977,179773,0,0,0,0,0,60,60
29978,179753,0,0,0,0,1,60,60
29979,179776,0,0,0,0,0,60,60
29980,179754,0,0,0,0,1,60,60
29981,179757,0,0,0,0,1,60,60
29982,179755,0,0,29983,0,1,60,60
29983,179756,0,0,0,0,1,60,60
29984,179760,0,0,29986,0,0,60,60
29986,179762,0,1000,0,0,0,60,60
29990,179726,0,0,0,0,1,60,60
29991,179727,0,0,0,0,1,60,60
29992,179777,0,1000,29993,0,0,60,60
29993,179778,0,0,0,0,0,60,60
29994,179779,0,1000,29995,0,0,60,60
29995,179781,0,1000,29996,0,0,60,60
29996,179782,0,0,0,0,0,60,60
29998,179793,0,1000,29999,0,0,60,60
29999,179811,0,1000,0,0,0,60,60
30000,179790,0,1000,30001,0,0,60,60
30001,179811,0,1000,0,0,0,60,60
30002,179796,0,1000,30003,0,0,60,60
30003,179811,0,1000,0,0,0,60,60
30008,179824,0,1000,0,0,0,60,60
30009,179833,0,1000,0,0,0,60,60
30010,179834,0,1000,30011,0,0,60,60
30011,179835,0,1000,0,0,0,60,60
30012,179836,0,1000,0,0,0,60,60
30013,179838,0,0,30014,0,0,60,60
30014,179822,0,0,30015,0,1,60,60
30015,179821,0,0,0,0,1,60,60
30016,179823,0,0,30017,0,0,60,60
30017,179825,0,0,30018,0,0,60,60
30018,179839,0,0,0,0,0,60,60
30023,179864,0,0,30024,0,0,60,60
30024,179865,0,0,0,0,0,60,60
30025,0,0,1000,30023,0,0,60,60
30029,179724,0,0,30030,0,0,60,60
30030,0,0,3000,30031,0,0,60,60
30031,179725,0,0,30032,0,0,60,60
30032,0,0,1500,30033,0,0,60,60
30033,179740,0,0,0,0,0,60,60
30035,179890,0,1000,30036,0,0,60,60
30036,179891,0,0,0,0,0,60,60
30037,179892,0,0,0,0,0,60,60
30038,179893,0,0,0,0,0,60,60
30039,179894,0,1000,30040,0,0,60,60
30040,179895,0,1000,30041,0,0,60,60
30041,179896,0,1000,30042,0,0,60,60
30042,179897,0,1000,30043,0,0,60,60
30043,179898,0,1000,0,0,0,60,60
30047,179908,0,1000,0,0,0,60,60
30048,179909,0,1000,0,0,0,60,60
30049,179912,0,1000,0,0,0,60,60
30050,179915,0,1000,0,0,0,60,60
30052,179925,0,1000,0,0,0,60,60
30053,179926,0,1000,0,0,0,60,60
30054,179937,0,1000,0,0,0,60,60
30057,179951,0,1000,0,0,1,60,60
30059,179952,0,1000,30061,0,0,60,60
30061,179954,0,1000,34093,0,0,60,60
30063,179956,0,1000,34009,0,0,60,60
30066,179963,0,1000,30067,0,0,60,60
30067,179964,0,1000,30068,0,0,60,60
30068,179965,0,1000,30069,0,0,60,60
30069,179967,0,0,0,0,0,60,60
30070,179970,0,1000,0,0,0,60,60
30071,179975,0,1000,0,0,0,60,60
30072,179992,0,1000,30073,0,0,60,60
30073,179993,0,1000,30109,0,0,60,60
30074,179976,0,1000,30075,0,0,60,60
30075,179977,0,1000,30076,0,0,60,60
30076,179978,0,1000,0,0,0,60,60
30077,179979,0,1000,30078,0,0,60,60
30078,179980,0,1000,30079,0,0,60,60
30079,179981,0,1000,30080,0,0,60,60
30080,179982,0,1000,0,0,0,60,60
30081,179983,0,1000,30082,0,0,60,60
30082,179984,0,1000,30083,0,0,60,60
30083,179985,0,1000,30084,0,0,60,60
30084,179986,0,1000,0,0,0,60,60
30085,179989,0,1000,30086,0,0,60,60
30086,179997,0,1000,30087,0,0,60,60
30087,179998,0,1000,0,0,0,60,60
30088,180000,0,1000,0,0,0,60,60
30090,179961,0,1000,29872,0,1,60,60
30092,180005,0,1000,0,0,0,60,60
30093,180008,0,1000,0,0,0,60,60
30094,180009,0,1000,0,0,0,60,60
30095,180014,0,3000,30099,0,0,60,60
30097,0,0,0,0,0,0,60,60
30099,180015,0,1000,30097,0,0,60,60
30102,180034,0,3000,33783,0,1,60,60
30103,180133,0,0,32496,0,0,60,60
30105,180042,0,1000,0,0,0,60,60
30106,0,0,2000,30102,0,0,60,60
30107,180045,0,1000,30108,0,0,60,60
30108,180047,0,0,0,0,0,60,60
30109,180048,0,1000,0,0,0,60,60
30114,180073,0,2000,0,0,0,60,60
30115,180074,0,2000,0,0,0,60,60
30116,180075,0,2000,0,0,0,60,60
30117,180086,0,2000,30118,0,0,60,60
30118,180088,0,1000,0,0,0,60,60
30119,180136,0,5000,30120,0,1,60,60
30120,180137,0,1000,0,0,1,60,60
30121,180095,0,0,0,0,0,60,60
30123,180099,0,0,0,0,0,60,60
30124,180098,0,1000,30123,0,0,60,60
30125,180097,0,2000,30124,0,0,60,60
30126,180102,0,2000,30127,0,0,60,60
30127,180103,0,4000,30473,0,0,60,60
30128,180105,0,2000,0,0,0,60,60
30129,180106,0,2000,30130,0,0,60,60
30130,180107,0,3000,30474,0,0,60,60
30131,180108,0,2000,0,0,0,60,60
30132,180109,0,2000,30133,0,0,60,60
30133,180110,0,4000,30475,0,0,60,60
30134,180111,0,2000,0,0,0,60,60
30135,179600,0,1000,30136,0,0,60,60
30136,180104,0,0,0,0,0,60,60
30138,180131,0,1000,0,0,0,60,60
30139,180141,0,0,30140,0,0,60,60
30140,180142,0,0,30141,0,0,60,60
30141,180143,0,1000,31488,0,0,60,60
30142,180123,0,2000,0,0,0,60,60
30144,180156,0,2000,0,0,0,60,60
30145,180162,0,2000,0,0,0,60,60
30146,180135,0,5000,30119,0,1,60,60
30147,178567,0,1000,0,0,1,60,60
30148,172536,0,1000,0,0,0,60,60
30149,178572,0,1000,0,0,1,60,60
30150,178710,0,1000,0,0,1,60,60
30151,0,0,1000,30139,0,0,60,60
30152,180192,0,2000,30153,0,0,60,60
30153,180193,0,1000,30154,0,0,60,60
30154,180194,0,2000,30155,0,0,60,60
30155,180195,0,3000,0,0,0,60,60
30156,178909,0,2000,30157,0,0,60,60
30157,180197,0,0,0,0,0,60,60
30158,180208,0,1000,30159,0,0,60,60
30159,180209,0,1000,30160,0,0,60,60
30160,180211,0,1000,0,0,0,60,60
30161,180213,0,0,30162,0,0,60,60
30162,180214,0,0,30163,0,0,60,60
30163,180215,0,0,30164,0,0,60,60
30164,180216,0,0,0,0,0,60,60
30165,0,0,2000,30161,0,0,60,60
30166,180225,0,4000,0,0,1,60,60
30167,0,0,0,0,0,0,60,60
30170,180241,0,1000,0,0,0,60,60
30171,180246,0,1000,30172,0,0,60,60
30172,180247,0,1000,30173,0,0,60,60
30173,180248,0,1000,0,0,0,60,60
30174,0,0,2000,30175,0,0,60,60
30175,180223,0,0,0,0,0,60,60
30176,180250,0,1000,33895,0,0,60,60
30177,180251,0,1000,0,0,0,60,60
30179,189208,0,1000,30180,0,0,60,60
30180,180255,0,1000,0,0,0,60,60
30181,180257,0,2000,30182,0,0,60,60
30182,180258,0,1000,30183,0,0,60,60
30183,180315,0,1000,0,0,0,60,60
30186,180312,0,2000,30187,0,0,60,60
30187,180311,0,1000,0,0,0,60,60
30188,180256,0,1000,30189,0,0,60,60
30189,180313,0,1000,30171,0,0,60,60
30192,180333,0,1000,30193,0,0,60,60
30193,180334,0,1000,30194,0,0,60,60
30194,180335,0,1000,30195,0,0,60,60
30195,180336,0,1000,30196,0,0,60,60
30196,180337,0,1000,30197,0,0,60,60
30197,180338,0,1000,30198,0,0,60,60
30198,180339,0,1000,30199,0,0,60,60
30199,180340,0,1000,30200,0,0,60,60
30200,180341,0,1000,30201,0,0,60,60
30201,180342,0,1000,30202,0,0,60,60
30202,180343,0,1000,30203,0,0,60,60
30203,180344,0,1000,30204,0,0,60,60
30204,180345,0,4000,30205,0,0,60,60
30205,180346,0,1000,30206,0,0,60,60
30206,180347,0,0,30207,0,0,60,60
30207,180348,0,-2000,30209,0,0,60,60
30208,180349,0,0,0,0,0,60,60
30209,180348,0,-2000,30210,0,0,60,60
30210,180348,0,0,30208,0,0,60,60
30211,180350,0,1000,0,0,0,60,60
30212,180352,0,10000,30213,0,0,60,60
30213,180353,0,1000,30214,0,0,60,60
30214,180354,0,10000,30215,0,0,60,60
30215,180355,0,10000,30216,0,0,60,60
30216,180356,0,1000,30217,0,0,60,60
30217,180357,0,0,0,0,0,60,60
30218,180360,0,1000,35285,0,0,60,60
30223,180379,0,0,0,0,0,60,60
30224,180381,0,0,0,0,0,60,60
30225,180383,0,0,0,0,0,60,60
30231,180386,0,2000,30232,0,0,60,60
30232,180387,0,0,30233,0,0,60,60
30233,180388,0,1000,30234,0,0,60,60
30234,180389,0,1000,30212,0,0,60,60
30235,0,0,2000,30231,0,0,60,60
30236,180465,0,1000,30237,0,0,60,60
30237,180466,0,1000,30238,0,0,60,60
30238,180467,0,1000,30239,0,0,60,60
30239,180468,0,1000,0,0,0,60,60
30240,180399,0,2000,0,0,0,60,60
30241,180398,0,2000,0,0,0,60,60
30243,180400,0,0,30244,0,0,60,60
30244,180412,0,0,30245,0,0,60,60
30245,180413,0,0,30246,0,0,60,60
30246,180414,0,0,30247,0,0,60,60
30247,180415,0,0,30248,0,0,60,60
30248,180416,0,1000,30249,0,0,60,60
30249,180417,0,0,30250,0,0,60,60
30250,180419,0,0,30251,0,0,60,60
30251,180420,0,0,30252,0,0,60,60
30252,180421,0,0,0,0,0,60,60
30253,180426,0,0,30254,0,0,60,60
30254,180427,0,0,30255,0,0,60,60
30255,180428,0,0,30256,0,0,60,60
30256,180429,0,0,30257,0,0,60,60
30257,180430,0,0,30258,0,0,60,60
30258,180431,0,1000,30259,0,0,60,60
30259,180432,0,0,30260,0,0,60,60
30260,180433,0,0,30261,0,0,60,60
30261,180434,0,0,30262,0,0,60,60
30262,180435,0,0,30263,0,0,60,60
30263,180436,0,0,30264,0,0,60,60
30264,180437,0,0,0,0,0,60,60
30265,180439,0,0,30266,0,0,60,60
30266,180440,0,0,30267,0,0,60,60
30267,180441,0,0,30268,0,0,60,60
30268,180442,0,0,30269,0,0,60,60
30269,180443,0,0,30270,0,0,60,60
30270,180444,0,0,30271,0,0,60,60
30271,180445,0,0,30272,0,0,60,60
30272,180446,0,0,30273,0,0,60,60
30273,180447,0,0,30274,0,0,60,60
30274,180448,0,0,30275,0,0,60,60
30275,180449,0,1000,30276,0,0,60,60
30276,180450,0,0,0,0,0,60,60
30283,180485,0,1000,30284,0,0,60,60
30284,180486,0,1000,30285,0,0,60,60
30285,180487,0,1000,30286,0,0,60,60
30286,180488,0,1000,30287,0,0,60,60
30287,180492,0,1000,30288,0,0,60,60
30288,180493,0,1000,30289,0,0,60,60
30289,180496,0,1000,30290,0,0,60,60
30290,180498,0,38000,30293,0,0,60,60
30291,180499,0,0,30292,0,0,60,60
30292,180501,0,0,0,0,0,60,60
30293,180499,0,1000,30294,0,0,60,60
30294,180501,0,0,0,0,0,60,60
30295,180579,0,0,30296,0,0,60,60
30296,180580,0,0,30297,0,0,60,60
30297,180581,0,0,0,0,0,60,60
30298,180575,0,0,30299,0,0,60,60
30299,180576,0,0,30300,0,0,60,60
30300,180577,0,0,30301,0,0,60,60
30301,180578,0,0,0,0,0,60,60
30302,180543,0,0,30303,0,0,60,60
30303,180545,0,0,30304,0,0,60,60
30304,180546,0,0,30305,0,0,60,60
30305,180547,0,0,0,0,0,60,60
30306,180554,0,0,30307,0,0,60,60
30307,180555,0,0,30308,0,0,60,60
30308,180556,0,0,0,0,0,60,60
30309,180557,0,0,30310,0,0,60,60
30310,180558,0,0,30311,0,0,60,60
30311,180559,0,0,0,0,0,60,60
30312,180550,0,0,30313,0,0,60,60
30313,180551,0,0,30314,0,0,60,60
30314,180552,0,0,0,0,0,60,60
30315,180586,0,1000,30316,0,0,60,60
30316,180587,0,1000,30317,0,0,60,60
30317,180588,0,1000,30318,0,0,60,60
30318,180589,0,1000,0,0,0,60,60
30319,180582,0,0,30320,0,0,60,60
30320,180583,0,0,30321,0,0,60,60
30321,180584,0,0,30322,0,0,60,60
30322,180585,0,0,0,0,0,60,60
30323,180571,0,0,30324,0,0,60,60
30324,180572,0,0,30325,0,0,60,60
30325,180573,0,0,30326,0,0,60,60
30326,180574,0,0,0,0,0,60,60
30327,180560,0,0,30328,0,0,60,60
30328,180561,0,0,30329,0,0,60,60
30329,180565,0,0,30330,0,0,60,60
30330,180566,0,0,0,0,0,60,60
30331,180469,0,0,30332,0,0,60,60
30332,180470,0,0,30333,0,0,60,60
30333,180471,0,0,30334,0,0,60,60
30334,180472,0,0,0,0,0,60,60
30335,180473,0,0,30336,0,0,60,60
30336,180474,0,0,30337,0,0,60,60
30337,180475,0,0,0,0,0,60,60
30338,180476,0,0,30339,0,0,60,60
30339,180477,0,0,30340,0,0,60,60
30340,180478,0,0,0,0,0,60,60
30341,180479,0,0,30342,0,0,60,60
30342,180480,0,0,30343,0,0,60,60
30343,180481,0,0,0,0,0,60,60
30344,180482,0,0,30345,0,0,60,60
30345,180483,0,0,30346,0,0,60,60
30346,180484,0,0,0,0,0,60,60
30347,180489,0,0,30348,0,0,60,60
30348,180490,0,0,30349,0,0,60,60
30349,180491,0,0,0,0,0,60,60
30350,180500,0,0,30351,0,0,60,60
30351,180502,0,0,30352,0,0,60,60
30352,180503,0,0,0,0,0,60,60
30353,180508,0,0,30354,0,0,60,60
30354,180509,0,0,30355,0,0,60,60
30355,180510,0,0,30356,0,0,60,60
30356,180511,0,0,0,0,0,60,60
30357,180512,0,0,30358,0,0,60,60
30358,180513,0,0,30359,0,0,60,60
30359,180514,0,0,30360,0,0,60,60
30360,180515,0,0,0,0,0,60,60
30361,180516,0,0,30362,0,0,60,60
30362,180517,0,0,0,0,0,60,60
30363,0,0,0,0,0,0,60,60
30364,180524,0,1000,30365,0,0,60,60
30365,180525,0,1000,30366,0,0,60,60
30366,180526,0,1000,30367,0,0,60,60
30367,180527,0,1000,30368,0,0,60,60
30368,180528,0,1000,30369,0,0,60,60
30369,180529,0,1000,0,0,0,60,60
30370,180519,0,0,30371,0,0,60,60
30371,180521,0,0,30372,0,0,60,60
30372,180522,0,0,30373,0,0,60,60
30373,180523,0,0,0,0,0,60,60
30374,180530,0,0,30375,0,0,60,60
30375,180531,0,0,0,0,0,60,60
30376,180533,0,0,30377,0,0,60,60
30377,180534,0,0,30378,0,0,60,60
30378,180535,0,0,0,0,0,60,60
30379,180597,0,0,30380,0,0,60,60
30380,180598,0,0,30381,0,0,60,60
30381,180599,0,0,30382,0,0,60,60
30382,180600,0,0,0,0,0,60,60
30383,180601,0,0,30384,0,0,60,60
30384,180602,0,0,30385,0,0,60,60
30385,180603,0,0,0,0,0,60,60
30386,180604,0,0,30387,0,0,60,60
30387,180605,0,0,30388,0,0,60,60
30388,180607,0,0,30389,0,0,60,60
30389,180608,0,0,0,0,0,60,60
30390,180609,0,0,30391,0,0,60,60
30391,180610,0,0,30392,0,0,60,60
30392,180611,0,0,0,0,0,60,60
30393,180612,0,0,30394,0,0,60,60
30394,180613,0,0,30395,0,0,60,60
30395,180614,0,0,30396,0,0,60,60
30396,180615,0,0,0,0,0,60,60
30397,180616,0,0,30398,0,0,60,60
30398,180617,0,0,30399,0,0,60,60
30399,180618,0,0,30400,0,0,60,60
30400,180619,0,0,0,0,0,60,60
30401,180630,0,1000,0,0,0,60,60
30402,180631,0,1000,0,0,0,60,60
30403,180262,0,2000,30404,0,0,60,60
30404,180263,0,3000,0,0,0,60,60
30405,180639,0,1000,0,0,0,60,60
30406,180646,0,1000,30407,0,0,60,60
30407,180647,0,1000,30408,0,0,60,60
30408,180648,0,1000,0,0,0,60,60
30409,180652,0,1000,30410,0,0,60,60
30410,180653,0,1000,30411,0,0,60,60
30411,180654,0,1000,30412,0,0,60,60
30412,180655,0,1000,0,0,0,60,60
30413,180658,0,1000,34107,0,0,60,60
30414,180656,0,1000,30415,0,0,60,60
30415,180657,0,1000,0,0,0,60,60
30416,180660,0,1000,0,0,0,60,60
30419,186864,0,1000,0,0,0,60,60
30421,180670,0,1000,30422,0,0,60,60
30422,180671,0,1000,30423,0,0,60,60
30423,180672,0,1000,0,0,0,60,60
30424,180673,0,10000,30425,0,0,60,60
30425,180833,0,2000,0,0,0,60,60
30426,180677,0,1000,0,0,0,60,60
30427,180680,0,1000,30428,0,0,60,60
30428,180681,0,1000,0,0,0,60,60
30429,180683,0,0,30430,0,0,60,60
30430,180685,0,1000,0,0,0,60,60
30431,180687,0,1000,30432,0,0,60,60
30432,180688,0,1000,30433,0,0,60,60
30433,180689,0,1000,30434,0,0,60,60
30434,180691,0,1000,0,0,0,60,60
30435,180693,0,1000,30436,0,0,60,60
30436,180694,0,1000,30437,0,0,60,60
30437,180695,0,0,30470,0,0,60,60
30438,180699,0,1000,30439,0,0,60,60
30439,180700,0,1000,30440,0,0,60,60
30440,180701,0,1000,30441,0,0,60,60
30441,180702,0,1000,30442,0,0,60,60
30442,180703,0,1000,30443,0,0,60,60
30443,180704,0,1000,30444,0,0,60,60
30444,180705,0,1000,0,0,0,60,60
30445,180706,0,1000,30446,0,0,60,60
30446,180707,0,0,0,0,0,60,60
30447,180721,0,2000,30448,0,0,60,60
30448,180722,0,3000,0,0,0,60,60
30449,180810,0,3000,0,0,0,60,60
30459,180757,0,0,30460,0,0,60,60
30460,180758,0,0,30461,0,0,60,60
30461,180759,0,0,30462,0,0,60,60
30462,180760,0,0,0,0,0,60,60
30463,180761,0,1000,0,0,0,60,60
30466,180782,0,0,30467,0,0,60,60
30467,180783,0,1000,0,0,0,60,60
30468,180787,0,1000,0,0,0,60,60
30470,180788,0,1000,0,0,0,60,60
30472,180797,0,0,0,0,0,60,60
30473,180798,0,2000,30128,0,0,60,60
30474,180799,0,4000,30131,0,0,60,60
30475,180800,0,4000,30134,0,0,60,60
30476,180801,0,1000,0,0,0,60,60
30478,180803,0,1000,0,0,0,60,60
30483,180806,0,0,30484,0,0,60,60
30484,180807,0,0,0,0,0,60,60
30485,180809,0,1000,0,0,0,60,60
30487,193128,0,6000,31666,0,0,60,60
30488,180822,0,2000,30489,0,0,60,60
30489,180823,0,3000,30491,0,0,60,60
30491,180825,0,0,0,0,2,60,60
30492,180827,0,1000,0,0,0,60,60
30494,180828,0,0,30507,0,0,60,60
30497,180831,0,0,30498,0,0,60,60
30498,180834,0,0,30499,0,0,60,60
30499,180835,0,0,30500,0,2,60,60
30500,180836,0,0,0,0,0,60,60
30502,180843,0,0,0,0,0,60,60
30503,180845,0,1000,0,0,0,60,60
30504,180849,0,1000,30505,0,0,60,60
30505,180850,0,1000,0,0,0,60,60
30507,180829,0,3000,36516,0,0,60,60
30508,180876,0,1000,30509,0,0,60,60
30509,180877,0,1000,30510,0,0,60,60
30510,180878,0,1000,30511,0,0,60,60
30511,180879,0,0,0,0,0,60,60
30512,180880,0,1000,30513,0,0,60,60
30513,180881,0,1000,30514,0,0,60,60
30514,180882,0,0,30515,0,0,60,60
30515,180883,0,5000,30517,0,0,60,60
30516,163524,0,1000,0,0,0,60,60
30517,180884,0,1000,30519,0,0,60,60
30519,180886,0,0,0,0,0,60,60
30520,180889,0,1000,0,0,0,60,60
30521,180891,0,1000,30522,0,0,60,60
30522,180892,0,0,30523,0,0,60,60
30523,180893,0,0,30524,0,0,60,60
30524,180895,0,0,0,0,0,60,60
30525,180900,0,0,30526,0,0,60,60
30526,180901,0,0,0,0,0,60,60
30527,180902,0,0,30528,0,0,60,60
30528,180903,0,0,0,0,0,60,60
30529,0,0,0,30525,0,0,60,60
30530,180839,0,0,0,0,0,60,60
30533,180906,0,2000,30534,0,0,60,60
30534,180907,0,1000,30535,0,0,60,60
30535,180194,0,2000,30536,0,0,60,60
30536,180908,0,3000,0,0,0,60,60
30538,180911,0,2000,0,0,0,60,60
30539,180912,0,0,0,0,0,60,60
30544,177153,0,0,30545,0,0,60,60
30545,177154,0,0,30546,0,0,60,60
30546,177155,0,0,30547,0,0,60,60
30547,177156,0,0,30548,0,0,60,60
30548,180909,0,0,0,0,0,60,60
30549,180918,0,1000,30551,0,0,60,60
30551,180922,0,1000,0,0,0,60,60
30552,180926,0,0,0,0,0,60,60
30554,180931,0,0,0,0,0,60,60
30555,180928,0,0,0,0,0,60,60
30556,180972,0,1000,0,0,0,60,60
30559,180932,0,1000,34195,0,0,60,60
30560,180976,0,1000,30561,0,0,60,60
30561,180977,0,1000,30562,0,0,60,60
30562,180978,0,1000,30563,0,0,60,60
30563,180979,0,1000,0,0,0,60,60
30564,176700,0,300,30565,14920,0,60,60
30565,176701,0,300,30566,14920,0,60,60
30566,176702,0,300,30567,14920,0,60,60
30567,176703,0,300,30568,14920,0,60,60
30568,176704,0,300,0,14920,0,60,60
30569,180988,0,1000,30570,0,0,60,60
30570,180989,0,1000,0,0,0,60,60
30571,203753,0,1000,0,0,0,60,60
30574,181088,0,3000,0,0,0,60,60
30575,0,0,3000,29517,0,0,60,60
30576,181100,0,2500,30577,0,0,60,60
30577,181101,0,2500,30578,0,0,60,60
30578,181102,0,2500,30579,0,0,60,60
30579,181103,0,2500,30580,0,0,60,60
30580,181104,0,2500,30581,0,0,60,60
30581,181105,0,2500,30582,0,0,60,60
30582,181106,0,2500,30583,0,0,60,60
30583,181107,0,2500,30584,0,0,60,60
30584,181108,0,0,0,0,0,60,60
30585,181123,0,0,0,0,0,60,60
30586,181124,0,0,0,0,0,60,60
30587,181125,0,0,0,0,0,60,60
30588,181138,0,3000,0,0,0,60,60
30589,102790,0,1000,30590,0,0,60,60
30590,102790,0,1000,0,0,0,60,60
30593,181146,0,1000,0,0,1,60,60
30594,181147,0,1500,30595,0,0,60,60
30595,181149,0,2000,30596,0,0,60,60
30596,181150,0,1000,0,0,0,60,60
30597,181152,0,1000,0,0,0,60,60
30598,180918,0,2000,30599,0,0,60,60
30599,180922,0,1000,0,0,0,60,60
30600,181195,0,1000,30601,0,0,60,60
30601,181197,0,0,30602,0,0,60,60
30602,181198,0,0,30603,0,0,60,60
30603,181200,0,1000,30604,0,0,60,60
30604,181201,0,0,0,0,0,60,60
30607,181213,0,0,0,0,0,60,60
30608,181214,0,0,30610,0,0,60,60
30610,181216,0,0,0,0,0,60,60
30618,181233,0,2000,30619,0,0,60,60
30619,181232,0,2000,0,0,0,60,60
30620,181241,0,1000,30621,0,0,60,60
30621,181242,0,1000,0,0,0,60,60
30622,180973,0,1000,0,0,0,60,60
30623,181240,0,3000,0,0,0,60,60
30624,181271,0,1000,0,0,0,60,60
30628,181296,0,0,30629,0,0,60,60
30629,181297,0,0,30630,0,0,60,60
30630,181298,0,0,0,0,0,60,60
30631,181306,0,2000,30632,0,0,60,60
30632,181307,0,2000,30633,0,0,60,60
30633,181308,0,2000,0,0,0,60,60
30634,181373,0,500,33175,0,0,60,60
30637,181412,0,1000,0,0,0,60,60
30638,181481,0,1000,0,0,0,60,60
30639,181482,0,1000,0,0,0,60,60
30641,180992,0,0,0,0,0,60,60
30645,181896,0,3000,0,0,0,60,60
30646,182067,0,1000,30647,0,0,60,60
30647,182068,0,1000,0,0,0,60,60
30648,182069,0,3000,0,0,0,60,60
30652,182097,0,3000,0,0,0,60,60
30653,181299,0,1000,0,0,0,60,60
30654,182181,0,1000,0,0,2,60,60
30655,178589,0,1000,31174,0,0,60,60
30658,176380,0,0,0,0,0,60,60
30659,176390,0,1000,30660,0,0,60,60
30660,182251,0,0,0,0,0,60,60
30661,182253,0,1000,0,0,0,60,60
30662,176393,0,1000,0,0,0,60,60
30663,182254,0,1000,30664,0,0,60,60
30664,182255,0,1000,0,0,0,60,60
30665,182267,0,1000,0,0,0,60,60
30666,182278,0,1000,0,0,0,60,60
30667,182290,0,1000,0,0,0,60,60
30668,182292,0,1000,0,0,0,60,60
30669,182289,0,1000,0,0,0,60,60
30670,182279,0,1000,0,0,0,60,60
30671,182291,0,1000,0,0,0,60,60
30672,182282,0,1000,0,0,0,60,60
30673,182281,0,1000,0,0,0,60,60
30674,182283,0,1000,0,0,0,60,60
30675,182280,0,1000,0,0,0,60,60
30676,182286,0,1000,0,0,0,60,60
30677,182287,0,1000,0,0,0,60,60
30678,182284,0,1000,0,0,0,60,60
30679,182285,0,1000,0,0,0,60,60
30680,182288,0,1000,0,0,0,60,60
30681,182313,0,1000,0,0,0,60,60
30682,182314,0,1000,0,0,0,60,60
30683,182317,0,1000,30684,0,0,60,60
30684,182318,0,1000,0,0,0,60,60
30685,182332,0,1000,0,0,0,60,60
30686,182355,0,1000,0,0,0,60,60
30687,182364,0,1000,0,0,0,60,60
30688,182377,0,1000,0,0,0,60,60
30689,182401,0,2000,30690,0,0,60,60
30690,182402,0,3000,30691,0,0,60,60
30691,182403,0,3000,30703,0,0,60,60
30692,182404,0,1000,0,0,0,60,60
30693,177632,0,1000,30694,0,0,60,60
30694,182415,0,1000,30695,0,0,60,60
30695,182416,0,1000,30696,0,0,60,60
30696,182417,0,1000,30697,0,0,60,60
30697,182418,0,1000,0,0,0,60,60
30698,182401,0,2000,30699,0,0,60,60
30699,182420,0,3000,30700,0,0,60,60
30700,182421,0,3000,30701,0,0,60,60
30701,182422,0,3000,30702,0,0,60,60
30702,182404,0,1000,0,0,0,60,60
30703,182423,0,2000,30692,0,0,60,60
30704,182419,0,1000,30705,0,0,60,60
30705,177633,0,1000,30706,0,0,60,60
30706,177634,0,1000,0,0,0,60,60
30707,182401,0,2000,30708,0,0,60,60
30708,182482,0,3000,30709,0,0,60,60
30709,182483,0,3000,30710,0,0,60,60
30710,182484,0,3000,30711,0,0,60,60
30711,182404,0,1000,0,0,0,60,60
30712,182495,0,1000,0,0,0,60,60
30713,182496,0,1000,0,0,0,60,60
30714,182494,0,0,0,0,0,60,60
30715,182502,0,0,0,0,0,60,60
30716,182524,0,0,0,0,0,60,60
30717,182522,0,0,0,0,0,60,60
30718,182523,0,0,0,0,0,60,60
30719,182520,0,0,0,0,0,60,60
30720,182517,0,0,0,0,0,60,60
30722,0,0,1000,0,0,0,60,60
30723,0,0,1000,0,0,0,60,60
30727,182406,0,1000,0,0,0,60,60
30728,182536,0,1000,29672,0,0,60,60
30729,182540,0,1000,0,0,0,60,60
30730,182541,0,1000,0,0,0,60,60
30735,182546,0,0,0,0,0,60,60
30738,182572,0,1000,0,0,0,60,60
30739,182597,0,1000,0,0,0,60,60
30740,179380,0,0,30741,0,0,60,60
30741,182598,0,0,0,0,0,60,60
30742,182617,0,0,0,0,0,60,60
30743,182619,0,0,0,0,0,60,60
30744,182622,0,0,0,0,0,60,60
30745,182618,0,1000,30746,0,0,60,60
30746,182620,0,1000,30747,0,0,60,60
30747,182621,0,1000,0,0,0,60,60
30749,182624,0,0,0,0,0,60,60
30750,182625,0,0,35449,0,0,60,60
30751,182626,0,4000,35444,0,0,60,60
30752,182637,0,0,37983,0,0,60,60
30755,182635,0,1000,30756,0,0,60,60
30756,182636,0,1000,30757,0,0,60,60
30757,182640,0,1000,0,0,0,60,60
30758,177181,0,1000,0,0,0,60,60
30759,176371,0,0,0,0,0,60,60
30760,182670,0,1000,30761,0,0,60,60
30761,182672,0,1000,30762,0,0,60,60
30762,182673,0,1000,0,0,0,60,60
30763,182674,0,3000,30764,0,0,60,60
30764,182675,0,3000,0,0,0,60,60
30767,182684,0,1000,31425,0,0,60,60
30768,182685,0,1000,30769,0,0,60,60
30769,182686,0,1000,0,0,0,60,60
30772,182509,0,0,30877,0,0,60,60
30777,182687,0,1000,0,0,0,60,60
30778,182698,0,1000,38546,0,0,60,60
30779,182703,0,1000,0,0,0,60,60
30780,182704,0,1000,30781,0,0,60,60
30781,182705,0,1000,30782,0,0,60,60
30782,182706,0,1000,30783,0,0,60,60
30783,182707,0,1000,0,0,0,60,60
30784,0,0,2000,30780,0,0,60,60
30785,182708,0,1000,0,0,0,60,60
30787,182537,0,1000,30789,0,0,60,60
30789,182504,0,1000,30772,0,0,60,60
30790,182534,0,0,30791,0,0,60,60
30791,0,0,1500,30792,0,0,60,60
30792,182535,0,0,30793,0,0,60,60
30793,0,0,1750,30794,0,0,60,60
30794,182505,0,0,30795,0,0,60,60
30795,0,0,2200,30796,0,0,60,60
30796,182501,0,0,30797,0,0,60,60
30797,0,0,3000,30798,0,0,60,60
30798,182452,0,0,30878,0,0,60,60
30799,182709,0,1000,30800,0,0,60,60
30800,182710,0,1000,30801,0,0,60,60
30801,182711,0,1000,30802,0,0,60,60
30802,182712,0,1000,30803,0,0,60,60
30803,182713,0,1000,30804,0,0,60,60
30804,182714,0,1000,0,0,0,60,60
30805,182529,0,0,30806,0,0,60,60
30806,0,0,2000,30807,0,0,60,60
30807,182526,0,0,30808,0,0,60,60
30808,0,0,2000,30809,0,0,60,60
30809,182513,0,0,30810,0,0,60,60
30810,0,0,2500,30811,0,0,60,60
30811,182499,0,0,31499,0,0,60,60
30813,182716,0,1000,30814,0,0,60,60
30814,182717,0,1000,0,0,0,60,60
30815,182528,0,0,30816,0,0,60,60
30816,0,0,3000,30817,0,0,60,60
30817,182539,0,0,30818,0,0,60,60
30818,0,0,1500,30819,0,0,60,60
30819,182533,0,1500,30820,0,0,60,60
30820,0,0,2500,30821,0,0,60,60
30821,182454,0,0,30880,0,0,60,60
30822,182538,0,0,30823,0,0,60,60
30823,0,0,3250,30829,0,0,60,60
30829,182481,0,0,30881,0,0,60,60
30831,182480,0,0,30832,0,0,60,60
30832,0,0,2500,30833,0,0,60,60
30833,182498,0,0,30834,0,0,60,60
30834,0,0,2500,30835,0,0,60,60
30835,182503,0,0,30836,0,0,60,60
30836,0,0,1250,30837,0,0,60,60
30837,182507,0,0,30925,0,0,60,60
30843,182734,0,1000,0,0,0,60,60
30844,182733,0,1000,30845,0,0,60,60
30845,182735,0,1000,30846,0,0,60,60
30846,182736,0,1000,0,0,0,60,60
30848,182740,0,1000,37610,0,0,60,60
30849,197772,0,1000,37609,0,0,60,60
30851,182748,0,0,0,0,0,60,60
30854,182753,0,1000,0,0,0,60,60
30855,182755,0,1000,0,0,0,60,60
30856,182764,0,4000,30857,0,0,60,60
30857,182765,0,4000,30858,0,0,60,60
30858,182762,0,4000,30859,0,0,60,60
30859,182761,0,4000,30860,0,0,60,60
30860,182763,0,4000,0,0,0,60,60
30861,182771,0,1000,30862,0,0,60,60
30862,182776,0,1000,0,0,0,60,60
30863,182783,0,0,0,0,0,60,60
30864,182784,0,1000,30948,0,0,60,60
30865,182788,0,0,0,0,0,60,60
30866,182785,0,0,0,0,0,60,60
30867,182786,0,0,0,0,0,60,60
30868,182787,0,0,0,0,0,60,60
30869,182792,0,1000,0,0,0,60,60
30870,177684,0,1000,29018,0,0,60,60
30871,182791,0,1000,0,0,0,60,60
30872,182815,0,1000,0,0,0,60,60
30873,182816,0,1000,0,0,0,60,60
30874,182817,0,1000,0,0,0,60,60
30875,182818,0,1000,0,0,0,60,60
30876,182823,0,1000,0,0,0,60,60
30877,0,0,0,0,0,0,60,60
30878,0,0,0,0,0,0,60,60
30879,0,0,0,0,0,0,60,60
30880,0,0,0,0,0,0,60,60
30881,0,0,0,0,0,0,60,60
30882,0,0,0,0,0,0,60,60
30886,182852,0,0,30954,0,0,60,60
30887,182853,0,1000,0,0,0,60,60
30891,0,0,1000,30740,0,0,60,60
30893,182901,0,3000,30894,0,0,60,60
30894,182902,0,3000,30895,0,0,60,60
30895,182903,0,1000,36081,0,0,60,60
30896,182905,0,3000,30899,0,0,60,60
30899,182906,0,3000,30900,0,0,60,60
30900,182907,0,3000,0,0,0,60,60
30901,0,0,2000,30902,0,0,60,60
30902,182911,0,0,0,0,0,60,60
30903,182914,0,3000,30904,0,0,60,60
30904,182915,0,3000,30905,0,0,60,60
30905,182916,0,3000,0,0,0,60,60
30906,0,0,2000,30907,0,0,60,60
30907,182912,0,0,0,0,0,60,60
30908,182936,0,0,0,0,0,60,60
30910,182933,0,1000,36560,0,0,60,60
30911,182934,0,0,31400,0,0,60,60
30912,182935,0,3000,31388,0,0,60,60
30913,182969,0,1000,30914,0,0,60,60
30914,182973,0,1000,30915,0,0,60,60
30915,182974,0,1000,30916,0,0,60,60
30916,182975,0,1000,30917,0,0,60,60
30917,182976,0,1000,30918,0,0,60,60
30918,182977,0,1000,0,0,0,60,60
30921,183005,0,3000,30922,0,0,60,60
30922,183006,0,3000,30923,0,0,60,60
30923,183007,0,1000,0,0,0,60,60
30924,182874,0,0,0,0,0,60,60
30925,0,0,3000,30926,0,0,60,60
30926,183032,0,0,30882,0,0,60,60
30927,183040,0,1000,30928,0,0,60,60
30928,183041,0,1000,30929,0,0,60,60
30929,183042,0,1000,30930,0,0,60,60
30930,183043,0,1000,0,0,0,60,60
30932,183045,0,3000,30934,0,0,60,60
30934,183047,0,1000,30936,0,0,60,60
30936,183049,0,1000,30937,0,0,60,60
30937,183050,0,1000,30938,0,0,60,60
30938,183051,0,1000,30939,0,0,60,60
30939,183052,0,1000,30940,0,0,60,60
30940,183053,0,1000,0,0,0,60,60
30946,183100,0,0,0,0,0,60,60
30947,183123,0,0,0,0,0,60,60
30948,183185,0,0,0,0,0,60,60
30954,183202,0,0,0,0,0,60,60
30959,183208,0,1000,30960,0,0,60,60
30960,183209,0,1000,30961,0,0,60,60
30961,183210,0,1000,0,0,0,60,60
30965,183215,0,1000,0,0,0,60,60
30969,183223,0,1000,30965,0,0,60,60
30981,183247,0,1000,30982,0,0,60,60
30982,183249,0,1000,0,0,0,60,60
30984,183304,0,1000,0,0,0,60,60
30985,183385,0,0,31020,0,0,60,60
30986,183179,0,0,0,0,0,60,60
30989,183418,0,0,30990,0,0,60,60
30990,183419,0,0,0,0,0,60,60
30996,183420,0,0,30997,0,0,60,60
30997,183421,0,0,0,0,0,60,60
30999,183454,0,1000,0,0,0,60,60
31000,183455,0,1000,0,0,0,60,60
31002,183461,0,1000,0,0,0,60,60
31003,183462,0,1000,0,0,0,60,60
31004,183469,0,1000,0,0,0,60,60
31006,183475,0,1000,0,0,0,60,60
31008,183474,0,0,0,0,0,60,60
31010,183305,0,2000,31011,0,0,60,60
31011,183306,0,2000,0,0,0,60,60
31012,183464,0,1000,31013,0,0,60,60
31013,183466,0,1000,0,0,0,60,60
31014,183465,0,1000,31015,0,0,60,60
31015,183468,0,1000,0,0,0,60,60
31016,183463,0,1000,31017,0,2,60,60
31017,183467,0,1000,0,0,0,60,60
31020,183388,0,0,0,0,1,60,60
31038,183516,0,1000,0,0,0,60,60
31041,183535,0,0,31042,0,0,60,60
31042,183536,0,0,0,0,0,60,60
31043,183537,0,0,31044,0,0,60,60
31044,183538,0,0,0,0,0,60,60
31045,183551,0,0,0,0,0,60,60
31046,183545,0,0,31048,0,0,60,60
31048,183547,0,0,31049,0,0,60,60
31049,183548,0,0,0,0,0,60,60
31050,183543,0,0,31051,0,0,60,60
31051,183544,0,0,0,0,0,60,60
31052,183541,0,0,31053,0,0,60,60
31053,183542,0,0,0,0,0,60,60
31054,183540,0,0,31055,0,0,60,60
31055,183539,0,0,0,0,0,60,60
31056,183556,0,0,31045,0,0,60,60
31057,183589,0,1000,31058,0,0,60,60
31058,183590,0,1000,31059,0,0,60,60
31059,183591,0,1000,37335,0,0,60,60
31061,183633,0,1000,0,0,0,60,60
31062,183634,0,0,31063,0,0,60,60
31063,183636,0,0,0,0,0,60,60
31070,183643,0,1000,0,0,1,60,60
31071,183644,0,1000,0,0,1,60,60
31072,183646,0,0,31073,0,1,60,60
31073,183647,0,0,31074,0,0,60,60
31074,183648,0,0,0,0,1,60,60
31075,183649,0,1000,0,0,0,60,60
31076,183650,0,0,31077,0,0,60,60
31077,183651,0,0,31078,0,0,60,60
31078,183652,0,0,0,0,0,60,60
31079,183184,0,0,0,0,0,60,60
31080,183307,0,0,31081,0,0,60,60
31081,0,0,1500,0,0,0,60,60
31083,182485,0,0,0,0,0,60,60
31084,182486,0,0,31085,0,0,60,60
31085,0,0,1000,0,0,0,60,60
31087,183656,0,0,31088,0,0,60,60
31088,183657,0,0,31089,0,1,60,60
31089,183405,0,1500,31092,0,0,60,60
31092,183407,0,0,31172,0,0,60,60
31093,183412,0,0,31097,0,0,60,60
31097,183414,0,0,31099,0,0,60,60
31099,183415,0,0,31101,0,0,60,60
31101,183416,0,0,31103,0,0,60,60
31103,183429,0,0,31105,0,0,60,60
31105,183440,0,0,31108,0,0,60,60
31108,183660,0,1000,31455,0,0,60,60
31111,183442,0,0,31112,0,0,60,60
31112,0,0,1500,31113,0,0,60,60
31113,183443,0,0,31114,0,0,60,60
31114,0,0,1000,31115,0,0,60,60
31115,183444,0,0,31263,0,0,60,60
31116,183668,0,3000,31117,0,0,60,60
31117,183669,0,2000,0,0,0,60,60
31118,182405,0,0,0,0,0,60,60
31119,183650,0,0,31120,0,0,60,60
31120,183651,0,0,31121,0,0,60,60
31121,183652,0,0,0,0,0,60,60
31128,183664,0,4000,31129,0,0,60,60
31129,183665,0,4000,0,0,0,60,60
31131,183706,0,1000,31133,0,0,60,60
31132,183707,0,3000,31134,0,0,60,60
31133,183708,0,3000,31132,0,0,60,60
31134,183709,0,1000,0,0,0,60,60
31135,183710,0,3000,31136,0,0,60,60
31136,183711,0,3000,31137,0,0,60,60
31137,183712,0,1000,0,0,0,60,60
31138,0,0,1000,31258,0,0,60,60
31139,183714,0,4000,31140,0,0,60,60
31140,183715,0,3000,0,0,0,60,60
31141,183719,0,1000,31142,0,0,60,60
31142,183720,0,1000,0,0,0,60,60
31143,183721,0,1000,31144,0,0,60,60
31144,183722,0,1000,0,0,0,60,60
31145,183723,0,1000,0,0,0,60,60
31146,183724,0,1000,31147,0,0,60,60
31147,183725,0,1000,31148,0,0,60,60
31148,183726,0,1000,31149,0,0,60,60
31149,183727,0,1000,0,0,0,60,60
31150,183182,0,0,0,0,0,60,60
31151,183716,0,3000,0,0,0,60,60
31152,183731,0,3000,31151,0,0,60,60
31153,183732,0,1000,0,0,0,60,60
31154,183733,0,1000,31184,0,0,60,60
31155,183734,0,1000,31197,0,0,60,60
31156,183736,0,0,31157,0,0,60,60
31157,183737,0,0,0,0,0,60,60
31165,163994,0,1500,31169,0,0,60,60
31169,163998,0,1500,31171,0,0,60,60
31171,164000,0,0,0,0,0,60,60
31172,0,0,0,0,0,0,60,60
31173,178587,0,1000,30655,0,0,60,60
31174,183801,0,1000,0,0,0,60,60
31175,183804,0,3000,31176,0,0,60,60
31176,183805,0,1000,0,0,0,60,60
31177,183806,0,1000,0,0,0,60,60
31178,183807,0,3000,31211,0,0,60,60
31179,183808,0,1000,0,0,0,60,60
31180,183822,0,1000,0,0,0,60,60
31181,179458,0,1000,31182,0,0,60,60
31182,179459,0,1000,31183,0,0,60,60
31183,179460,0,0,0,0,0,60,60
31184,183831,0,1000,31185,0,0,60,60
31185,183832,0,3000,31201,0,0,60,60
31197,183838,0,0,31198,0,0,60,60
31198,183839,0,0,31199,0,0,60,60
31199,183840,0,0,31200,0,0,60,60
31200,183841,0,0,0,0,0,60,60
31201,183833,0,2000,31202,0,1,60,60
31202,183834,0,5000,31203,0,1,60,60
31203,183835,0,5000,31204,0,1,60,60
31204,183836,0,5000,31205,0,1,60,60
31205,183837,0,0,0,0,1,60,60
31206,179464,0,0,0,0,0,60,60
31209,183844,0,2000,31210,0,0,60,60
31210,183845,0,2000,0,0,0,60,60
31211,183847,0,2000,31212,0,0,60,60
31212,183848,0,0,0,0,0,60,60
31213,183849,0,1000,31214,0,0,60,60
31214,183850,0,1000,31215,0,0,60,60
31215,183851,0,1000,31216,0,0,60,60
31216,183853,0,1000,31217,0,0,60,60
31217,183854,0,1000,31218,0,1,60,60
31218,183855,0,1000,31219,0,0,60,60
31219,183856,0,1000,31220,0,1,60,60
31220,183857,0,1000,31221,0,0,60,60
31221,183858,0,1000,31222,0,1,60,60
31222,183859,0,1000,31223,0,0,60,60
31223,183861,0,1000,31224,0,1,60,60
31224,183862,0,0,31225,0,0,60,60
31225,183863,0,2000,31226,0,1,60,60
31226,183864,0,1000,31227,0,1,60,60
31227,183865,0,1000,31228,0,1,60,60
31228,183866,0,0,31229,0,2,60,60
31229,183867,0,1000,31230,0,0,60,60
31230,183868,0,2000,32757,0,1,60,60
31231,183869,0,2000,31232,0,0,60,60
31232,183870,0,1000,31233,0,0,60,60
31233,183871,0,1000,31234,0,0,60,60
31234,183872,0,3000,31235,0,0,60,60
31235,183873,0,1000,31236,0,0,60,60
31236,183874,0,0,0,0,0,60,60
31237,183875,0,1000,31238,0,0,60,60
31238,183876,0,3000,31239,0,0,60,60
31239,183877,0,1000,31240,0,0,60,60
31240,183878,0,2000,31241,0,0,60,60
31241,183879,0,2000,31242,0,0,60,60
31242,183880,0,0,0,0,0,60,60
31243,183882,0,0,0,0,0,60,60
31244,183883,0,0,0,0,0,60,60
31245,183884,0,2000,31246,0,0,60,60
31246,183885,0,0,31247,0,0,60,60
31247,183886,0,0,35785,0,0,60,60
31248,183887,0,0,0,0,0,60,60
31249,183888,0,2000,35788,0,0,60,60
31250,183889,0,0,0,0,0,60,60
31251,183890,0,1000,31252,0,0,60,60
31252,183891,0,1000,31253,0,0,60,60
31253,183892,0,0,0,0,0,60,60
31254,183232,0,1000,31255,0,0,60,60
31255,183234,0,1000,31256,0,0,60,60
31256,183257,0,1000,33977,0,0,60,60
31257,0,0,500,30996,0,0,60,60
31258,183893,0,3000,31135,0,0,60,60
31259,183906,0,4000,31260,0,0,60,60
31260,183907,0,4000,31272,0,0,60,60
31263,0,0,0,0,0,0,60,60
31264,0,0,2000,31259,0,0,60,60
31266,183913,0,0,0,0,0,60,60
31268,154502,0,500,31269,0,0,60,60
31269,154504,0,500,31270,0,0,60,60
31270,154126,0,500,31271,0,0,60,60
31271,154128,0,0,0,0,0,60,60
31272,183908,0,1000,0,0,0,60,60
31273,0,0,2000,31274,0,0,60,60
31274,183911,0,4000,31277,0,0,60,60
31277,183910,0,1000,0,0,0,60,60
31278,0,0,2000,31279,0,0,60,60
31279,183943,0,4000,0,0,0,60,60
31280,0,0,2000,31281,0,0,60,60
31281,183944,0,4000,0,0,0,60,60
31282,182411,0,0,0,0,0,60,60
31284,179615,0,0,31285,0,0,60,60
31285,179616,0,0,0,0,0,60,60
31286,183972,0,1000,31287,0,0,60,60
31287,183973,0,1000,0,0,0,60,60
31290,0,0,5000,30750,0,0,60,60
31291,183980,0,1000,0,0,0,60,60
31292,183982,0,1000,0,0,0,60,60
31294,183922,0,1000,31295,0,1,60,60
31295,183923,0,0,0,0,1,60,60
31296,183985,0,4000,0,0,0,60,60
31297,183993,0,1000,31298,0,0,60,60
31298,183994,0,1000,31299,0,0,60,60
31299,183995,0,1000,0,0,0,60,60
31302,184002,0,1000,31303,0,0,60,60
31303,184003,0,0,0,0,0,60,60
31304,0,0,2000,31305,0,0,60,60
31305,183797,0,1000,0,0,0,60,60
31306,0,0,2000,31307,0,0,60,60
31307,184012,0,0,31308,0,0,60,60
31308,184013,0,4000,29549,0,0,60,60
31309,184014,0,1000,0,0,0,60,60
31311,184023,0,0,31312,0,0,60,60
31312,184024,0,0,31313,0,0,60,60
31313,184025,0,0,0,0,0,60,60
31319,184029,0,1000,0,0,0,60,60
31320,184028,0,1000,31322,0,0,60,60
31321,184030,0,1000,37270,0,0,60,60
31322,184031,0,1000,31321,0,0,60,60
31323,184035,0,1000,0,0,0,60,60
31324,184036,0,1000,0,0,0,60,60
31325,184040,0,0,36266,0,0,60,60
31330,184036,0,1000,0,0,0,60,60
31331,184056,0,1000,0,0,0,60,60
31332,184065,0,0,31694,0,0,60,60
31335,184070,0,0,31336,0,1,60,60
31336,184072,0,0,31693,0,1,60,60
31337,184058,0,2000,31338,0,1,60,60
31338,184083,0,1000,31339,0,0,60,60
31339,184059,0,2000,31340,0,0,60,60
31340,184061,0,3000,31341,0,0,60,60
31341,184063,0,0,33998,0,0,60,60
31342,184085,0,3000,31343,0,0,60,60
31343,184086,0,1000,31344,0,1,60,60
31344,184087,0,3000,31345,0,0,60,60
31345,184088,0,1000,31695,0,0,60,60
31346,184089,0,3000,0,0,0,60,60
31348,184101,0,6000,0,0,0,60,60
31349,184102,0,1000,0,0,0,60,60
31350,184105,0,1000,0,0,0,60,60
31351,184114,0,1000,31352,0,0,60,60
31352,184115,0,1000,0,0,0,60,60
31353,203751,0,1000,0,0,0,60,60
31357,203752,0,1000,0,0,0,60,60
31359,184132,0,1000,0,0,0,60,60
31360,184141,0,1000,0,0,0,60,60
31361,184142,0,1000,0,0,0,60,60
31362,184143,0,1000,0,0,0,60,60
31363,184145,0,1000,0,0,0,60,60
31364,184147,0,1000,0,0,0,60,60
31365,184148,0,1000,0,0,0,60,60
31366,184150,0,1000,0,0,0,60,60
31367,184149,0,1000,0,0,0,60,60
31368,184151,0,1000,0,0,0,60,60
31369,184144,0,2000,0,0,0,60,60
31371,184153,0,1000,0,0,0,60,60
31372,184154,0,1000,0,0,0,60,60
31373,184113,0,0,31700,0,0,60,60
31374,184152,0,0,33991,0,1,60,60
31375,184125,0,0,0,0,0,60,60
31376,184155,0,2000,34000,0,1,60,60
31377,184156,0,2000,31378,0,0,60,60
31378,184157,0,3000,31379,0,0,60,60
31379,184158,0,5000,0,0,0,60,60
31380,184159,0,2000,0,0,0,60,60
31382,184168,0,1000,36096,0,0,60,60
31383,184233,0,1000,31393,0,0,60,60
31388,184228,0,3000,31389,0,0,60,60
31389,184229,0,1000,31390,0,0,60,60
31390,184230,0,5000,31391,0,0,60,60
31391,184231,0,1000,31392,0,0,60,60
31392,184232,0,0,0,0,0,60,60
31393,184234,0,1000,31394,0,0,60,60
31394,184235,0,3000,31395,0,0,60,60
31395,184236,0,0,0,0,0,60,60
31396,184241,0,0,0,0,0,60,60
31397,184240,0,0,0,0,0,60,60
31398,184238,0,0,31401,0,0,60,60
31399,184242,0,2000,31418,0,0,60,60
31400,183216,0,0,0,0,0,60,60
31401,184239,0,0,0,0,0,60,60
31402,184243,0,1000,31403,0,0,60,60
31403,184244,0,1000,0,0,0,60,60
31406,184254,0,5000,34001,0,0,60,60
31407,184256,0,0,31408,0,1,60,60
31408,184257,0,7000,0,0,0,60,60
31409,184258,0,0,31410,0,0,60,60
31410,184259,0,7000,31704,0,0,60,60
31411,184262,0,1000,31415,0,0,60,60
31412,184260,0,8000,0,0,0,60,60
31415,184264,0,1000,36568,0,0,60,60
31418,184267,0,1000,31402,0,0,60,60
31419,0,0,2000,31383,0,0,60,60
31420,0,0,2000,31398,0,0,60,60
31421,0,0,2000,31397,0,0,60,60
31422,0,0,2000,31396,0,0,60,60
31423,184272,0,1000,0,0,0,60,60
31424,184273,0,1000,0,0,0,60,60
31425,184274,0,1000,30768,0,0,60,60
31427,183062,0,4000,31437,0,0,60,60
31428,184276,0,9000,0,0,0,60,60
31430,184278,0,0,0,0,0,60,60
31431,184255,0,0,0,0,1,60,60
31434,184285,0,4000,0,0,0,60,60
31437,184279,0,4000,31440,0,0,60,60
31440,184282,0,0,0,0,0,60,60
31441,184289,0,1000,31442,0,1,60,60
31442,184290,0,1000,31443,0,1,60,60
31443,184291,0,1000,0,0,1,60,60
31444,184064,0,2000,33999,0,0,60,60
31445,184321,0,1000,36093,0,0,60,60
31450,0,0,2000,31452,0,0,60,60
31452,0,0,2000,31456,0,0,60,60
31453,0,0,0,0,0,0,60,60
31455,184335,0,0,0,0,0,60,60
31456,0,0,0,31453,0,0,60,60
31460,184390,0,1000,0,0,0,60,60
31461,184392,0,1000,0,0,0,60,60
31462,184393,0,1000,0,0,0,60,60
31463,184431,0,2000,31464,0,0,60,60
31464,184432,0,2000,31465,0,0,60,60
31465,184433,0,2000,0,0,0,60,60
31467,184435,0,2000,0,0,0,60,60
31468,184437,0,1000,0,0,0,60,60
31469,184438,0,1000,31470,0,0,60,60
31470,184439,0,1000,0,0,0,60,60
31471,184440,0,0,31472,0,0,60,60
31472,184441,0,0,31473,0,0,60,60
31473,184442,0,0,31474,0,0,60,60
31474,184443,0,2000,31475,0,0,60,60
31475,184444,0,0,35742,0,0,60,60
31477,184446,0,3000,0,0,0,60,60
31483,184456,0,1000,31484,0,0,60,60
31484,184457,0,1000,0,0,0,60,60
31485,184464,0,1000,31486,0,0,60,60
31486,184466,0,1000,31487,0,0,60,60
31487,184467,0,1000,31575,0,0,60,60
31488,0,0,0,0,0,0,60,60
31489,184470,0,5000,31490,0,0,60,60
31490,184518,0,5000,31496,0,0,60,60
31491,184519,0,1000,0,0,0,60,60
31492,184521,0,1000,0,0,0,60,60
31493,184522,0,1000,0,0,0,60,60
31494,0,0,3000,31495,0,0,60,60
31495,184523,0,1000,0,0,0,60,60
31496,184524,0,1000,0,0,0,60,60
31497,0,0,0,0,0,0,60,60
31498,0,0,0,29394,0,0,60,60
31499,0,0,1000,31500,0,0,60,60
31500,184544,0,0,30879,0,0,60,60
31507,178694,0,1000,29421,0,0,60,60
31511,184558,0,1000,31513,0,0,60,60
31513,184560,0,1000,0,0,0,60,60
31514,184571,0,0,0,0,0,60,60
31516,0,0,1500,31514,0,0,60,60
31517,178911,0,4000,0,0,0,60,60
31538,183391,0,0,31539,0,0,60,60
31539,183392,0,0,32728,0,0,60,60
31575,184584,0,1000,0,0,0,60,60
31576,184448,0,3000,31577,0,0,60,60
31577,184449,0,3000,31579,0,0,60,60
31579,184451,0,3000,37621,0,0,60,60
31580,184597,0,1000,0,0,0,60,60
31581,184601,0,1000,0,0,0,60,60
31582,0,0,4000,31471,0,0,60,60
31583,184591,0,1000,31584,0,0,60,60
31584,184598,0,1000,31585,0,0,60,60
31585,184592,0,1000,31586,0,0,60,60
31586,184599,0,1000,31587,0,0,60,60
31587,184593,0,1000,31588,0,1,60,60
31588,184600,0,1000,0,0,0,60,60
31589,0,0,10000,31057,0,0,60,60
31590,190976,0,2000,0,0,4,60,60
31592,184640,0,1000,0,0,0,60,60
31593,184644,0,1000,31594,0,0,60,60
31594,184645,0,1000,34538,0,0,60,60
31596,184655,0,2000,0,0,0,60,60
31597,184435,0,2000,0,0,0,60,60
31598,184686,0,1000,31599,0,0,60,60
31599,184687,0,1000,0,0,0,60,60
31601,184699,0,1000,31604,0,0,60,60
31604,184702,0,1000,0,0,0,60,60
31606,184707,0,0,31622,0,0,60,60
31607,184716,0,0,31608,0,0,60,60
31608,184717,0,0,0,0,0,60,60
31609,184718,0,0,31610,0,0,60,60
31610,184719,0,0,0,0,0,60,60
31611,184767,0,1000,31612,0,0,60,60
31612,184768,0,1000,31613,0,0,60,60
31613,184769,0,1000,31614,0,0,60,60
31614,184770,0,1000,0,0,0,60,60
31615,184771,0,1000,31616,0,0,60,60
31616,184772,0,1000,0,0,0,60,60
31617,184777,0,0,0,0,0,60,60
31619,184790,0,0,31621,0,0,60,60
31621,184792,0,1000,0,0,0,60,60
31622,184796,0,0,0,0,0,60,60
31623,184798,0,1000,34646,0,0,60,60
31624,184794,0,0,31625,0,0,60,60
31625,184795,0,0,0,0,0,60,60
31626,182889,0,0,31627,0,1,60,60
31627,182890,0,0,31628,0,1,60,60
31628,182887,0,0,31629,0,1,60,60
31629,184251,0,0,0,0,1,60,60
31630,183445,0,0,31631,0,1,60,60
31631,183446,0,0,31632,0,1,60,60
31632,183447,0,0,31633,0,1,60,60
31633,183448,0,0,31634,0,1,60,60
31634,183449,0,0,31635,0,1,60,60
31635,183450,0,0,31636,0,1,60,60
31636,183451,0,0,31637,0,1,60,60
31637,183452,0,0,31638,0,1,60,60
31638,183453,0,0,0,0,1,60,60
31639,182892,0,8000,31640,0,1,60,60
31640,184727,0,0,31641,0,1,60,60
31641,184728,0,0,31642,0,1,60,60
31642,184730,0,0,0,0,1,60,60
31643,182895,0,0,0,0,1,60,60
31644,182894,0,0,0,0,1,60,60
31645,184823,0,3000,0,0,0,60,60
31647,184825,0,5000,37606,0,0,60,60
31649,184724,0,0,31650,0,1,60,60
31650,184725,0,0,31651,0,1,60,60
31651,184726,0,0,0,0,1,60,60
31652,184827,0,1000,0,0,0,60,60
31655,184734,0,0,0,0,1,60,60
31658,184834,0,0,0,0,0,60,60
31660,184841,0,0,0,0,0,60,60
31661,184838,0,0,32760,0,0,60,60
31662,184844,0,1000,31664,0,0,60,60
31664,184846,0,1000,31665,0,0,60,60
31665,184847,0,1000,0,0,0,60,60
31666,181004,0,3000,31667,0,0,60,60
31667,181003,0,3000,31669,0,0,60,60
31668,181090,0,1000,0,0,0,60,60
31669,180820,0,5000,31668,0,0,60,60
31671,184852,0,1000,31672,0,1,60,60
31672,184853,0,1000,37587,0,0,60,60
31673,185020,0,1000,31674,0,0,60,60
31674,185021,0,1000,0,0,0,60,60
31675,184861,0,0,31681,0,0,60,60
31676,184588,0,0,31677,0,0,60,60
31677,184590,0,0,31678,0,0,60,60
31678,184589,0,0,31679,0,0,60,60
31679,184857,0,0,31675,0,0,60,60
31680,184862,0,0,0,0,0,60,60
31681,184855,0,0,31682,0,0,60,60
31682,184860,0,0,31683,0,0,60,60
31683,184856,0,0,31684,0,0,60,60
31684,184859,0,0,31680,0,0,60,60
31687,184690,0,1000,31688,0,0,60,60
31688,184884,0,1000,0,0,0,60,60
31689,184885,0,1000,31690,0,0,60,60
31690,184886,0,1000,31691,0,0,60,60
31691,184887,0,1000,0,0,0,60,60
31692,179463,0,1000,0,0,0,60,60
31693,184915,0,0,0,0,1,60,60
31694,184916,0,0,33985,0,2,60,60
31695,184917,0,0,33990,0,0,60,60
31698,184919,0,0,31699,0,1,60,60
31699,184920,0,0,33988,0,1,60,60
31700,184922,0,0,31374,0,2,60,60
31701,184918,0,0,31698,0,2,60,60
31702,184924,0,0,31431,0,2,60,60
31703,184931,0,1000,0,0,0,60,60
31704,184925,0,0,34002,0,2,60,60
31705,184926,0,0,31706,0,0,60,60
31706,184927,0,0,31707,0,0,60,60
31707,184929,0,0,34004,0,0,60,60
31708,185138,0,1000,31709,0,0,60,60
31709,189204,0,0,0,0,0,60,60
31711,184981,0,0,31713,0,0,60,60
31712,184988,0,0,31714,0,1,60,60
31713,184982,0,0,35746,0,0,60,60
31714,184983,0,0,31715,0,0,60,60
31715,184984,0,0,31716,0,0,60,60
31716,184985,0,0,31717,0,0,60,60
31717,184986,0,0,31718,0,0,60,60
31718,184987,0,0,0,0,0,60,60
31719,184989,0,1000,31720,0,0,60,60
31720,184990,0,1000,31721,0,0,60,60
31721,184991,0,0,31722,0,0,60,60
31722,184993,0,1000,31723,0,0,60,60
31723,184996,0,0,0,0,0,60,60
31724,184994,0,0,31725,0,0,60,60
31725,184997,0,0,31727,0,0,60,60
31727,185002,0,0,31728,0,2,60,60
31728,184999,0,0,31729,0,0,60,60
31729,185000,0,0,31730,0,0,60,60
31730,185001,0,0,31731,0,1,60,60
31731,185003,0,0,31733,0,2,60,60
31732,185004,0,0,31765,0,0,60,60
31733,185005,0,0,31732,0,0,60,60
31734,185006,0,0,31735,0,0,60,60
31735,185007,0,0,0,0,0,60,60
31736,185008,0,0,31737,0,0,60,60
31737,185009,0,0,0,0,0,60,60
31738,185017,0,1000,0,0,0,60,60
31739,185026,0,1000,0,0,0,60,60
31740,185025,0,0,31739,0,0,60,60
31741,182506,0,1000,0,0,0,60,60
31742,185032,0,1000,31743,0,0,60,60
31743,185033,0,1000,0,0,0,60,60
31745,185057,0,1000,31747,0,0,60,60
31747,185059,0,1000,31748,0,0,60,60
31748,185060,0,1000,31749,0,0,60,60
31749,185061,0,1000,31755,0,0,60,60
31755,185067,0,1000,31756,0,0,60,60
31756,185068,0,1000,31758,0,0,60,60
31758,185070,0,1000,31759,0,0,60,60
31759,185071,0,1000,31760,0,0,60,60
31760,185072,0,1000,31761,0,0,60,60
31761,185073,0,1000,31762,0,0,60,60
31762,0,0,0,0,0,0,60,60
31763,185075,0,1000,31764,0,0,60,60
31764,185078,0,0,0,0,0,60,60
31765,185074,0,0,31766,0,0,60,60
31766,185076,0,0,31767,0,0,60,60
31767,185077,0,0,31768,0,0,60,60
31768,185079,0,0,31769,0,0,60,60
31769,185080,0,0,0,0,2,60,60
31770,185082,0,3000,31771,0,0,60,60
31771,185083,0,0,0,0,0,60,60
31775,185095,0,0,0,0,0,60,60
31776,185141,0,0,31777,0,0,60,60
31777,185142,0,0,32773,0,0,60,60
31778,185143,0,0,31779,0,0,60,60
31779,185144,0,0,0,0,0,60,60
31780,0,0,5000,31776,0,0,60,60
31781,185148,0,3000,0,0,0,60,60
31782,0,0,1000,31770,0,0,60,60
31783,185160,0,1000,0,0,0,60,60
31784,185161,0,1000,0,0,0,60,60
31785,185163,0,1000,31786,0,0,60,60
31786,185164,0,3000,31787,0,0,60,60
31787,185165,0,2000,31788,0,1,60,60
31788,185166,0,1000,31789,0,0,60,60
31789,185167,0,1000,31790,0,1,60,60
31790,185168,0,2000,31791,0,1,60,60
31791,185169,0,1000,31792,0,1,60,60
31792,185170,0,6000,31793,0,1,60,60
31793,185171,0,1000,31794,0,0,60,60
31794,185172,0,1000,31795,0,0,60,60
31795,185173,0,0,0,0,0,60,60
31797,185178,0,2000,31799,0,0,60,60
31799,185174,0,1000,31800,0,0,60,60
31800,185176,0,1000,31801,0,0,60,60
31801,185177,0,1000,0,0,0,60,60
31803,185180,0,0,31805,0,0,60,60
31805,185182,0,0,0,0,0,60,60
31807,185183,0,0,31808,0,0,60,60
31808,185184,0,0,35441,0,0,60,60
31811,185188,0,0,0,0,0,60,60
31813,185194,0,1000,31814,0,0,60,60
31814,185191,0,1000,34189,0,0,60,60
31816,185193,0,1000,0,0,0,60,60
31818,185203,0,0,34359,0,0,60,60
31820,185205,0,0,0,0,2,60,60
31821,185206,0,1000,37497,0,0,60,60
31824,185208,0,1000,31825,0,0,60,60
31825,185209,0,0,31827,0,0,60,60
31827,185212,0,1000,0,0,0,60,60
31828,185213,0,3000,0,0,0,60,60
31829,185222,0,1000,31830,0,0,60,60
31830,185224,0,1000,0,0,0,60,60
31836,185267,0,0,0,0,0,60,60
31839,185282,0,1000,31840,0,0,60,60
31840,185283,0,1000,31841,0,0,60,60
31841,185284,0,0,31842,0,2,60,60
31842,185285,0,0,0,0,0,60,60
31845,185317,0,0,31846,0,0,60,60
31846,185318,0,0,31847,0,0,60,60
31847,185323,0,0,0,0,0,60,60
31849,185333,0,2000,0,0,0,60,60
31850,185319,0,2000,0,0,0,60,60
31853,185351,0,1000,31854,0,0,60,60
31854,185353,0,1000,31855,0,0,60,60
31855,185354,0,1000,31856,0,0,60,60
31856,185363,0,1000,31857,0,0,60,60
31857,185366,0,1000,0,0,0,60,60
31859,185330,0,0,31860,0,0,60,60
31860,185331,0,0,0,0,0,60,60
31861,185373,0,2000,0,0,0,60,60
31862,185359,0,2000,31863,0,0,60,60
31863,185360,0,2000,31952,0,0,60,60
31867,185147,0,1000,31868,0,0,60,60
31868,185149,0,1000,31869,0,0,60,60
31869,185150,0,1000,31870,0,0,60,60
31870,185151,0,1000,0,0,0,60,60
31871,185355,0,1000,31872,0,0,60,60
31872,185356,0,1000,31873,0,0,60,60
31873,185357,0,1000,31874,0,0,60,60
31874,185358,0,1000,0,0,0,60,60
31875,185154,0,1000,31876,0,0,60,60
31876,185155,0,1000,0,0,0,60,60
31877,185337,0,1000,31878,0,0,60,60
31878,185338,0,1000,0,0,0,60,60
31879,185344,0,1000,31880,0,0,60,60
31880,185345,0,1000,0,0,0,60,60
31881,185350,0,1000,0,0,0,60,60
31882,185450,0,1000,36536,0,0,60,60
31885,185455,0,0,0,0,0,60,60
31887,185461,0,0,31888,0,0,60,60
31888,185462,0,1000,31889,0,0,60,60
31889,185463,0,0,31890,0,0,60,60
31890,185465,0,0,0,0,0,60,60
31891,185467,0,2000,31893,0,0,60,60
31893,185469,0,2000,31899,0,0,60,60
31895,185475,0,1000,31896,0,0,60,60
31896,185476,0,0,36534,0,0,60,60
31897,185477,0,1000,31898,0,0,60,60
31898,185478,0,1000,36537,0,0,60,60
31899,185346,0,1000,0,0,0,60,60
31900,185374,0,1000,31901,0,0,60,60
31901,185375,0,1000,31902,0,0,60,60
31902,185376,0,1000,32580,0,0,60,60
31903,185377,0,1000,0,0,0,60,60
31904,185485,0,1000,31905,0,0,60,60
31905,185486,0,1000,0,0,0,60,60
31906,185482,0,0,31907,0,0,60,60
31907,185483,0,0,31908,0,0,60,60
31908,185484,0,0,0,0,0,60,60
31910,185488,0,1000,0,0,0,60,60
31911,185489,0,1000,31910,0,0,60,60
31912,185490,0,1000,31913,0,0,60,60
31913,185491,0,1000,0,0,0,60,60
31914,185501,0,0,31915,0,1,60,60
31915,185504,0,1000,31916,0,0,60,60
31916,185506,0,1000,36539,0,0,60,60
31917,185509,0,1000,31918,0,1,60,60
31918,185515,0,0,36541,0,0,60,60
31921,185548,0,1000,31922,0,0,60,60
31922,185549,0,1000,31923,0,0,60,60
31923,185550,0,1000,31924,0,0,60,60
31924,185551,0,1000,31925,0,2,60,60
31925,185552,0,0,0,0,0,60,60
31926,185553,0,1000,0,0,0,60,60
31927,185381,0,1000,31928,0,0,60,60
31928,185382,0,1000,31929,0,0,60,60
31929,185383,0,1000,0,0,0,60,60
31930,185385,0,1000,31931,0,0,60,60
31931,185386,0,1000,31932,0,0,60,60
31932,185388,0,1000,0,0,0,60,60
31933,185389,0,1000,31934,0,0,60,60
31934,185390,0,1000,31935,0,0,60,60
31935,185391,0,1000,0,0,0,60,60
31936,185392,0,1000,31937,0,0,60,60
31937,185393,0,1000,31938,0,0,60,60
31938,185394,0,1000,31939,0,0,60,60
31939,185395,0,1000,31941,0,0,60,60
31941,185398,0,1000,31942,0,0,60,60
31942,185399,0,1000,0,0,0,60,60
31943,185554,0,0,36542,0,0,60,60
31944,185555,0,1000,0,0,0,60,60
31946,185379,0,1000,31947,0,0,60,60
31947,185380,0,1000,0,0,0,60,60
31948,185557,0,1000,31949,0,0,60,60
31949,185558,0,1000,36546,0,0,60,60
31950,185559,0,1000,31951,0,0,60,60
31951,185560,0,1000,36543,0,0,60,60
31952,185561,0,0,0,0,0,60,60
31953,185562,0,1000,31954,0,0,60,60
31954,185563,0,1000,36545,0,0,60,60
31955,185565,0,0,0,0,1,60,60
31956,185566,0,1000,31957,0,0,60,60
31957,185567,0,1000,31958,0,0,60,60
31958,185568,0,0,0,0,0,60,60
31959,185575,0,5000,31960,0,0,60,60
31960,185576,0,5000,31961,0,0,60,60
31961,185577,0,5000,31962,0,0,60,60
31962,185578,0,5000,31963,0,0,60,60
31963,185580,0,5000,31964,0,0,60,60
31964,185579,0,0,0,0,0,60,60
31965,185581,0,5000,31966,0,0,60,60
31966,185582,0,5000,31967,0,0,60,60
31967,185583,0,5000,31968,0,0,60,60
31968,185584,0,5000,31969,0,0,60,60
31969,185585,0,5000,31970,0,0,60,60
31970,185586,0,0,0,0,0,60,60
31971,185587,0,5000,31972,0,0,60,60
31972,185588,0,5000,31973,0,0,60,60
31973,185589,0,5000,31974,0,0,60,60
31974,185590,0,5000,31975,0,0,60,60
31975,185591,0,5000,31976,0,0,60,60
31976,185592,0,0,0,0,0,60,60
31977,185593,0,5000,31978,0,0,60,60
31978,185594,0,5000,31979,0,0,60,60
31979,185595,0,5000,31980,0,0,60,60
31980,185596,0,5000,31981,0,0,60,60
31981,185597,0,5000,31982,0,0,60,60
31982,185598,0,0,0,0,0,60,60
31983,185599,0,1000,0,0,0,60,60
31984,185600,0,1000,0,0,0,60,60
31985,185601,0,1000,0,0,0,60,60
31986,185602,0,1000,0,0,0,60,60
31993,0,0,1000,31997,0,0,60,60
31997,185617,0,0,31998,0,0,60,60
31998,185618,0,0,31999,0,0,60,60
31999,185619,0,1000,38200,0,0,60,60
32001,185642,0,1000,32002,0,0,60,60
32002,185643,0,1000,32003,0,0,60,60
32003,185644,0,1000,32004,0,0,60,60
32004,185645,0,1000,0,0,0,60,60
32006,185648,0,4000,32007,0,0,60,60
32007,185649,0,0,38172,0,0,60,60
32008,0,0,13000,32009,0,0,60,60
32009,185652,0,1000,32010,0,0,60,60
32010,185653,0,1000,32011,0,0,60,60
32011,185654,0,1000,32012,0,0,60,60
32012,185655,0,1000,32013,0,0,60,60
32013,185656,0,1000,32015,0,0,60,60
32015,185658,0,1000,32016,0,0,60,60
32016,185659,0,1000,32017,0,0,60,60
32017,185660,0,0,0,0,0,60,60
32018,185668,0,1000,0,0,0,60,60
32020,0,0,3000,32187,0,0,60,60
32021,185671,0,4000,32023,0,0,60,60
32023,185672,0,16000,32025,0,0,60,60
32025,185673,0,3500,33787,0,0,60,60
32027,179279,0,0,32028,0,0,60,60
32028,0,0,0,32190,0,0,60,60
32029,176391,0,1000,28167,0,0,60,60
32030,185676,0,2000,32031,0,0,60,60
32031,185677,0,2000,32032,0,0,60,60
32032,185678,0,2000,32033,0,0,60,60
32033,185681,0,2000,0,0,0,60,60
32037,185704,0,1000,0,0,0,60,60
32040,173310,0,1000,32042,0,0,60,60
32042,173311,0,1000,32747,0,0,60,60
32043,173309,0,2000,27041,0,0,60,60
32044,185716,0,1000,32045,0,0,60,60
32045,185717,0,1000,32046,0,0,60,60
32046,185718,0,1000,0,0,0,60,60
32047,185675,0,0,0,0,0,60,60
32048,183738,0,0,32049,0,0,60,60
32049,183739,0,0,32050,0,0,60,60
32050,183740,0,0,32054,0,0,60,60
32051,183741,0,0,32052,0,0,60,60
32052,183742,0,0,0,0,0,60,60
32054,183953,0,0,32051,0,0,60,60
32055,185728,0,1000,32056,0,1,60,60
32056,185729,0,1000,32060,0,4,60,60
32057,177698,0,1000,32058,0,0,60,60
32058,177699,0,1000,32059,0,0,60,60
32059,177700,0,1000,0,0,0,60,60
32060,0,0,0,0,0,0,60,60
32061,185731,0,0,31649,0,0,60,60
32062,183743,0,0,32063,0,0,60,60
32063,183952,0,0,32064,0,0,60,60
32064,183744,0,0,32065,0,0,60,60
32065,183745,0,0,0,0,0,60,60
32066,183746,0,0,32067,0,0,60,60
32067,183747,0,0,32068,0,0,60,60
32068,183748,0,0,32069,0,0,60,60
32069,183749,0,0,32070,0,0,60,60
32070,183894,0,0,0,0,0,60,60
32071,183750,0,0,32072,0,0,60,60
32072,183751,0,0,32073,0,0,60,60
32073,183752,0,0,0,0,0,60,60
32074,183753,0,0,32075,0,0,60,60
32075,183754,0,0,0,0,0,60,60
32076,183755,0,0,32077,0,0,60,60
32077,183756,0,0,32078,0,0,60,60
32078,183757,0,0,32079,0,0,60,60
32079,183758,0,0,0,0,0,60,60
32080,183759,0,0,32081,0,0,60,60
32081,183760,0,0,32082,0,0,60,60
32082,183761,0,0,32083,0,0,60,60
32083,183762,0,0,32084,0,0,60,60
32084,183763,0,0,32085,0,0,60,60
32085,183764,0,0,32086,0,0,60,60
32086,183765,0,0,0,0,0,60,60
32087,183766,0,0,32088,0,0,60,60
32088,183767,0,0,32089,0,0,60,60
32089,183768,0,0,32090,0,0,60,60
32090,183769,0,0,32091,0,0,60,60
32091,183770,0,0,0,0,0,60,60
32092,183771,0,0,32093,0,0,60,60
32093,183772,0,0,32094,0,0,60,60
32094,183773,0,0,32095,0,0,60,60
32095,183774,0,0,32096,0,0,60,60
32096,183775,0,0,32097,0,0,60,60
32097,183776,0,0,32098,0,0,60,60
32098,183777,0,0,32099,0,0,60,60
32099,183778,0,0,32100,0,0,60,60
32100,183779,0,0,32101,0,0,60,60
32101,183780,0,0,32102,0,0,60,60
32102,183781,0,0,32103,0,0,60,60
32103,183782,0,0,0,0,0,60,60
32104,185765,0,1000,32105,0,0,60,60
32105,185766,0,1000,32106,0,0,60,60
32106,185770,0,1000,37699,0,0,60,60
32107,185771,0,1000,32108,0,0,60,60
32108,185773,0,1000,32109,0,0,60,60
32109,185775,0,1000,0,0,0,60,60
32110,185781,0,1000,32111,0,0,60,60
32111,0,0,0,0,0,0,60,60
32114,185564,0,3000,32115,0,0,60,60
32115,185569,0,4000,32116,0,0,60,60
32116,185570,0,3000,32117,0,0,60,60
32117,185571,0,0,0,0,0,60,60
32122,185829,0,3000,32123,0,0,60,60
32123,185830,0,4000,32124,0,0,60,60
32124,185831,0,3000,0,0,0,60,60
32126,185844,0,1000,38858,0,0,60,60
32127,0,0,5000,32126,0,0,60,60
32128,0,0,2000,32129,0,0,60,60
32129,185845,0,0,0,0,0,60,60
32131,0,0,2000,32132,0,0,60,60
32132,185847,0,1000,0,0,0,60,60
32133,185848,0,0,0,0,0,60,60
32134,185851,0,1000,32135,0,0,60,60
32135,185854,0,1000,32136,0,1,60,60
32136,185855,0,1000,32137,0,0,60,60
32137,185856,0,1000,32138,0,1,60,60
32138,185857,0,1000,32139,0,0,60,60
32139,185858,0,0,0,0,1,60,60
32143,185861,0,3000,32144,0,0,60,60
32144,185862,0,3000,32145,0,0,60,60
32145,185863,0,3000,32146,0,0,60,60
32146,185864,0,0,0,0,0,60,60
32147,0,0,2000,32143,0,0,60,60
32148,0,0,2000,32149,0,0,60,60
32149,185865,0,5000,32150,0,0,60,60
32150,185866,0,5000,32151,0,0,60,60
32151,185867,0,0,0,0,0,60,60
32152,185870,0,1000,0,0,0,60,60
32157,185904,0,0,0,0,0,60,60
32158,185905,0,0,0,0,1,60,60
32159,185906,0,0,0,0,0,60,60
32160,185907,0,0,0,0,0,60,60
32161,185908,0,0,0,0,0,60,60
32162,185909,0,0,0,0,1,60,60
32163,185910,0,0,0,0,1,60,60
32165,185933,0,2000,0,0,0,60,60
32170,182456,0,1000,32171,0,0,60,60
32171,183499,0,0,32172,0,0,60,60
32172,182457,0,0,0,0,0,60,60
32174,185927,0,1000,32175,0,0,60,60
32175,185928,0,0,0,0,0,60,60
32178,0,0,1000,31606,0,0,60,60
32181,185940,0,3000,32182,0,0,60,60
32182,185941,0,0,0,0,0,60,60
32183,0,0,250,0,0,0,60,60
32184,185942,0,1000,0,0,0,60,60
32185,185943,0,2000,37947,0,0,60,60
32186,185944,0,1000,37948,0,0,60,60
32187,0,0,4000,32021,0,0,60,60
32190,0,0,3000,0,0,0,60,60
32194,185946,0,1000,0,0,0,60,60
32195,185952,0,1000,0,0,0,60,60
32196,185964,0,1000,32197,0,0,60,60
32197,185966,0,1000,32198,0,0,60,60
32198,185967,0,1000,32199,0,0,60,60
32199,185968,0,1000,32200,0,0,60,60
32200,185969,0,0,0,0,0,60,60
32202,185971,0,1000,32203,0,0,60,60
32203,185972,0,1000,32204,0,0,60,60
32204,185973,0,1000,32205,0,0,60,60
32205,185974,0,0,0,0,0,60,60
32206,185975,0,1000,32207,0,0,60,60
32207,185976,0,1000,32208,0,0,60,60
32208,185977,0,1000,32209,0,0,60,60
32209,185978,0,1000,32210,0,0,60,60
32210,185979,0,0,0,0,0,60,60
32211,185980,0,0,32212,0,1,60,60
32212,185981,0,0,32213,0,1,60,60
32213,185982,0,0,0,0,0,60,60
32214,185851,0,1000,32215,0,0,60,60
32215,185854,0,1000,32216,0,1,60,60
32216,185855,0,1000,32217,0,0,60,60
32217,185856,0,1000,32218,0,1,60,60
32218,185857,0,0,0,0,0,60,60
32222,0,0,330,31619,0,0,60,60
32223,186005,0,1000,0,0,0,60,60
32225,185858,0,2000,40358,0,0,60,60
32228,183784,0,0,32229,0,0,60,60
32229,183785,0,0,32230,0,0,60,60
32230,183786,0,0,32231,0,0,60,60
32231,183787,0,0,32232,0,0,60,60
32232,183788,0,0,0,0,0,60,60
32233,183783,0,0,0,0,0,60,60
32234,186027,0,1000,0,0,0,60,60
32240,182394,0,1000,32241,0,0,60,60
32241,182396,0,2000,32242,0,0,60,60
32242,182397,0,0,0,0,0,60,60
32244,186039,0,2000,0,0,0,60,60
32245,186040,0,1000,0,0,0,60,60
32247,186042,0,1000,0,0,0,60,60
32248,0,0,8000,32249,0,0,60,60
32249,186043,0,0,0,0,0,60,60
32250,186044,0,1000,32251,0,0,60,60
32251,186045,0,1000,0,0,0,60,60
32252,186046,0,0,0,0,0,60,60
32253,186047,0,0,0,0,0,60,60
32254,186048,0,1000,0,0,0,60,60
32255,186049,0,0,0,0,0,60,60
32256,186050,0,1000,32257,0,0,60,60
32257,186058,0,1000,0,0,0,60,60
32259,185758,0,1000,0,0,0,60,60
32260,185761,0,1000,32261,0,0,60,60
32261,185762,0,1000,0,0,0,60,60
32263,185759,0,1000,0,0,0,60,60
32264,182458,0,2000,32265,0,0,60,60
32265,182459,0,2000,32266,0,0,60,60
32266,182460,0,2000,32267,0,0,60,60
32267,182461,0,0,0,0,0,60,60
32268,185747,0,500,32269,0,0,60,60
32269,185752,0,1000,32272,0,0,60,60
32272,185748,0,500,32274,0,0,60,60
32274,185749,0,0,32524,0,0,60,60
32275,186051,0,1000,32276,0,0,60,60
32276,186052,0,1000,32277,0,0,60,60
32277,186053,0,1000,32278,0,0,60,60
32278,186054,0,1000,32279,0,0,60,60
32279,186055,0,1000,32280,0,0,60,60
32280,186056,0,1000,0,0,0,60,60
32281,0,0,2000,32263,0,0,60,60
32282,182514,0,2000,32283,0,0,60,60
32283,182515,0,2000,32284,0,0,60,60
32284,182521,0,2000,32285,0,0,60,60
32285,182525,0,0,0,0,0,60,60
32286,182549,0,1000,32287,0,1,60,60
32287,182551,0,1000,32288,0,1,60,60
32288,182550,0,1000,32289,0,1,60,60
32289,182553,0,2000,32290,0,1,60,60
32290,182554,0,0,0,0,1,60,60
32291,182615,0,1000,32292,0,0,60,60
32292,182616,0,0,0,0,0,60,60
32293,186065,0,3000,32294,0,0,60,60
32294,186066,0,3000,32295,0,0,60,60
32295,186067,0,3000,0,0,0,60,60
32296,180016,0,1000,32297,0,0,60,60
32297,180017,0,0,0,0,0,60,60
32298,186073,0,1000,0,0,0,60,60
32299,186074,0,1000,0,0,0,60,60
32300,186075,0,1000,0,0,0,60,60
32301,186076,0,1000,0,0,0,60,60
32302,186088,0,0,0,0,0,60,60
32304,186068,0,3000,32305,0,0,60,60
32305,186069,0,3000,32306,0,0,60,60
32306,186090,0,3000,0,0,0,60,60
32307,182662,0,1000,32308,0,0,60,60
32308,182663,0,0,0,0,0,60,60
32309,0,0,0,32310,0,0,60,60
32310,0,0,0,0,0,0,60,60
32312,186096,0,1000,32313,0,0,60,60
32313,186097,0,1000,0,0,0,60,60
32314,186095,0,1000,32312,0,0,60,60
32315,186101,0,1000,0,0,0,60,60
32316,186103,90959,0,0,0,0,60,60
32317,186104,90959,0,0,0,0,60,60
32319,186106,90959,0,0,0,0,60,60
32320,186107,90959,0,0,0,0,60,60
32321,186128,0,2000,32322,0,0,60,60
32322,186129,0,0,0,0,0,60,60
32323,186141,0,1000,0,0,0,60,60
32324,186127,0,0,0,0,0,60,60
32325,186156,0,4000,32327,0,0,60,60
32327,186158,0,1000,0,0,0,60,60
32328,186111,0,0,0,0,0,60,60
32329,186115,0,0,0,0,0,60,60
32330,0,0,4000,32331,0,0,60,60
32331,186159,0,2000,32332,0,0,60,60
32332,186160,0,2000,32333,0,0,60,60
32333,186161,0,2000,32362,0,0,60,60
32334,186162,0,2000,32335,0,0,60,60
32335,186163,0,2000,32337,0,0,60,60
32337,186165,0,0,0,0,0,60,60
32338,186169,0,1000,0,0,0,60,60
32339,186170,0,1000,0,0,0,60,60
32340,186120,0,1000,0,0,0,60,60
32341,186121,0,0,0,0,0,60,60
32342,186182,0,2000,32343,0,0,60,60
32343,186183,0,2000,32344,0,0,60,60
32344,186189,0,2000,32345,0,0,60,60
32345,186190,0,0,0,0,0,60,60
32346,182627,0,1000,32347,0,0,60,60
32347,182628,0,0,0,0,1,60,60
32348,182629,0,1000,32349,0,1,60,60
32349,182632,0,0,0,0,1,60,60
32350,182659,0,2000,0,0,0,60,60
32354,186184,0,4000,32355,0,0,60,60
32355,186185,0,1000,0,0,0,60,60
32356,182593,0,2000,32357,0,1,60,60
32357,182594,0,0,0,0,1,60,60
32358,182605,0,1000,32359,0,0,60,60
32359,184319,0,0,32360,0,0,60,60
32360,182606,0,0,0,0,0,60,60
32361,182607,0,1000,0,0,1,60,60
32362,186191,0,0,0,0,0,60,60
32363,182609,0,1000,32364,0,0,60,60
32364,186133,0,0,0,0,0,60,60
32367,186214,0,0,32368,0,0,60,60
32368,186215,0,0,0,0,0,60,60
32369,182552,0,0,32371,0,0,60,60
32370,186221,0,0,0,0,0,60,60
32371,182563,0,500,32372,0,0,60,60
32372,182583,0,0,32373,0,0,60,60
32373,182587,0,0,32374,0,0,60,60
32374,182588,0,0,32375,0,0,60,60
32375,184288,0,0,32376,0,0,60,60
32376,182592,0,0,0,0,0,60,60
32377,186225,0,5000,32378,0,0,60,60
32378,186226,0,5000,32379,0,0,60,60
32379,186227,0,0,32380,0,0,60,60
32380,186228,0,0,0,0,0,60,60
32381,186229,0,1000,32382,0,0,60,60
32382,186230,0,0,0,0,0,60,60
32383,0,0,2000,32384,0,0,60,60
32384,186242,0,0,32385,0,0,60,60
32385,186243,0,0,0,0,0,60,60
32386,186268,0,1000,32387,0,0,60,60
32387,186269,0,0,32388,0,0,60,60
32388,186270,0,0,0,0,0,60,60
32389,182688,0,0,0,0,0,60,60
32390,182691,0,0,0,0,0,60,60
32393,182693,0,2000,32397,0,0,60,60
32394,182695,0,2000,0,0,0,60,60
32395,182696,0,2000,32394,0,0,60,60
32397,182694,0,2000,32395,0,0,60,60
32405,182702,0,0,0,0,0,60,60
32406,0,0,1000,32407,0,0,60,60
32407,186290,0,0,0,0,0,60,60
32408,186293,0,1000,0,0,0,60,60
32409,0,0,1000,32408,0,0,60,60
32410,186294,0,3000,32411,0,0,60,60
32411,186295,0,1000,0,0,0,60,60
32412,107627,0,1000,34552,0,0,60,60
32413,0,0,1000,32414,0,0,60,60
32414,186102,0,1000,0,0,0,60,60
32415,186298,0,0,0,0,0,60,60
32416,0,0,2000,32417,0,0,60,60
32417,186304,0,1000,0,0,1,60,60
32418,186341,0,0,32419,0,0,60,60
32419,186342,0,0,32420,0,0,60,60
32420,186343,0,0,32421,0,0,60,60
32421,186344,0,0,32422,0,0,60,60
32422,186345,0,0,0,0,0,60,60
32423,186327,0,1000,32424,0,0,60,60
32424,186328,0,1000,0,0,0,60,60
32427,186349,0,0,32428,0,0,60,60
32428,186350,0,0,0,0,0,60,60
32429,182435,0,2000,32430,0,0,60,60
32430,182455,0,2000,0,0,0,60,60
32432,186352,0,0,32433,0,0,60,60
32433,186354,0,0,32434,0,0,60,60
32434,186356,0,0,32435,0,0,60,60
32435,186358,0,0,32436,0,0,60,60
32436,186360,0,1000,32444,0,0,60,60
32437,186353,0,0,32438,0,0,60,60
32438,186355,0,0,32439,0,0,60,60
32439,186357,0,0,32440,0,0,60,60
32440,186359,0,0,41788,0,0,60,60
32441,186361,0,1000,41789,0,0,60,60
32442,186326,0,1000,0,0,0,60,60
32443,186362,0,3000,0,0,0,60,60
32444,186366,0,0,0,0,0,60,60
32448,186378,0,2000,32450,0,0,60,60
32450,186380,0,1000,32451,0,0,60,60
32451,186381,0,1000,32452,0,0,60,60
32452,186382,0,2000,0,0,0,60,60
32453,186386,0,2000,32456,0,0,60,60
32456,186388,0,2000,32457,0,0,60,60
32457,186389,0,0,0,0,0,60,60
32458,186412,0,1000,32482,0,0,60,60
32459,182908,0,1000,0,0,0,60,60
32460,183034,0,1000,0,0,0,60,60
32461,186409,0,1000,32462,0,0,60,60
32462,186405,0,1000,0,0,0,60,60
32463,186307,0,0,0,0,0,60,60
32466,186314,0,0,32469,0,0,60,60
32469,186317,0,0,32471,0,0,60,60
32471,186320,0,0,32474,0,0,60,60
32474,186324,0,0,0,0,0,60,60
32476,186429,0,2000,32479,0,0,60,60
32479,186432,0,2000,32480,0,0,60,60
32480,186433,0,1000,0,0,0,60,60
32482,186441,0,0,0,0,0,60,60
32483,186442,0,0,38310,0,1,60,60
32484,186443,0,3000,0,0,0,60,60
32486,186454,0,3000,0,0,0,60,60
32487,186456,0,0,32488,0,0,60,60
32488,186457,0,0,0,0,0,60,60
32489,186465,0,0,0,0,0,60,60
32493,186462,0,1000,32494,0,0,60,60
32494,186463,0,1000,32495,0,0,60,60
32495,186464,0,1000,32846,0,0,60,60
32496,0,0,0,0,0,0,60,60
32497,186002,0,1000,0,0,0,60,60
32498,186508,0,2000,32499,0,0,60,60
32499,186509,0,0,0,0,0,60,60
32502,186512,0,0,0,0,0,60,60
32506,186516,0,0,32507,0,0,60,60
32507,186517,0,1000,0,0,0,60,60
32510,186520,0,0,32513,0,0,60,60
32513,186523,0,0,0,0,0,60,60
32515,186525,0,1000,32516,0,0,60,60
32516,186526,0,0,0,0,0,60,60
32523,0,0,2000,32502,0,0,60,60
32524,0,0,0,0,0,0,60,60
32525,185123,0,1000,32526,0,0,60,60
32526,185124,0,1000,32527,0,0,60,60
32527,185125,0,1000,32528,0,0,60,60
32528,185126,0,1000,32529,0,0,60,60
32529,185127,0,1000,32530,0,0,60,60
32530,185128,0,1000,32531,0,0,60,60
32531,185129,0,-100,32532,0,0,60,60
32532,185130,0,0,32533,0,0,60,60
32533,185131,0,0,0,0,0,60,60
32534,185732,0,1000,32535,0,0,60,60
32535,185733,0,1000,32536,0,0,60,60
32536,185734,0,1000,32537,0,0,60,60
32537,185735,0,1000,32538,0,0,60,60
32538,185736,0,1000,32539,0,0,60,60
32539,185737,0,1000,0,0,0,60,60
32540,185738,0,1000,32541,0,0,60,60
32541,185739,0,1000,32542,0,0,60,60
32542,185740,0,1000,32543,0,0,60,60
32543,185741,0,1000,32544,0,0,60,60
32544,185742,0,1000,32545,0,0,60,60
32545,185743,0,1000,32546,0,0,60,60
32546,185744,0,1000,32547,0,0,60,60
32547,185745,0,1000,32548,0,0,60,60
32548,185746,0,1000,0,0,0,60,60
32549,185022,0,1000,32550,0,0,60,60
32550,185023,0,1000,32551,0,0,60,60
32551,185024,0,1000,32552,0,0,60,60
32552,185027,0,1000,32553,0,0,60,60
32553,185028,0,0,32554,0,0,60,60
32554,185029,0,1000,32555,0,0,60,60
32555,185030,0,1000,32556,0,0,60,60
32556,185031,0,1000,0,0,0,60,60
32557,186553,0,3000,0,0,0,60,60
32558,184420,0,500,32559,0,0,60,60
32559,184421,0,500,32560,0,0,60,60
32560,184422,0,500,32561,0,0,60,60
32561,184423,0,500,32562,0,0,60,60
32562,184424,0,500,32563,0,0,60,60
32563,184425,0,500,0,0,0,60,60
32565,186562,0,3000,0,0,0,60,60
32566,186563,0,2000,32567,0,0,60,60
32567,186564,0,2000,34295,0,0,60,60
32568,186582,0,0,0,0,0,60,60
32569,186583,0,1000,32571,0,0,60,60
32571,186585,0,1000,32572,0,0,60,60
32572,186586,0,1000,0,0,0,60,60
32573,186589,0,1000,32574,0,0,60,60
32574,186590,0,1000,32575,0,0,60,60
32575,186591,0,1000,32576,0,0,60,60
32576,186592,0,2000,32577,0,0,60,60
32577,186593,0,0,0,0,0,60,60
32578,186594,0,2000,32579,0,0,60,60
32579,186595,0,0,0,0,0,60,60
32580,186606,0,0,31903,0,0,60,60
32581,186608,0,2000,32582,0,0,60,60
32582,186609,0,2000,32583,0,0,60,60
32583,186610,0,2000,32584,0,0,60,60
32584,186611,0,0,0,0,0,60,60
32585,186613,0,4000,32586,0,0,60,60
32586,186614,0,2000,32587,0,0,60,60
32587,186615,0,0,0,0,0,60,60
32588,186291,0,0,32589,0,0,60,60
32589,186292,0,0,0,0,0,60,60
32592,186655,0,2000,32594,0,0,60,60
32594,186657,0,2000,32595,0,0,60,60
32595,186658,0,2000,32596,0,0,60,60
32596,186659,0,0,0,0,0,60,60
32597,186689,0,1000,0,0,0,60,60
32598,186690,0,3000,0,0,0,60,60
32599,186692,0,0,32600,0,0,60,60
32600,0,0,2000,33305,0,0,60,60
32602,186694,0,0,0,0,0,60,60
32606,186734,0,1000,0,0,0,60,60
32607,186735,0,1000,0,0,0,60,60
32609,186740,0,1000,38373,0,0,60,60
32610,200691,0,1000,0,0,0,60,60
32611,184317,0,300,32612,0,0,60,60
32612,184324,0,300,32613,0,0,60,60
32613,184325,0,1000,32614,0,0,60,60
32614,184326,0,1000,32615,0,0,60,60
32615,184327,0,300,32616,0,0,60,60
32616,184328,0,300,32617,0,0,60,60
32617,184332,0,1000,32618,0,0,60,60
32618,184334,0,300,0,0,0,60,60
32619,185439,0,1000,32620,0,0,60,60
32620,185440,0,1000,32621,0,0,60,60
32621,185444,0,1000,32622,0,0,60,60
32622,185445,0,1000,32623,0,0,60,60
32623,185446,0,1000,32624,0,0,60,60
32624,185448,0,1000,0,0,0,60,60
32625,184486,0,1000,32626,0,0,60,60
32626,184488,0,1000,32627,0,0,60,60
32627,184489,0,1000,32628,0,0,60,60
32628,184490,0,1000,32629,0,0,60,60
32629,184492,0,1000,32630,0,0,60,60
32630,184493,0,1000,32631,0,0,60,60
32631,184494,0,1000,32632,0,0,60,60
32632,184496,0,1000,0,0,0,60,60
32633,183431,0,1000,32634,0,0,60,60
32634,183432,0,1000,32635,0,0,60,60
32635,183433,0,-100,32636,0,0,60,60
32636,183434,0,1000,32637,0,0,60,60
32637,183435,0,300,32638,0,0,60,60
32638,183436,0,1000,32639,0,0,60,60
32639,183437,0,1000,32640,0,0,60,60
32640,183438,0,1000,32641,0,0,60,60
32641,183439,0,300,0,0,0,60,60
32645,178867,0,1000,0,0,0,60,60
32651,178868,0,2000,32652,0,0,60,60
32652,178869,0,2000,32653,0,0,60,60
32653,178873,0,1000,0,0,0,60,60
32654,186742,0,1000,32655,0,0,60,60
32655,186744,0,1000,32656,0,0,60,60
32656,186743,0,1000,32657,0,0,60,60
32657,186745,0,1000,0,0,0,60,60
32658,0,0,1000,32651,0,0,60,60
32659,0,0,1000,32660,0,0,60,60
32660,183977,0,0,0,0,0,60,60
32670,186759,0,1000,32671,0,0,60,60
32671,186760,0,1000,0,0,0,60,60
32672,186761,0,1000,32673,0,0,60,60
32673,186762,0,0,0,0,0,60,60
32674,186767,0,1000,32678,0,0,60,60
32675,186770,0,1000,32679,0,0,60,60
32676,186772,0,1000,32680,0,0,60,60
32677,186773,0,1000,0,0,0,60,60
32678,0,0,0,0,0,0,60,60
32679,0,0,0,0,0,0,60,60
32680,0,0,0,0,0,0,60,60
32681,185010,0,250,32682,0,0,60,60
32682,185011,0,250,32683,0,0,60,60
32683,185012,0,250,32684,0,0,60,60
32684,185013,0,250,32685,0,0,60,60
32685,185015,0,250,32686,0,0,60,60
32686,185016,0,250,32687,0,0,60,60
32687,185018,0,250,32688,0,0,60,60
32688,185019,0,250,0,0,0,60,60
32689,186796,0,1000,32690,0,0,60,60
32690,186797,0,0,0,0,2,60,60
32691,186798,0,0,32689,0,0,60,60
32697,186810,0,0,33232,0,0,60,60
32699,186820,0,1000,0,0,0,60,60
32700,186825,0,1000,0,0,0,60,60
32701,186832,0,1500,32703,0,0,60,60
32703,186836,0,1500,32704,0,0,60,60
32704,186837,0,2000,32705,0,0,60,60
32705,186839,0,1500,33090,0,0,60,60
32706,186840,0,1500,32707,0,0,60,60
32707,186841,0,0,34332,0,0,60,60
32708,186844,0,0,32709,0,0,60,60
32709,186845,0,0,0,0,0,60,60
32710,186851,0,1000,0,0,0,60,60
32711,186853,0,0,32712,0,0,60,60
32712,186854,0,0,0,0,0,60,60
32713,186855,0,1000,0,0,0,60,60
32714,186863,0,1000,32715,0,0,60,60
32715,186864,0,1000,32716,0,0,60,60
32716,186865,0,1000,0,0,0,60,60
32717,169340,0,0,35650,0,0,60,60
32718,186574,0,0,0,0,0,60,60
32719,186576,0,0,0,0,0,60,60
32720,0,0,1000,31070,0,0,60,60
32721,186873,0,1000,32722,0,0,60,60
32722,186874,0,0,32723,0,0,60,60
32723,186875,0,0,0,0,0,60,60
32725,186877,0,1000,0,0,0,60,60
32726,180175,0,0,0,0,0,60,60
32727,180168,0,1000,0,0,0,60,60
32728,183397,0,0,32729,0,0,60,60
32729,183404,0,0,0,0,0,60,60
32730,186143,0,0,0,0,0,60,60
32733,185774,0,1000,32896,0,0,60,60
32734,185777,0,1000,32895,0,0,60,60
32735,185772,0,1000,32894,0,0,60,60
32737,186929,0,1000,0,0,0,60,60
32738,185797,0,1000,32890,0,0,60,60
32739,185802,0,1000,32892,0,0,60,60
32740,185800,0,1000,32893,0,0,60,60
32741,185801,0,1000,0,0,0,60,60
32742,185764,0,1000,0,0,0,60,60
32743,185768,0,1000,0,0,0,60,60
32745,177583,0,2000,28883,0,0,60,60
32746,185767,0,1000,0,0,0,60,60
32747,178510,0,1000,0,0,0,60,60
32748,186932,0,1000,0,0,0,60,60
32749,186930,0,1000,0,0,0,60,60
32750,186933,0,1000,0,0,0,60,60
32751,186931,0,1000,0,0,0,60,60
32752,186934,0,1000,0,0,0,60,60
32755,179880,0,3000,32756,0,1,60,60
32756,180222,0,0,0,0,0,60,60
32757,186941,0,1000,31231,0,0,60,60
32760,186348,0,1000,0,0,0,60,60
32761,186970,0,1000,0,0,0,60,60
32762,186965,0,1000,32763,0,0,60,60
32763,186966,0,1000,32764,0,0,60,60
32764,186967,0,1000,32765,0,0,60,60
32765,186968,0,1000,0,0,0,60,60
32766,186843,0,6000,0,0,0,60,60
32767,163161,0,6000,32768,0,0,60,60
32768,163164,0,4000,32769,0,0,60,60
32769,162584,0,3000,32770,0,0,60,60
32770,163163,0,4000,32771,0,0,60,60
32771,163162,0,4000,32772,0,0,60,60
32772,164523,0,6000,0,0,0,60,60
32773,186983,0,25000,32774,0,0,60,60
32774,186986,0,5000,31778,0,0,60,60
32775,187028,0,0,32776,0,0,60,60
32776,187029,0,0,0,0,0,60,60
32777,187026,0,1000,32778,0,0,60,60
32778,187027,0,1000,32779,0,0,60,60
32779,187030,0,1000,32780,0,0,60,60
32780,187031,0,1000,0,0,0,60,60
32781,187032,0,6000,32782,0,0,60,60
32782,187033,0,4000,32783,0,0,60,60
32783,187034,0,5000,32784,0,0,60,60
32784,187035,0,4000,32785,0,0,60,60
32785,187036,0,8000,32786,0,0,60,60
32786,187037,0,3000,0,0,0,60,60
32787,186984,0,1000,32788,0,0,60,60
32788,186985,0,1000,32789,0,0,60,60
32789,186987,0,1000,32790,0,0,60,60
32790,186988,0,1000,32791,0,0,60,60
32791,186989,0,1000,32792,0,0,60,60
32792,186990,0,1000,0,0,0,60,60
32793,186991,0,1000,32794,0,0,60,60
32794,186999,0,1000,32795,0,0,60,60
32795,186993,0,1000,32796,0,0,60,60
32796,186992,0,1000,32797,0,0,60,60
32797,187000,0,1000,0,0,0,60,60
32798,187001,0,1000,32799,0,0,60,60
32799,187002,0,1000,32800,0,0,60,60
32800,187003,0,1000,32801,0,0,60,60
32801,187004,0,1000,32802,0,0,60,60
32802,187005,0,1000,32803,0,0,60,60
32803,187008,0,1000,0,0,0,60,60
32804,187009,0,1000,32805,0,0,60,60
32805,187010,0,1000,32806,0,0,60,60
32806,187011,0,1000,32807,0,0,60,60
32807,187012,0,5000,32808,0,0,60,60
32808,187013,0,1000,32809,0,0,60,60
32809,187014,0,1000,32810,0,0,60,60
32810,187015,0,0,32811,0,0,60,60
32811,187016,0,0,0,0,0,60,60
32812,187017,0,1000,32813,0,0,60,60
32813,187018,0,1000,32814,0,0,60,60
32814,187019,0,1000,32815,0,0,60,60
32815,187020,0,1000,32816,0,0,60,60
32816,187021,0,1000,32817,0,0,60,60
32817,187022,0,1000,32818,0,0,60,60
32818,187023,0,1000,32819,0,0,60,60
32819,187024,0,1000,0,0,0,60,60
32820,187039,0,0,32821,0,0,60,60
32821,187042,0,0,32822,0,0,60,60
32822,187043,0,0,32823,0,0,60,60
32823,187044,0,0,32824,0,0,60,60
32824,187045,0,0,32825,0,0,60,60
32825,187046,0,0,32826,0,0,60,60
32826,187047,0,0,32827,0,0,60,60
32827,187048,0,0,32828,0,0,60,60
32828,187049,0,0,32829,0,0,60,60
32829,187038,0,0,0,0,0,60,60
32830,187051,0,0,0,0,0,60,60
32831,187054,0,1000,32832,0,0,60,60
32832,187055,0,1000,0,0,0,60,60
32833,186813,0,1000,0,0,1,60,60
32834,187057,0,3000,34030,0,0,60,60
32837,187059,0,1000,0,0,0,60,60
32838,179881,0,2000,32839,0,0,60,60
32839,179882,0,0,0,0,0,60,60
32841,187092,0,3000,33560,0,0,60,60
32843,0,0,1000,32777,0,0,60,60
32844,187101,0,3000,32845,0,0,60,60
32845,187106,0,3000,0,0,0,60,60
32846,187114,0,0,0,0,0,60,60
32847,186779,0,0,0,0,0,60,60
32849,186782,0,2000,32850,0,0,60,60
32850,186783,0,2000,32851,0,0,60,60
32851,186784,0,2000,32852,0,0,60,60
32852,186785,0,0,0,0,0,60,60
32853,187137,0,4000,32855,0,0,60,60
32854,188383,0,3000,33551,0,0,60,60
32855,187139,0,2000,32854,0,0,60,60
32856,0,0,2000,32321,0,0,60,60
32857,0,0,1000,32849,0,0,60,60
32858,186695,0,3000,32859,0,0,60,60
32859,186696,0,0,0,0,0,60,60
32860,187141,0,3000,0,0,0,60,60
32861,187145,0,0,0,0,0,60,60
32862,187146,0,3000,32863,0,0,60,60
32863,187152,0,4000,32864,0,0,60,60
32864,187154,0,3000,32865,0,0,60,60
32865,187157,0,3000,0,0,0,60,60
32866,187142,0,1000,0,0,1,60,60
32867,187160,0,1000,0,0,0,60,60
32868,187161,0,2000,0,0,0,60,60
32869,187164,0,1000,0,0,0,60,60
32870,187162,0,3000,32871,0,0,60,60
32871,187163,0,3000,32872,0,0,60,60
32872,187165,0,4000,0,0,0,60,60
32874,0,0,3000,32875,0,0,60,60
32875,187166,0,0,32876,0,0,60,60
32876,187167,0,0,32877,0,0,60,60
32877,187168,0,0,32878,0,0,60,60
32878,187169,0,0,32879,0,0,60,60
32879,187173,0,0,32880,0,0,60,60
32880,187174,0,0,32881,0,0,60,60
32881,0,0,5000,32882,0,0,60,60
32882,187183,0,0,32883,0,0,60,60
32883,187184,0,0,0,0,0,60,60
32884,186573,0,1000,0,0,0,60,60
32885,186572,0,1000,0,0,0,60,60
32886,186571,0,1000,0,0,0,60,60
32887,186578,0,1000,0,0,0,60,60
32888,187189,0,2000,32889,0,0,60,60
32889,187190,0,1000,0,0,1,60,60
32890,186569,0,1000,32891,0,0,60,60
32891,186570,0,0,0,0,0,60,60
32892,186581,0,1000,0,0,0,60,60
32893,186580,0,1000,32741,0,0,60,60
32894,186580,0,1000,0,0,0,60,60
32895,186581,0,1000,0,0,0,60,60
32896,186569,0,1000,32897,0,0,60,60
32897,186570,0,1000,0,0,0,60,60
32898,186569,0,1000,32899,0,0,60,60
32899,186570,0,1000,0,0,0,60,60
32900,186581,0,1000,0,0,0,60,60
32901,186580,0,1000,0,0,0,60,60
32902,187216,0,1000,0,0,0,60,60
32903,187219,0,1000,36629,0,0,60,60
32904,187223,0,1000,0,0,0,60,60
32905,187227,0,0,32906,0,0,60,60
32906,187231,0,0,32907,0,0,60,60
32907,187232,0,0,0,0,0,60,60
32908,187233,0,2000,32909,0,0,60,60
32909,187234,0,1000,0,0,1,60,60
32915,183313,0,0,32916,0,0,60,60
32916,183314,0,0,32917,0,0,60,60
32917,183315,0,0,32918,0,0,60,60
32918,183316,0,0,32919,0,0,60,60
32919,183317,0,0,32926,0,0,60,60
32920,187254,0,1000,32921,0,0,60,60
32921,187255,0,1000,0,0,0,60,60
32922,0,0,1000,32923,0,0,60,60
32923,187259,0,1000,0,0,0,60,60
32924,187260,0,1000,32925,0,0,60,60
32925,187261,0,1000,0,0,0,60,60
32926,0,0,0,0,0,0,60,60
32927,187290,0,0,0,0,0,60,60
32929,187284,0,4000,0,0,0,60,60
32932,187319,0,1000,32933,0,0,60,60
32933,187320,0,1000,0,0,0,60,60
32948,187414,0,1000,32949,0,0,60,60
32949,187415,0,1000,32950,0,0,60,60
32950,187416,0,1000,0,0,0,60,60
32951,187420,0,1000,32952,0,0,60,60
32952,187421,0,1000,0,0,0,60,60
32955,187429,0,3000,0,0,0,60,60
32956,187430,0,1000,0,0,0,60,60
32957,187435,0,1000,0,0,0,60,60
32958,184103,0,0,32959,0,0,60,60
32959,186094,0,0,0,0,0,60,60
32960,187437,0,3000,32961,0,0,60,60
32961,187438,0,2000,33928,0,0,60,60
32963,187440,0,1000,32964,0,0,60,60
32964,187441,0,2000,0,0,0,60,60
32967,189309,0,1000,0,0,0,60,60
32968,187448,0,1000,0,0,0,60,60
32969,187442,0,0,32971,0,0,60,60
32971,187444,0,0,0,0,0,60,60
32975,187451,0,1000,0,0,0,60,60
32976,184337,0,500,32977,0,0,60,60
32977,184338,0,500,32978,0,0,60,60
32978,184339,0,500,32979,0,0,60,60
32979,184340,0,500,32980,0,0,60,60
32980,184341,0,500,0,0,0,60,60
32981,184342,0,0,32982,0,0,60,60
32982,184343,0,0,32983,0,0,60,60
32983,184344,0,0,32984,0,0,60,60
32984,184345,0,0,0,0,0,60,60
32985,187462,0,1000,0,0,0,60,60
32986,187463,0,1000,0,0,0,60,60
32987,184351,0,0,32988,0,0,60,60
32988,184352,0,0,32989,0,0,60,60
32989,184353,0,0,32990,0,0,60,60
32990,184354,0,0,32991,0,0,60,60
32991,184355,0,0,32992,0,0,60,60
32992,184356,0,0,32993,0,0,60,60
32993,184357,0,0,0,0,0,60,60
32994,187467,0,4000,0,0,0,60,60
32995,187468,0,1000,0,0,0,60,60
32996,184358,0,500,32997,0,0,60,60
32997,184359,0,500,32998,0,0,60,60
32998,184360,0,500,32999,0,0,60,60
32999,184361,0,500,33000,0,0,60,60
33000,184362,0,500,0,0,0,60,60
33001,184363,0,0,33002,0,0,60,60
33002,184364,0,0,33003,0,0,60,60
33003,184365,0,0,33004,0,0,60,60
33004,184366,0,0,33005,0,0,60,60
33005,184367,0,0,33006,0,0,60,60
33006,184368,0,0,33007,0,0,60,60
33007,184369,0,0,0,0,0,60,60
33008,184370,0,0,33009,0,0,60,60
33009,184371,0,0,33010,0,0,60,60
33010,184372,0,0,33011,0,0,60,60
33011,184373,0,0,33012,0,0,60,60
33012,184374,0,0,33013,0,0,60,60
33013,184375,0,0,33014,0,0,60,60
33014,184376,0,0,0,0,0,60,60
33015,184396,0,500,33016,0,0,60,60
33016,184397,0,500,33017,0,0,60,60
33017,184398,0,500,33018,0,0,60,60
33018,184399,0,500,33019,0,0,60,60
33019,184400,0,500,0,0,0,60,60
33020,184401,0,0,33021,0,0,60,60
33021,184402,0,0,33022,0,0,60,60
33022,184403,0,0,33023,0,0,60,60
33023,184404,0,0,33024,0,0,60,60
33024,184405,0,0,33025,0,0,60,60
33025,184406,0,0,33026,0,0,60,60
33026,184407,0,0,0,0,0,60,60
33027,184408,0,500,33028,0,0,60,60
33028,184409,0,500,33029,0,0,60,60
33029,184410,0,500,33030,0,0,60,60
33030,184411,0,500,33031,0,0,60,60
33031,184412,0,500,33032,0,0,60,60
33032,184413,0,500,33033,0,0,60,60
33033,184414,0,500,33034,0,0,60,60
33034,184415,0,500,0,0,0,60,60
33035,184416,0,0,33036,0,0,60,60
33036,184417,0,0,33037,0,0,60,60
33037,184418,0,0,33038,0,0,60,60
33038,184419,0,0,0,0,0,60,60
33039,0,0,2000,33040,0,0,60,60
33040,187476,0,0,0,0,0,60,60
33041,187264,0,1000,0,0,0,60,60
33042,187494,0,0,33041,0,0,60,60
33046,187483,0,2000,33047,0,0,60,60
33047,187484,0,2000,33048,0,0,60,60
33048,187506,0,2000,33049,0,0,60,60
33049,187507,0,2000,0,0,0,60,60
33051,187514,0,1000,0,0,0,60,60
33052,0,0,1000,33051,0,0,60,60
33053,187515,0,1000,0,0,0,60,60
33054,187516,0,2000,33055,0,0,60,60
33055,187517,0,2000,33056,0,0,60,60
33056,187518,0,2000,33057,0,0,60,60
33057,187519,0,2000,40357,0,0,60,60
33058,187526,0,1000,0,0,0,60,60
33059,187528,0,1000,0,0,0,60,60
33060,184384,0,2000,0,0,0,60,60
33061,187536,0,1000,33062,0,0,60,60
33062,187537,0,1000,33063,0,0,60,60
33063,187539,0,1000,33064,0,0,60,60
33064,187540,0,1000,33065,0,0,60,60
33065,187541,0,1000,33066,0,0,60,60
33066,187543,0,1000,0,0,0,60,60
33067,187544,0,1000,33068,0,0,60,60
33068,187545,0,1000,33069,0,0,60,60
33069,187546,0,1000,33070,0,0,60,60
33070,187547,0,1000,0,0,0,60,60
33071,187550,0,1500,33073,0,0,60,60
33073,187552,0,1500,33074,0,0,60,60
33074,187553,0,1500,33075,0,0,60,60
33075,187554,0,1500,33076,0,0,60,60
33076,187555,0,1000,33077,0,0,60,60
33077,187556,0,1500,33078,0,0,60,60
33078,187557,0,1500,0,0,0,60,60
33079,187558,0,1000,0,0,0,60,60
33080,187559,0,0,0,0,0,60,60
33082,187560,0,1000,33083,0,0,60,60
33083,187565,0,0,36685,0,0,60,60
33084,187567,0,1000,0,0,0,60,60
33086,187577,0,1000,33087,0,0,60,60
33087,187578,0,1000,0,0,0,60,60
33088,187580,0,1000,36686,0,0,60,60
33089,187581,0,1000,0,0,0,60,60
33090,187583,0,1000,32706,0,0,60,60
33091,187589,0,1000,0,0,0,60,60
33092,187593,0,0,36687,0,0,60,60
33093,187590,0,1000,33092,0,0,60,60
33094,187592,0,1000,0,0,0,60,60
33095,187594,0,1000,0,0,0,60,60
33096,187595,0,3000,33097,0,0,60,60
33097,187596,0,4000,33099,0,0,60,60
33099,187602,0,4000,0,0,0,60,60
33100,187603,0,1000,33104,0,0,60,60
33104,187607,0,2000,33105,0,0,60,60
33105,187608,0,2000,33107,0,0,60,60
33106,187609,0,1000,0,0,0,60,60
33107,187610,0,1000,0,0,0,60,60
33109,191403,0,0,34314,0,0,60,60
33111,187623,0,0,0,0,0,60,60
33128,187633,0,1000,33129,0,0,60,60
33129,187634,0,1000,0,0,0,60,60
33130,187635,0,1000,0,0,0,60,60
33132,187639,0,4000,33133,0,0,60,60
33133,187640,0,1000,33134,0,0,60,60
33134,187645,0,1000,0,0,0,60,60
33136,194617,0,0,0,0,0,60,60
33169,187643,0,1000,33170,0,0,60,60
33170,187647,0,1000,33171,0,0,60,60
33171,187648,0,1000,33172,0,0,60,60
33172,187649,0,1000,0,0,0,60,60
33174,185674,0,0,0,0,0,60,60
33175,181374,0,0,0,0,0,60,60
33176,187723,0,2000,33177,0,0,60,60
33177,187724,0,0,0,0,0,60,60
33178,187728,0,3000,0,0,0,60,60
33179,182610,0,0,33180,0,0,60,60
33180,182611,0,0,0,0,0,60,60
33181,187715,0,0,0,0,0,60,60
33182,187717,0,0,0,0,0,60,60
33183,187719,0,0,0,0,0,60,60
33184,187720,0,0,0,0,0,60,60
33185,187722,0,0,0,0,0,60,60
33186,187726,0,0,0,0,0,60,60
33187,187727,0,0,0,0,0,60,60
33188,187729,0,0,0,0,0,60,60
33189,187731,0,0,0,0,0,60,60
33190,187736,0,0,0,0,0,60,60
33191,187738,0,0,0,0,0,60,60
33192,187739,0,0,0,0,0,60,60
33193,187742,0,0,0,0,0,60,60
33194,0,0,3000,26870,0,0,60,60
33195,182660,0,2000,33196,0,0,60,60
33196,184381,0,2000,33197,0,0,60,60
33197,182661,0,2000,0,0,0,60,60
33198,182691,0,1000,33199,0,0,60,60
33199,182692,0,0,33200,0,0,60,60
33200,184383,0,0,0,0,0,60,60
33202,182692,0,1000,33203,0,0,60,60
33203,184383,0,0,0,0,0,60,60
33204,187750,0,2000,33206,0,0,60,60
33205,187751,0,1000,33204,0,0,60,60
33206,187752,0,1000,37702,0,1,60,60
33207,187754,0,2000,33208,0,0,60,60
33208,187755,0,3000,33209,0,0,60,60
33209,187756,0,3000,0,0,0,60,60
33210,187758,0,2000,33211,0,0,60,60
33211,187757,0,3000,33212,0,0,60,60
33212,187730,0,3000,0,0,0,60,60
33213,0,0,3000,27116,0,0,60,60
33214,0,0,3000,28974,0,0,60,60
33215,0,0,5000,28666,0,0,60,60
33216,187779,0,1000,33227,0,0,60,60
33217,0,0,4000,31375,0,0,60,60
33218,0,0,3000,33174,0,0,60,60
33219,0,0,3000,33220,0,0,60,60
33220,185723,0,0,33221,0,0,60,60
33221,185724,0,0,0,0,0,60,60
33222,0,0,2000,29503,0,0,60,60
33224,187778,0,0,33225,0,0,60,60
33225,187780,0,0,0,0,0,60,60
33227,187782,0,1000,33228,0,0,60,60
33228,187783,0,0,0,0,0,60,60
33229,0,0,1000,33216,0,0,60,60
33230,187786,0,1000,0,0,0,60,60
33231,187787,0,1000,0,0,0,60,60
33232,186954,0,1000,33233,0,0,60,60
33233,186953,0,1000,0,0,0,60,60
33234,187792,0,1000,0,0,0,60,60
33235,187794,0,1000,0,0,0,60,60
33237,186134,0,1000,0,0,1,60,60
33238,174878,0,1000,0,0,0,60,60
33239,177845,0,1000,33240,0,1,60,60
33240,177846,0,1000,0,0,1,60,60
33241,187810,0,1000,0,0,0,60,60
33242,187843,0,1000,0,0,0,60,60
33243,187803,0,1000,0,0,0,60,60
33244,187816,0,1000,0,0,0,60,60
33245,187823,0,1000,0,0,0,60,60
33246,187819,0,1000,0,0,0,60,60
33247,187798,0,1000,33248,0,0,60,60
33248,187799,0,1000,33249,0,0,60,60
33249,187800,0,1000,33250,0,0,60,60
33250,187801,0,1000,33251,0,0,60,60
33251,187802,0,1000,0,0,0,60,60
33252,187811,0,1000,33253,0,0,60,60
33253,187812,0,1000,33254,0,0,60,60
33254,187813,0,1000,33255,0,0,60,60
33255,187814,0,1000,33256,0,0,60,60
33256,187815,0,1000,0,0,0,60,60
33257,187826,0,1000,0,0,0,60,60
33258,187827,0,1000,33259,0,0,60,60
33259,187829,0,1000,33260,0,0,60,60
33260,187834,0,1000,33261,0,0,60,60
33261,187838,0,1000,33262,0,0,60,60
33262,187840,0,1000,33263,0,0,60,60
33263,187842,0,1000,0,0,0,60,60
33264,187845,0,1000,33265,0,0,60,60
33265,187846,0,1000,33266,0,0,60,60
33266,187853,0,1000,33267,0,0,60,60
33267,187854,0,1000,0,0,0,60,60
33268,187870,0,1000,33269,0,1,60,60
33269,187856,0,1000,33270,0,0,60,60
33270,187857,0,1000,33271,0,0,60,60
33271,187858,0,1000,33272,0,1,60,60
33272,187859,0,1000,33273,0,0,60,60
33273,187860,0,1000,33274,0,0,60,60
33274,187861,0,1000,33275,0,0,60,60
33275,187862,0,1000,33276,0,0,60,60
33276,187863,0,1000,0,0,0,60,60
33277,187871,0,1000,0,0,0,60,60
33278,182894,0,0,33279,0,1,60,60
33279,182899,0,0,33280,0,1,60,60
33280,184731,0,0,33281,0,1,60,60
33281,184732,0,0,33282,0,1,60,60
33282,182900,0,0,33283,0,1,60,60
33283,184733,0,0,0,0,1,60,60
33288,189958,0,2000,33289,0,0,60,60
33289,191423,0,2000,34318,0,0,60,60
33290,187877,0,1000,0,0,0,60,60
33291,187882,0,1000,33292,0,0,60,60
33292,187883,0,0,33307,0,0,60,60
33294,187878,0,0,33295,0,0,60,60
33295,187879,0,0,0,0,0,60,60
33298,187889,0,1000,0,0,0,60,60
33299,187817,0,1000,0,0,0,60,60
33300,187821,0,1000,0,0,0,60,60
33301,187824,0,1000,0,0,0,60,60
33302,187825,0,0,0,0,0,60,60
33303,187818,0,1000,0,0,0,60,60
33304,187844,0,1000,0,0,0,60,60
33305,0,0,3000,0,0,0,60,60
33307,187896,0,0,0,0,0,60,60
33310,187915,0,0,0,0,0,60,60
33311,187909,0,0,33312,0,0,60,60
33312,187910,0,0,33317,0,0,60,60
33316,187891,0,1000,0,0,0,60,60
33317,187920,0,0,0,0,0,60,60
33318,187922,0,1000,0,0,0,60,60
33319,187923,0,1000,0,0,0,60,60
33320,187924,0,1000,0,0,0,60,60
33321,178510,0,1000,0,0,0,60,60
33323,186915,0,1000,0,0,0,60,60
33324,187931,0,0,33325,0,0,60,60
33325,187932,0,0,33326,0,0,60,60
33326,195510,0,0,38517,0,0,60,60
33327,186916,0,1000,0,0,0,60,60
33328,186918,0,7000,33329,0,0,60,60
33329,186919,0,1000,0,0,0,60,60
33330,186920,0,7000,33331,0,0,60,60
33331,186921,0,1000,0,0,0,60,60
33332,187933,0,0,0,0,0,60,60
33333,186922,0,7000,33334,0,0,60,60
33334,186923,0,1000,0,0,0,60,60
33335,0,0,1000,30156,0,0,60,60
33336,0,0,1000,29713,0,0,60,60
33337,187938,0,1000,0,0,0,60,60
33338,187939,0,1000,0,0,0,60,60
33339,187941,0,1000,0,0,0,60,60
33340,188446,0,3000,34168,0,0,60,60
33341,187943,0,0,33342,0,0,60,60
33342,187944,0,0,33343,0,0,60,60
33343,187945,0,0,33344,0,0,60,60
33344,187947,0,0,0,0,0,60,60
33346,187869,0,0,0,0,0,60,60
33347,0,0,1000,33348,0,0,60,60
33348,186541,0,0,0,0,0,60,60
33349,187864,0,0,0,0,0,60,60
33350,187865,0,0,0,0,0,60,60
33351,187866,0,0,0,0,0,60,60
33352,187868,0,0,0,0,0,60,60
33356,187971,0,4000,36082,0,0,60,60
33357,187972,0,4000,33356,0,0,60,60
33358,187973,0,1000,33359,0,0,60,60
33359,187974,0,1000,33360,0,0,60,60
33360,187975,0,1000,33361,0,0,60,60
33361,187976,0,1000,0,0,0,60,60
33362,187051,0,0,33363,0,0,60,60
33363,187237,0,0,33364,0,0,60,60
33364,187238,0,0,33365,0,2,60,60
33365,187239,0,0,33366,0,2,60,60
33366,187240,0,0,33367,0,0,60,60
33367,187241,0,0,0,0,0,60,60
33369,187983,0,3000,33370,0,0,60,60
33370,187984,0,3000,36083,0,0,60,60
33371,187989,0,1000,36544,0,0,60,60
33373,187992,0,1000,0,0,0,60,60
33374,187993,0,1000,0,0,0,60,60
33375,187994,0,1000,0,0,0,60,60
33376,187995,0,1000,0,0,0,60,60
33377,187996,0,1000,0,0,0,60,60
33378,188000,0,0,33379,0,0,60,60
33379,188001,0,0,33381,0,0,60,60
33381,188003,0,2000,33383,0,2,60,60
33383,188005,0,0,33384,0,0,60,60
33384,188006,0,0,0,0,0,60,60
33388,188013,0,1000,33389,0,0,60,60
33389,187634,0,1000,0,0,0,60,60
33390,188364,0,1000,33391,0,0,60,60
33391,188365,0,1000,33529,0,0,60,60
33392,188018,0,0,33393,0,0,60,60
33393,188020,0,0,0,0,0,60,60
33397,188036,0,2000,33398,0,0,60,60
33398,188037,0,2000,36843,0,0,60,60
33399,188077,0,1000,0,0,0,60,60
33400,0,0,500,33562,0,0,60,60
33401,185721,0,1000,33402,0,0,60,60
33402,185719,0,1000,0,0,0,60,60
33404,186814,0,5000,33405,0,0,60,60
33405,186815,0,0,0,0,0,60,60
33406,188100,0,0,33407,0,0,60,60
33407,188101,0,1000,0,0,0,60,60
33408,188103,0,1000,33409,0,0,60,60
33409,188104,0,0,33410,0,0,60,60
33410,188105,0,0,33411,0,0,60,60
33411,188106,0,0,33412,0,0,60,60
33412,188112,0,0,33413,0,0,60,60
33413,0,0,0,0,0,0,60,60
33414,188107,0,0,33415,0,0,60,60
33415,188108,0,1000,33416,0,0,60,60
33416,188110,0,0,33417,0,0,60,60
33417,188119,0,0,33418,0,0,60,60
33418,188120,0,0,0,0,0,60,60
33431,188193,0,1000,33432,0,0,60,60
33432,0,0,0,0,0,0,60,60
33451,188209,0,1000,0,0,0,60,60
33466,188259,0,1000,33467,0,0,60,60
33467,188101,0,1000,0,0,0,60,60
33474,185567,0,1000,33475,0,0,60,60
33475,185568,0,0,0,0,0,60,60
33476,0,0,2000,33474,0,0,60,60
33477,188278,0,1000,33478,0,0,60,60
33478,188284,0,0,0,0,0,60,60
33479,188287,0,1000,0,0,0,60,60
33480,188290,0,1000,33481,0,0,60,60
33481,188291,0,0,0,0,0,60,60
33482,188292,0,1000,0,0,0,60,60
33483,188293,0,0,33484,0,0,60,60
33484,188294,0,0,33485,0,0,60,60
33485,187763,0,0,0,0,0,60,60
33486,188301,0,0,33487,0,0,60,60
33487,188302,0,0,0,0,0,60,60
33488,188304,0,0,33489,0,0,60,60
33489,188305,0,0,33490,0,0,60,60
33490,188306,0,0,35686,0,0,60,60
33491,188307,0,0,33492,0,0,60,60
33492,188308,0,0,0,0,0,60,60
33493,188309,0,1000,33494,0,0,60,60
33494,188310,0,0,33495,0,0,60,60
33495,188311,0,0,0,0,0,60,60
33496,188314,0,3000,0,0,0,60,60
33498,188319,0,0,33499,0,0,60,60
33499,188320,0,3000,33500,0,2,60,60
33500,188321,0,1000,33502,0,0,60,60
33501,188322,0,2000,33504,0,2,60,60
33502,188323,0,1000,33503,0,0,60,60
33503,188324,0,0,33501,0,0,60,60
33504,188325,0,0,0,0,0,60,60
33506,188337,0,0,0,0,0,60,60
33507,0,0,3000,31862,0,0,60,60
33508,188340,0,1000,33509,0,0,60,60
33509,188341,0,1000,0,0,0,60,60
33510,188342,0,0,0,0,0,60,60
33511,188345,0,0,0,0,0,60,60
33516,188350,0,0,33517,0,0,60,60
33517,188351,0,0,33518,0,0,60,60
33518,188352,0,0,0,0,2,60,60
33522,188360,0,0,33523,0,0,60,60
33523,188361,0,0,0,0,0,60,60
33524,188362,0,1000,0,0,0,60,60
33525,188363,0,1000,0,0,0,60,60
33526,0,0,2000,33525,0,0,60,60
33527,188015,0,1000,33528,0,0,60,60
33528,187634,0,1000,0,0,0,60,60
33529,188366,0,1000,0,0,0,60,60
33530,188367,0,0,33531,0,0,60,60
33531,188368,0,0,0,0,0,60,60
33532,188369,0,1000,33533,0,0,60,60
33533,188370,0,1000,33534,0,0,60,60
33534,188371,0,1000,0,0,0,60,60
33535,188372,0,1000,33536,0,0,60,60
33536,188373,0,1000,33537,0,0,60,60
33537,188374,0,1000,0,0,0,60,60
33538,188381,0,10000,33539,0,0,60,60
33539,188382,0,0,0,0,0,60,60
33540,186274,0,0,33541,0,1,60,60
33541,186275,0,0,33542,0,1,60,60
33542,186277,0,0,0,0,1,60,60
33547,186278,0,1000,0,0,0,60,60
33548,186282,0,0,33549,0,0,60,60
33549,186286,0,0,33550,0,1,60,60
33550,186288,0,0,0,0,0,60,60
33551,188384,0,3000,0,0,0,60,60
33552,176455,0,1000,0,0,1,60,60
33553,176657,0,3000,33554,0,0,60,60
33554,176658,0,1000,0,0,0,60,60
33555,176396,0,1000,0,0,1,60,60
33556,188388,0,0,33557,0,0,60,60
33557,188389,0,0,0,0,0,60,60
33559,188391,0,0,0,0,0,60,60
33560,188395,0,3000,0,0,0,60,60
33562,185624,0,1000,33563,0,1,60,60
33563,0,0,3000,32260,0,0,60,60
33564,0,0,2000,32057,0,0,60,60
33565,185629,0,0,0,0,1,60,60
33566,185630,0,0,0,0,1,60,60
33567,185632,0,0,0,0,1,60,60
33568,188402,0,1000,33569,0,0,60,60
33569,188403,0,1000,0,0,0,60,60
33570,188404,0,1000,33571,0,0,60,60
33571,188405,0,1000,0,0,0,60,60
33572,188406,0,1000,33573,0,0,60,60
33573,188407,0,1000,0,0,0,60,60
33574,188408,0,1000,33575,0,0,60,60
33575,188409,0,1000,33576,0,0,60,60
33576,188410,0,1000,33577,0,0,60,60
33577,188411,0,1000,0,0,0,60,60
33578,188412,0,1000,33579,0,0,60,60
33579,188413,0,1000,33580,0,0,60,60
33580,188414,0,1000,33581,0,0,60,60
33581,188415,0,1000,0,0,0,60,60
33582,188416,0,1000,33583,0,0,60,60
33583,188417,0,1000,33584,0,0,60,60
33584,188418,0,1000,33585,0,0,60,60
33585,188419,0,1000,33595,0,0,60,60
33586,177866,0,2000,0,0,1,60,60
33588,177876,0,2000,33589,0,0,60,60
33589,177877,0,1000,0,0,0,60,60
33590,188423,0,1000,33591,0,0,60,60
33591,188424,0,1000,0,0,0,60,60
33592,188425,0,1000,33593,0,0,60,60
33593,188426,0,1000,0,0,0,60,60
33594,188429,0,0,0,0,0,60,60
33595,188430,0,1000,0,0,0,60,60
33596,189305,0,4000,0,0,0,60,60
33597,186122,0,1000,33598,0,1,60,60
33598,186123,0,0,0,0,1,60,60
33599,188461,0,3000,33600,0,0,60,60
33600,188462,0,0,0,0,0,60,60
33601,186780,0,0,0,0,0,60,60
33603,184865,0,1000,33604,0,0,60,60
33604,188465,0,0,33605,0,0,60,60
33605,188466,0,0,0,0,0,60,60
33606,188492,0,1000,0,0,0,60,60
33607,188500,0,1000,0,0,0,60,60
33608,188503,0,0,0,0,0,60,60
33609,188501,0,1000,0,0,0,60,60
33612,188516,0,1000,0,0,0,60,60
33619,188531,0,1000,0,0,0,60,60
33620,188532,0,0,33621,0,0,60,60
33621,188533,0,0,0,0,0,60,60
33623,188535,0,1000,33624,0,1,60,60
33624,188536,0,0,0,0,1,60,60
33625,188538,0,0,33626,0,1,60,60
33626,188539,0,0,0,0,1,60,60
33627,0,0,5000,33623,0,0,60,60
33628,0,0,3000,33625,0,0,60,60
33633,188549,0,1000,33634,0,0,60,60
33634,188550,0,1000,33664,0,0,60,60
33636,188551,0,1000,33665,0,0,60,60
33638,188575,0,2000,33667,0,0,60,60
33639,188556,0,0,39362,0,0,60,60
33641,188560,0,0,33643,0,0,60,60
33643,188562,0,2000,33644,0,0,60,60
33644,188563,0,1000,0,0,0,60,60
33645,188564,0,0,33646,0,0,60,60
33646,188565,0,0,33647,0,0,60,60
33647,188566,0,0,33648,0,0,60,60
33648,188567,0,0,33649,0,0,60,60
33649,188568,0,0,36738,0,0,60,60
33650,188569,0,1000,33651,0,0,60,60
33651,188570,0,0,0,0,0,60,60
33652,188571,0,3000,33650,0,0,60,60
33653,188572,0,1000,33654,0,0,60,60
33654,188573,0,1000,33655,0,0,60,60
33655,188574,0,0,0,0,0,60,60
33664,188552,0,0,0,0,0,60,60
33665,188554,0,1000,39541,0,0,60,60
33666,188553,0,0,0,0,0,60,60
33667,188577,0,2000,36772,0,0,60,60
33668,188578,0,0,0,0,0,60,60
33669,188586,0,0,0,0,0,60,60
33671,188588,0,1000,31885,0,0,60,60
33677,0,0,2000,33678,0,0,60,60
33678,188595,0,0,0,0,0,60,60
33679,188596,0,0,33680,0,0,60,60
33680,188597,0,0,0,0,0,60,60
33681,188605,0,2000,33682,0,0,60,60
33682,188606,0,0,0,0,0,60,60
33685,188607,0,1000,33686,0,1,60,60
33686,188608,0,3000,0,0,1,60,60
33687,188602,0,0,33688,0,0,60,60
33688,188603,0,0,0,0,0,60,60
33689,188654,0,1000,33690,0,0,60,60
33690,188655,0,1000,33699,0,0,60,60
33691,188646,0,1000,33692,0,0,60,60
33692,188647,0,1000,0,0,0,60,60
33693,188648,0,1000,33694,0,0,60,60
33694,188649,0,1000,33695,0,0,60,60
33695,188650,0,1000,0,0,0,60,60
33696,188651,0,1000,33697,0,0,60,60
33697,188652,0,1000,33698,0,0,60,60
33698,188653,0,1000,0,0,0,60,60
33699,188656,0,1000,0,0,0,60,60
33700,188644,0,1000,33701,0,0,60,60
33701,188645,0,1000,0,0,0,60,60
33702,188657,0,1000,33703,0,0,60,60
33703,188658,0,1000,33704,0,0,60,60
33704,188659,0,1000,0,0,0,60,60
33713,188684,0,1000,33714,0,0,60,60
33714,0,0,0,0,0,0,60,60
33715,188685,0,0,0,0,0,60,60
33720,188701,0,1000,33721,0,0,60,60
33721,188702,0,1000,33722,0,0,60,60
33722,188703,0,1000,0,0,0,60,60
33723,188704,0,1000,33724,0,0,60,60
33724,188705,0,1000,33725,0,0,60,60
33725,188706,0,1000,33726,0,0,60,60
33726,188709,0,1000,33727,0,0,60,60
33727,188716,0,1000,33728,0,0,60,60
33728,188717,0,1000,0,0,0,60,60
33730,188721,0,1000,33731,0,0,60,60
33731,188722,0,1000,33732,0,0,60,60
33732,188723,0,1000,33733,0,0,60,60
33733,188724,0,1000,33734,0,0,60,60
33734,188725,0,1000,33735,0,0,60,60
33735,188726,0,1000,0,0,0,60,60
33736,188727,0,1000,33737,0,0,60,60
33737,188728,0,1000,33738,0,0,60,60
33738,188729,0,1000,0,0,0,60,60
33739,188731,0,1000,33740,0,0,60,60
33740,188732,0,1000,33741,0,0,60,60
33741,188733,0,1000,0,0,0,60,60
33742,188734,0,1000,33743,0,0,60,60
33743,188735,0,1000,33744,0,0,60,60
33744,188736,0,1000,0,0,0,60,60
33747,188753,0,1000,33806,0,0,60,60
33749,188786,0,2000,0,0,1,60,60
33751,188758,0,0,33752,0,0,60,60
33752,188760,0,0,0,0,0,60,60
33753,188787,0,1000,33754,0,1,60,60
33754,188788,0,0,0,0,1,60,60
33755,188762,0,0,33756,0,0,60,60
33756,188763,0,0,0,0,0,60,60
33757,188764,0,0,33758,0,0,60,60
33758,188765,0,0,0,0,0,60,60
33759,188772,0,1000,33760,0,0,60,60
33760,188773,0,1000,33761,0,1,60,60
33761,188774,0,1000,33762,0,1,60,60
33762,188775,0,1000,33763,0,1,60,60
33763,188776,0,1000,33764,0,1,60,60
33764,188777,0,0,0,0,0,60,60
33765,188778,0,2000,33766,0,1,60,60
33766,188779,0,0,0,0,1,60,60
33768,188750,0,1000,33769,0,1,60,60
33769,188749,0,0,0,0,0,60,60
33770,188756,0,1000,33771,0,1,60,60
33771,188757,0,1000,33772,0,1,60,60
33772,188759,0,0,33773,0,0,60,60
33773,188761,0,1000,33774,0,1,60,60
33774,188781,0,0,33775,0,0,60,60
33775,188782,0,1000,33776,0,0,60,60
33776,188783,0,1000,33777,0,0,60,60
33777,188784,0,1000,33778,0,0,60,60
33778,188785,0,0,0,0,0,60,60
33779,179175,0,1000,33874,0,0,60,60
33781,188796,0,2000,33782,0,0,60,60
33782,188797,0,0,0,0,0,60,60
33783,180035,0,1000,30103,0,0,60,60
33787,0,0,0,32027,0,0,60,60
33788,188780,0,1000,33768,0,0,60,60
33789,0,0,10000,33791,0,0,60,60
33790,197286,0,0,33789,0,0,60,60
33791,197288,0,3000,36844,0,0,60,60
33793,188806,0,4000,33796,0,0,60,60
33796,188809,0,1000,36849,0,0,60,60
33797,188810,0,1000,0,0,0,60,60
33798,188815,0,1000,0,0,0,60,60
33799,188818,0,1000,33800,1380,0,60,60
33800,188819,0,1000,0,0,0,60,60
33801,188821,0,1000,33802,1380,0,60,60
33802,188822,0,1000,0,0,0,60,60
33803,188824,0,1000,33804,1380,0,60,60
33804,188825,0,1000,33805,0,0,60,60
33805,188826,0,1000,0,1380,0,60,60
33806,188830,0,0,0,0,0,60,60
33811,188836,0,1000,33812,0,0,60,60
33812,188837,0,1000,33879,0,0,60,60
33813,188833,0,1000,37575,0,0,60,60
33814,188834,0,2000,33817,0,0,60,60
33817,188839,0,2000,33818,0,0,60,60
33818,188840,0,2000,0,0,0,60,60
33820,179478,0,1000,33821,0,0,60,60
33821,188880,0,0,0,0,0,60,60
33824,179480,0,1000,33825,0,0,60,60
33825,179483,0,1000,33826,0,0,60,60
33826,188885,0,1000,33827,0,1,60,60
33827,179485,0,0,0,0,0,60,60
33829,0,0,5000,33824,0,0,60,60
33830,188902,0,0,0,0,0,60,60
33831,0,0,3000,33832,0,0,60,60
33832,188904,0,0,33833,0,0,60,60
33833,188905,0,0,0,0,0,60,60
33834,188906,0,0,33835,0,0,60,60
33835,188907,0,0,0,0,0,60,60
33836,188908,0,2000,33893,0,0,60,60
33837,188910,0,0,0,0,0,60,60
33838,188912,0,0,33839,0,0,60,60
33839,0,0,0,0,0,0,60,60
33840,188914,0,0,0,0,0,60,60
33841,188917,0,0,33842,0,0,60,60
33842,188918,0,1000,0,0,0,60,60
33843,188925,0,0,0,0,0,60,60
33844,188936,0,0,0,0,0,60,60
33846,188937,0,1000,33865,0,0,60,60
33847,188939,0,1000,33853,0,0,60,60
33853,188940,0,1000,0,0,0,60,60
33856,188943,0,0,40078,0,0,60,60
33857,188949,0,0,33858,0,0,60,60
33858,188950,0,0,0,0,0,60,60
33859,188951,0,0,33860,0,0,60,60
33860,188952,0,0,0,0,0,60,60
33861,188953,0,0,33862,0,0,60,60
33862,188954,0,4000,0,0,0,60,60
33864,0,0,2000,33846,0,0,60,60
33865,0,0,0,0,0,0,60,60
33866,188971,0,1000,0,0,0,60,60
33867,189012,0,2000,33868,0,0,60,60
33868,189014,0,2000,33869,0,0,60,60
33869,201263,0,3000,33870,0,0,60,60
33870,201264,0,2000,38618,0,0,60,60
33872,189093,0,1000,33873,0,0,60,60
33873,189094,0,1000,0,0,0,60,60
33874,189106,0,1000,0,0,0,60,60
33878,189139,0,3000,38667,0,0,60,60
33879,189145,0,1000,33881,0,0,60,60
33881,189146,0,1000,33882,0,0,60,60
33882,189158,0,1000,33884,0,1,60,60
33884,189148,0,2000,33885,0,0,60,60
33885,189149,0,1000,33891,0,0,60,60
33890,189154,0,0,0,0,0,60,60
33891,189195,0,1000,33890,0,0,60,60
33892,189201,0,0,0,0,0,60,60
33893,0,0,0,0,0,0,60,60
33895,180252,0,1000,33896,0,0,60,60
33896,180253,0,1000,30177,0,0,60,60
33897,189209,0,1000,30179,0,0,60,60
33898,184939,0,0,33900,0,0,60,60
33899,184938,0,0,33898,0,0,60,60
33900,184952,0,0,0,0,0,60,60
33901,189246,0,1000,33902,0,0,60,60
33902,189247,0,1000,33903,0,0,60,60
33903,189248,0,1000,0,0,0,60,60
33904,189250,0,1000,33905,0,0,60,60
33905,189251,0,1000,33906,0,0,60,60
33906,189248,0,1000,0,0,0,60,60
33907,189252,0,1000,33908,0,0,60,60
33908,189253,0,1000,0,0,0,60,60
33910,189254,0,1000,33911,0,0,60,60
33911,189255,0,1000,33912,0,0,60,60
33912,189248,0,1000,0,0,0,60,60
33913,189256,0,1000,33914,0,0,60,60
33914,189257,0,1000,33915,0,0,60,60
33915,189248,0,1000,0,0,0,60,60
33916,0,0,2000,33917,0,0,60,60
33917,189261,0,1000,33918,0,0,60,60
33918,189262,0,1000,0,0,0,60,60
33919,189274,0,2000,40731,0,0,60,60
33920,189276,0,2000,33921,0,0,60,60
33921,189277,0,0,0,0,0,60,60
33922,189283,0,3000,0,0,0,60,60
33924,189292,0,1000,0,0,0,60,60
33926,189294,0,2000,33927,0,0,60,60
33927,189295,0,0,0,0,0,60,60
33928,189301,0,1000,0,0,0,60,60
33929,189299,0,0,0,0,0,60,60
33930,189303,0,0,0,0,0,60,60
33931,189306,0,0,33932,0,0,60,60
33932,189314,0,0,33933,0,0,60,60
33933,189317,0,0,36181,0,0,60,60
33938,189325,0,3000,34644,0,0,60,60
33940,189343,0,0,0,0,0,60,60
33941,189344,0,0,0,0,0,60,60
33942,189345,0,0,0,0,0,60,60
33943,189351,0,1000,33944,0,0,60,60
33944,189352,0,1000,33945,0,0,60,60
33945,189353,0,1000,0,0,0,60,60
33947,189355,0,1000,33948,0,0,60,60
33948,189356,0,1000,33949,0,0,60,60
33949,189357,0,1000,33950,0,0,60,60
33950,189358,0,1000,33951,0,0,60,60
33951,189359,0,1000,0,0,0,60,60
33953,189361,0,1000,33954,0,0,60,60
33954,189362,0,1000,33955,0,0,60,60
33955,189381,0,1000,33956,0,0,60,60
33956,189364,0,1000,33957,0,0,60,60
33957,189365,0,1000,33958,0,0,60,60
33958,189366,0,1000,0,0,0,60,60
33959,189367,0,1000,33960,0,0,60,60
33960,189368,0,1000,33961,0,0,60,60
33961,189363,0,1000,33962,0,0,60,60
33962,189370,0,1000,33964,0,0,60,60
33964,189372,0,1000,0,0,0,60,60
33965,189374,0,1000,33968,0,0,60,60
33968,189377,0,1000,33969,0,0,60,60
33969,189378,0,1000,33970,0,0,60,60
33970,189379,0,1000,33971,0,0,60,60
33971,189380,0,1000,0,0,0,60,60
33973,189394,0,1000,0,0,0,60,60
33974,189396,0,1000,33975,0,0,60,60
33975,189397,0,0,0,0,0,60,60
33976,189404,0,0,36205,0,0,60,60
33977,189406,0,1000,33978,0,0,60,60
33978,189407,0,1000,38251,0,0,60,60
33979,189408,0,0,33980,0,0,60,60
33980,189409,0,0,33981,0,0,60,60
33981,189410,0,0,0,0,0,60,60
33982,0,0,2000,33924,0,0,60,60
33983,189419,0,0,33984,0,0,60,60
33984,189420,0,0,36220,0,0,60,60
33985,189452,0,0,33986,0,1,60,60
33986,189453,0,0,31335,0,1,60,60
33988,189455,0,0,33989,0,0,60,60
33989,189456,0,0,0,0,0,60,60
33990,189457,0,0,0,0,0,60,60
33991,189458,0,0,33992,0,0,60,60
33992,189460,0,0,0,0,0,60,60
33994,184068,0,0,33995,0,0,60,60
33995,189461,0,0,33996,0,0,60,60
33996,189454,0,0,0,0,1,60,60
33997,0,0,2000,33994,0,0,60,60
33998,189462,0,0,33997,0,0,60,60
33999,189463,0,0,31701,0,0,60,60
34000,189465,0,0,31377,0,0,60,60
34001,189466,0,0,31702,0,0,60,60
34002,189467,0,0,31705,0,0,60,60
34003,189468,0,0,0,0,0,60,60
34004,189469,0,0,34003,0,0,60,60
34005,189470,0,3000,0,0,0,60,60
34006,179912,0,1000,0,0,0,60,60
34007,179915,0,1000,0,0,0,60,60
34008,189486,0,0,0,0,0,60,60
34009,189512,0,1000,34010,0,0,60,60
34010,189513,0,1000,0,0,0,60,60
34011,189404,0,0,36204,0,0,60,60
34012,189552,0,0,34013,0,0,60,60
34013,189558,0,0,34014,0,0,60,60
34014,189564,0,0,36249,0,0,60,60
34015,189555,0,0,34016,0,0,60,60
34016,189568,0,0,34017,0,0,60,60
34017,189569,0,0,36246,0,0,60,60
34018,189556,0,0,34019,0,0,60,60
34019,189570,0,0,36244,0,0,60,60
34020,189571,0,0,34021,0,0,60,60
34021,189572,0,0,34022,0,0,60,60
34022,189573,0,0,36256,0,0,60,60
34024,189577,0,0,34025,0,0,60,60
34025,189578,0,0,36254,0,0,60,60
34026,187163,0,3000,32853,0,0,60,60
34027,189830,0,3000,34028,0,0,60,60
34028,189856,0,4000,0,0,0,60,60
34029,189862,0,3000,0,0,0,60,60
34030,187056,0,2000,0,0,0,60,60
34031,189933,0,1000,34106,0,0,60,60
34032,187873,0,3000,33288,0,0,60,60
34033,198707,0,4000,37444,0,0,60,60
34034,190117,0,3000,0,0,0,60,60
34035,190135,0,3000,0,0,0,60,60
34036,190144,0,3000,34037,0,0,60,60
34037,190145,0,1000,0,0,0,60,60
34038,190151,0,3000,0,0,0,60,60
34039,190153,0,1000,34040,0,0,60,60
34040,190155,0,1000,34041,0,0,60,60
34041,190156,0,1000,35036,0,0,60,60
34042,193488,0,1000,35037,0,0,60,60
34043,190164,0,3000,0,0,0,60,60
34044,190267,0,3000,0,0,0,60,60
34045,190291,0,3000,34046,0,0,60,60
34046,190294,0,0,0,0,0,60,60
34047,190329,0,3000,0,0,0,60,60
34048,190339,0,3000,0,0,0,60,60
34049,190340,0,3000,0,0,0,60,60
34050,190354,0,3000,0,0,0,60,60
34051,190362,0,3000,0,0,0,60,60
34052,190363,0,3000,0,0,0,60,60
34053,190366,0,4000,34055,0,0,60,60
34054,190367,0,2000,34057,0,0,60,60
34055,190369,0,4000,34054,0,0,60,60
34056,190370,0,2000,0,0,0,60,60
34057,190373,0,2000,34058,0,0,60,60
34058,190375,0,3000,34056,0,0,60,60
34059,190413,0,3000,34060,0,0,60,60
34060,190415,0,2000,34061,0,0,60,60
34061,190418,0,3000,34062,0,0,60,60
34062,190419,0,2000,0,0,0,60,60
34063,190475,0,3000,34064,0,0,60,60
34064,190493,0,2000,0,0,0,60,60
34065,190524,0,3000,0,0,0,60,60
34066,181144,0,3000,34067,0,0,60,60
34067,190552,0,4000,0,0,0,60,60
34068,190554,0,1000,34069,0,1,60,60
34069,190557,0,1000,0,0,1,60,60
34073,190575,0,0,36708,0,0,60,60
34074,190577,0,0,36707,0,0,60,60
34075,190579,0,2000,34079,0,0,60,60
34076,190585,0,0,36706,0,0,60,60
34077,190582,0,1000,0,0,0,60,60
34078,190583,0,1000,0,0,0,60,60
34079,190581,0,0,34080,0,0,60,60
34080,190582,0,3000,34081,0,0,60,60
34081,190583,0,0,0,0,0,60,60
34091,187058,0,3000,0,0,0,60,60
34092,190657,0,1000,0,0,1,60,60
34093,190786,0,1000,0,0,0,60,60
34094,198100,0,2000,37247,0,0,60,60
34101,190903,0,2000,0,0,0,60,60
34102,190901,0,1000,36709,0,0,60,60
34103,190906,0,2000,36710,0,0,60,60
34104,190907,0,6000,36711,0,0,60,60
34105,0,0,0,34103,0,0,60,60
34106,190962,0,1000,0,0,0,60,60
34107,0,0,0,0,0,0,60,60
34109,201276,0,3000,0,0,0,60,60
34110,190978,0,1000,0,0,0,60,60
34113,190974,0,1000,0,0,0,60,60
34114,190973,0,0,0,0,0,60,60
34115,190985,0,1000,0,0,0,60,60
34118,190995,0,5000,0,0,0,60,60
34119,0,0,1000,34120,0,0,60,60
34120,190991,0,0,0,0,0,60,60
34122,190992,0,0,0,0,0,60,60
34123,0,0,1000,34124,0,0,60,60
34124,190993,0,0,0,0,0,60,60
34125,0,0,1000,34126,0,0,60,60
34126,190994,0,1000,0,0,0,60,60
34127,0,0,1000,34128,0,0,60,60
34128,190988,0,0,0,0,0,60,60
34129,0,0,1000,34130,0,0,60,60
34130,190990,0,1000,0,0,0,60,60
34131,191001,0,0,34132,0,0,60,60
34132,191005,0,-3000,34136,0,0,60,60
34136,191006,0,0,0,0,0,60,60
34137,185324,0,0,34138,0,0,60,60
34138,190986,0,0,34139,0,0,60,60
34139,185325,0,0,0,0,1,60,60
34140,191019,0,1000,34141,0,0,60,60
34141,191020,0,1000,34142,0,0,60,60
34142,191021,0,1000,36692,0,0,60,60
34144,191023,0,1000,34145,0,0,60,60
34145,191024,0,0,36696,0,0,60,60
34147,191027,0,1000,34148,0,0,60,60
34148,191028,0,0,36701,0,0,60,60
34149,191029,0,1000,34150,0,0,60,60
34150,191030,0,1000,0,0,0,60,60
34151,191035,0,1000,0,0,0,60,60
34152,191037,0,1000,0,0,0,60,60
34153,0,0,1000,34122,0,0,60,60
34154,179531,0,0,0,0,0,60,60
34155,172694,0,0,0,0,0,60,60
34156,179536,0,0,0,0,0,60,60
34157,179526,0,0,0,0,0,60,60
34158,191038,0,1000,0,0,0,60,60
34159,191059,0,1000,0,0,0,60,60
34160,191061,0,0,34163,0,0,60,60
34161,191063,0,0,34162,0,0,60,60
34162,191064,0,0,0,0,0,60,60
34163,191062,0,0,34161,0,0,60,60
34164,191065,0,0,34165,0,0,60,60
34165,191067,0,0,34167,0,0,60,60
34167,191066,0,0,0,0,2,60,60
34168,191069,0,2000,34169,0,0,60,60
34169,191070,0,0,0,0,0,60,60
34170,187280,0,4000,32929,0,0,60,60
34173,191072,0,0,36160,0,0,60,60
34174,191076,0,0,0,0,0,60,60
34175,178952,0,0,34176,0,0,60,60
34176,191077,0,0,36346,0,0,60,60
34177,191086,0,1000,0,0,0,60,60
34178,186455,0,1000,0,0,0,60,60
34180,186489,0,0,34181,0,0,60,60
34181,186492,0,0,0,0,0,60,60
34182,191096,0,0,34183,0,0,60,60
34183,191097,0,0,0,0,0,60,60
34184,191099,0,1000,0,0,0,60,60
34186,191485,0,1000,0,0,1,60,60
34189,191109,0,1000,31816,0,0,60,60
34191,186400,0,0,0,0,0,60,60
34194,191121,0,1000,38540,0,0,60,60
34195,191123,0,1000,0,0,0,60,60
34205,191149,0,0,0,0,1,60,60
34206,191150,0,0,0,0,1,60,60
34207,191151,0,0,29425,0,0,60,60
34208,175926,0,1000,0,0,0,60,60
34209,175927,0,1000,0,0,0,60,60
34210,174421,0,1000,0,0,0,60,60
34238,191145,0,0,34239,0,1,60,60
34239,191226,0,0,0,0,1,60,60
34241,191238,0,0,34242,0,0,60,60
34242,191239,0,0,0,0,0,60,60
34249,187730,0,3000,34250,0,0,60,60
34250,191225,0,1000,0,0,0,60,60
34251,191234,0,3000,36842,0,0,60,60
34253,191240,0,0,34255,0,0,60,60
34254,191241,0,1000,0,0,0,60,60
34255,191242,0,1000,34254,0,0,60,60
34256,191258,0,1000,34257,0,0,60,60
34257,191259,0,1000,0,0,0,60,60
34258,191260,0,1000,0,0,0,60,60
34259,191262,0,4000,39322,0,0,60,60
34261,191266,0,0,0,0,0,60,60
34262,191267,0,0,0,0,0,60,60
34263,191268,0,0,0,0,0,60,60
34264,191269,0,0,0,0,0,60,60
34265,191276,0,1000,0,0,0,60,60
34266,191280,0,2000,34268,0,0,60,60
34268,191282,0,0,0,0,0,60,60
34269,0,0,5000,34270,0,0,60,60
34270,191290,0,6000,34271,0,1,60,60
34271,191291,0,6000,34272,0,1,60,60
34272,191292,0,6000,0,0,1,60,60
34276,191304,0,0,0,0,0,60,60
34277,191318,0,3000,0,0,0,60,60
34280,191322,0,2000,34281,0,0,60,60
34281,191335,0,0,0,0,0,60,60
34282,191345,0,1000,0,0,0,60,60
34283,191346,0,1000,0,0,0,60,60
34286,186092,0,0,34287,0,0,60,60
34287,191294,0,0,0,0,0,60,60
34288,191299,0,0,34289,0,0,60,60
34289,191300,0,0,0,0,0,60,60
34290,0,0,5000,34288,0,0,60,60
34294,191362,0,6000,0,0,0,60,60
34295,191367,0,0,0,0,0,60,60
34296,187548,0,1000,34300,0,1,60,60
34298,187341,0,1000,34296,0,0,60,60
34300,187327,0,0,0,0,0,60,60
34302,191378,0,2000,34303,0,0,60,60
34303,186597,0,0,0,0,0,60,60
34304,191389,0,0,0,0,0,60,60
34305,191390,0,0,0,0,4,60,60
34306,191392,0,1000,34307,0,0,60,60
34307,191393,0,1000,0,0,0,60,60
34308,191400,0,1000,38545,0,0,60,60
34312,187330,0,0,33109,0,0,60,60
34314,187329,0,0,40363,0,0,60,60
34315,187849,0,2000,34316,0,0,60,60
34316,187850,0,3000,0,0,0,60,60
34317,191420,0,1000,34031,0,0,60,60
34318,191424,0,3000,0,0,0,60,60
34319,191425,0,1000,0,0,0,60,60
34320,191427,0,1000,0,0,0,60,60
34322,191430,0,3000,0,0,0,60,60
34323,191431,0,3000,0,0,0,60,60
34324,191432,0,1000,0,0,0,60,60
34325,191433,0,1000,0,0,0,60,60
34327,191458,0,1000,34328,0,0,60,60
34328,191459,0,1000,34329,0,0,60,60
34329,191460,0,1000,34330,0,0,60,60
34330,191461,0,1000,0,0,0,60,60
34331,191483,0,1000,0,0,0,60,60
34332,191484,0,1000,34733,0,0,60,60
34333,191501,0,1000,34334,0,1,60,60
34334,191502,0,5000,0,0,0,60,60
34336,191504,0,5000,34337,0,0,60,60
34337,191506,0,5000,0,0,0,60,60
34338,204079,0,0,40576,0,0,60,60
34351,186204,0,2000,34352,0,0,60,60
34352,191533,0,0,0,0,0,60,60
34354,191542,0,2000,0,0,0,60,60
34356,191557,0,1000,0,0,0,60,60
34357,191558,0,1000,0,0,0,60,60
34358,191559,0,1000,0,0,0,60,60
34359,191560,0,0,31820,0,0,60,60
34373,200167,0,2000,38112,0,0,60,60
34380,191580,0,1000,34381,0,0,60,60
34381,191581,0,1000,34382,0,0,60,60
34382,191582,0,1000,34384,0,0,60,60
34384,191584,0,1000,34386,0,0,60,60
34386,191587,0,1000,34387,0,0,60,60
34387,191588,0,1000,34389,0,0,60,60
34388,191589,0,1000,34419,0,0,60,60
34389,191619,0,5000,34388,0,0,60,60
34390,191591,0,0,34391,0,0,60,60
34391,191592,0,0,0,0,0,60,60
34392,191593,0,1000,34393,0,0,60,60
34393,191594,0,1000,0,0,0,60,60
34398,191599,0,1000,34399,0,0,60,60
34399,191600,0,1000,34400,0,0,60,60
34400,191601,0,1000,34401,0,0,60,60
34401,191602,0,1000,0,0,0,60,60
34402,191603,0,1000,34403,0,0,60,60
34403,191604,0,1000,34404,0,0,60,60
34404,191605,0,1000,34405,0,0,60,60
34405,191611,0,1000,0,0,0,60,60
34406,191608,0,1000,34409,0,0,60,60
34407,191609,0,1000,34406,0,0,60,60
34408,191610,0,1000,0,0,0,60,60
34409,191607,0,1000,34408,0,0,60,60
34410,191612,0,1000,0,0,0,60,60
34411,191613,0,1000,34412,0,0,60,60
34412,191614,0,1000,34413,0,0,60,60
34413,191615,0,1000,34410,0,0,60,60
34414,191616,0,1000,0,0,0,60,60
34415,191617,0,1000,34416,0,0,60,60
34416,191618,0,1000,34417,0,0,60,60
34417,191615,0,1000,34414,0,0,60,60
34418,0,0,2000,34327,0,0,60,60
34419,191590,0,0,34436,0,0,60,60
34420,191620,0,1000,34421,0,0,60,60
34421,191621,0,1000,34422,0,0,60,60
34422,191622,0,1000,34423,0,0,60,60
34423,191623,0,1000,0,0,0,60,60
34424,191624,0,1000,0,0,0,60,60
34425,191625,0,1000,34426,0,0,60,60
34426,191626,0,1000,0,0,0,60,60
34427,191627,0,1000,34429,0,0,60,60
34428,0,0,2000,34427,0,0,60,60
34429,191628,0,1000,0,0,0,60,60
34430,191631,0,1000,0,0,0,60,60
34431,191632,0,1000,0,0,0,60,60
34432,191633,0,1000,0,0,0,60,60
34433,0,0,1000,34432,0,0,60,60
34434,0,0,1000,34431,0,0,60,60
34435,0,0,1000,34430,0,0,60,60
34436,0,0,0,0,0,0,60,60
34437,191662,0,1000,0,0,0,60,60
34438,191645,0,2000,34457,0,2,60,60
34439,191646,0,0,34473,0,0,60,60
34440,191647,0,0,34441,0,0,60,60
34441,191648,0,0,34442,0,0,60,60
34442,191649,0,0,34443,0,0,60,60
34443,191650,0,0,34444,0,0,60,60
34444,191651,0,0,34445,0,0,60,60
34445,191652,0,0,34446,0,0,60,60
34446,0,0,3000,34447,0,0,60,60
34447,191653,0,0,34448,0,0,60,60
34448,191655,0,0,34449,0,0,60,60
34449,191656,0,0,34450,0,0,60,60
34450,191657,0,0,34451,0,0,60,60
34451,191658,0,0,34452,0,0,60,60
34452,191659,0,0,34453,0,0,60,60
34453,191660,0,0,34454,0,0,60,60
34454,191661,0,0,0,0,0,60,60
34455,0,0,1000,34456,0,0,60,60
34456,0,0,1000,34420,0,0,60,60
34457,191677,0,2000,34439,0,2,60,60
34458,0,0,1000,34459,0,0,60,60
34459,0,0,1000,34460,0,0,60,60
34460,191667,0,1000,34461,0,0,60,60
34461,191682,0,1000,34462,0,0,60,60
34462,191683,0,1000,34463,0,0,60,60
34463,191684,0,1000,34464,0,0,60,60
34464,191685,0,1000,0,0,0,60,60
34465,191686,0,1000,0,0,0,60,60
34467,191688,0,0,0,0,0,60,60
34468,191654,0,3000,34469,0,0,60,60
34469,191689,0,4000,34470,0,0,60,60
34470,191690,0,4000,35732,0,0,60,60
34473,0,0,2000,34440,0,0,60,60
34474,191733,0,1000,34475,0,0,60,60
34475,191734,0,1000,34476,0,0,60,60
34476,191735,0,1000,0,0,0,60,60
34477,185353,0,1000,0,0,0,60,60
34479,191830,0,1000,34477,0,0,60,60
34480,191842,0,1000,0,0,0,60,60
34481,191851,0,1000,0,0,0,60,60
34482,191855,0,1000,34483,0,0,60,60
34483,191854,0,1000,0,0,0,60,60
34484,191858,0,2000,0,0,0,60,60
34487,191860,0,1000,0,0,0,60,60
34488,191893,0,0,0,0,0,60,60
34489,191900,0,2000,34490,0,0,60,60
34490,191901,0,2000,34491,0,0,60,60
34491,191903,0,0,0,0,0,60,60
34508,191936,0,0,34510,0,0,60,60
34510,191940,0,0,34511,0,0,60,60
34511,191939,0,0,34512,0,0,60,60
34512,191933,0,0,34513,0,0,60,60
34513,191934,0,0,34514,0,0,60,60
34514,191935,0,0,34515,0,0,60,60
34515,0,0,1000,34517,0,0,60,60
34516,191942,0,0,34518,0,0,60,60
34517,191941,0,0,34516,0,0,60,60
34518,191943,0,0,34519,0,1,60,60
34519,191944,0,0,34520,0,0,60,60
34520,191945,0,0,34521,0,0,60,60
34521,191946,0,0,34522,0,0,60,60
34522,0,0,1000,34523,0,0,60,60
34523,191947,0,0,0,0,0,60,60
34528,191955,0,4000,34529,0,0,60,60
34529,191956,0,4000,34530,0,0,60,60
34530,191957,0,4000,34531,0,0,60,60
34531,191958,0,4000,34532,0,1,60,60
34532,191959,0,4000,34533,0,0,60,60
34533,191960,0,3000,0,0,0,60,60
34534,191967,0,2000,0,0,0,60,60
34535,191968,0,1000,34536,0,0,60,60
34536,191969,0,1000,34537,0,0,60,60
34537,191970,0,1000,38873,0,0,60,60
34538,0,0,1000,0,0,0,60,60
34539,192033,0,4000,34541,0,0,60,60
34541,192054,0,4000,0,0,0,60,60
34545,191092,0,1000,0,0,0,60,60
34546,191093,0,1000,0,0,0,60,60
34547,191094,0,1000,0,0,0,60,60
34548,191095,0,1000,0,0,0,60,60
34549,192154,0,1000,0,0,0,60,60
34551,192160,0,1000,0,0,0,60,60
34552,107534,0,1000,34553,0,0,60,60
34553,107527,0,1000,0,0,0,60,60
34554,192161,0,1000,0,0,0,60,60
34555,192162,0,1000,0,0,0,60,60
34557,107529,0,1000,34554,0,0,60,60
34558,107530,0,1000,34555,0,0,60,60
34560,107627,0,1000,0,0,0,60,60
34566,192227,0,3000,0,0,0,60,60
34567,189321,0,1000,35047,0,0,60,60
34568,192271,0,1000,34569,0,0,60,60
34569,192272,0,1000,34571,0,0,60,60
34571,192274,0,1000,34572,0,0,60,60
34572,192275,0,1000,34573,0,0,60,60
34573,192277,0,1000,0,0,0,60,60
34576,192296,0,2000,34577,0,0,60,60
34577,192297,0,0,0,0,0,60,60
34578,192271,0,1000,34579,0,0,60,60
34579,192272,0,1000,34580,0,0,60,60
34580,192316,0,1000,34581,0,0,60,60
34581,192309,0,1000,34582,0,0,60,60
34582,192310,0,1000,34583,0,0,60,60
34583,192312,0,1000,34586,0,0,60,60
34584,189248,0,1000,34585,0,0,60,60
34585,192278,0,1000,34587,0,0,60,60
34586,192314,0,1000,34584,0,0,60,60
34587,192318,0,1000,0,0,0,60,60
34592,192324,0,1000,34593,0,0,60,60
34593,192325,0,1000,34594,0,0,60,60
34594,192326,0,1000,34595,0,0,60,60
34595,189248,0,1000,0,0,0,60,60
34601,192328,0,1000,34602,0,0,60,60
34602,192329,0,1000,34604,0,0,60,60
34604,192331,0,1000,34605,0,0,60,60
34605,189248,0,1000,34606,0,0,60,60
34606,192278,0,1000,0,0,0,60,60
34608,192333,0,1000,0,0,0,60,60
34612,192334,0,1000,34615,0,0,60,60
34615,192338,0,1000,34616,0,0,60,60
34616,192340,0,1000,34617,0,0,60,60
34617,192278,0,1000,0,0,0,60,60
34627,192381,0,1000,34628,0,0,60,60
34628,192382,0,1000,34629,0,0,60,60
34629,189248,0,1000,34630,0,0,60,60
34630,192278,0,1000,0,0,0,60,60
34631,192383,0,1000,34632,0,0,60,60
34632,192384,0,1000,34633,0,0,60,60
34633,188430,0,1000,0,0,0,60,60
34635,192385,0,1000,34636,0,0,60,60
34636,192386,0,1000,34637,0,0,60,60
34637,189248,0,1000,0,0,0,60,60
34639,189321,0,3000,0,0,0,60,60
34640,192405,0,3000,34641,0,0,60,60
34641,182072,0,1000,0,0,0,60,60
34642,192424,0,1000,0,0,0,60,60
34644,181714,0,3000,0,0,0,60,60
34645,191634,0,0,36152,0,0,60,60
34646,192440,0,0,0,0,0,60,60
34647,192463,0,0,0,0,0,60,60
34648,192464,0,0,0,0,0,60,60
34650,192527,0,1000,36999,0,1,60,60
34651,192529,0,1000,34650,0,1,60,60
34652,192530,0,1000,34653,0,0,60,60
34653,192531,0,1000,0,0,0,60,60
34655,192548,0,1000,0,0,0,60,60
34656,185345,0,1000,34662,0,4,60,60
34657,192550,0,5000,0,0,0,60,60
34658,192551,0,5000,0,0,0,60,60
34659,192552,0,5000,0,0,0,60,60
34660,192553,0,5000,0,0,0,60,60
34661,192554,0,5000,0,0,0,60,60
34662,185344,0,1000,34997,0,4,60,60
34663,192185,0,0,34664,0,1,60,60
34664,192186,0,0,0,0,1,60,60
34665,192189,0,0,34666,0,1,60,60
34666,192215,0,0,0,0,1,60,60
34667,192572,0,0,0,0,0,60,60
34668,192573,0,0,0,0,0,60,60
34669,192574,0,0,0,0,0,60,60
34670,192592,0,1000,0,0,0,60,60
34671,192593,0,3000,34672,0,0,60,60
34672,192594,0,1000,34673,0,1,60,60
34673,192595,0,3000,34678,0,0,60,60
34678,192600,0,1000,0,0,0,60,60
34679,192607,0,2000,34680,0,1,60,60
34680,192608,0,0,0,0,1,60,60
34681,192617,0,2000,34682,0,1,60,60
34682,192618,0,2000,34683,0,1,60,60
34683,192619,0,0,0,0,1,60,60
34684,192669,0,1000,0,0,0,60,60
34685,192671,0,1000,0,0,0,60,60
34686,192686,0,1000,34688,0,0,60,60
34687,192688,0,1000,0,0,0,60,60
34688,192691,0,1000,34689,0,0,60,60
34689,192692,0,1000,0,0,0,60,60
34690,192690,0,0,34691,0,0,60,60
34691,192514,0,0,36206,0,0,60,60
34692,192520,0,0,34693,0,0,60,60
34693,192695,0,0,36231,0,0,60,60
34694,192694,0,1000,34695,0,0,60,60
34695,192696,0,1000,34696,0,0,60,60
34696,192697,0,1000,0,0,0,60,60
34697,192698,0,0,34698,0,0,60,60
34698,189420,0,0,36218,0,0,60,60
34700,192707,0,1000,34701,0,0,60,60
34701,192708,0,1000,34702,0,0,60,60
34702,192709,0,1000,34703,0,0,60,60
34703,192710,0,1000,34704,0,0,60,60
34704,192692,0,1000,0,0,0,60,60
34705,192712,0,1000,0,0,0,60,60
34706,192713,0,1000,34707,0,0,60,60
34707,192714,0,1000,34708,0,0,60,60
34708,192715,0,1000,34709,0,0,60,60
34709,192716,0,1000,34710,0,0,60,60
34710,192717,0,1000,34711,0,0,60,60
34711,192718,0,1000,34712,0,0,60,60
34712,192719,0,1000,0,0,0,60,60
34713,192773,0,2000,34726,0,0,60,60
34716,192776,0,0,0,0,0,60,60
34717,192777,0,0,0,0,0,60,60
34718,192778,0,1000,34719,0,0,60,60
34719,192779,0,1000,34720,0,0,60,60
34720,192780,0,1000,34721,0,0,60,60
34721,192781,0,1000,34722,0,0,60,60
34722,192692,0,1000,0,0,0,60,60
34723,192688,0,1000,34724,0,0,60,60
34724,192782,0,1000,34725,0,0,60,60
34725,192783,0,1000,0,0,0,60,60
34726,192775,0,0,0,0,0,60,60
34733,192790,0,1000,0,0,0,60,60
34734,192792,0,2000,0,0,0,60,60
34735,192794,0,1000,0,0,0,60,60
34736,192795,0,1000,34737,0,0,60,60
34737,192796,0,1000,34738,0,0,60,60
34738,192797,0,1000,34739,0,0,60,60
34739,192798,0,1000,34740,0,0,60,60
34740,192799,0,1000,0,0,0,60,60
34741,192688,0,1000,34742,0,0,60,60
34742,192800,0,1000,34743,0,0,60,60
34743,192801,0,1000,34744,0,0,60,60
34744,192802,0,1000,34745,0,0,60,60
34745,192803,0,1000,0,0,0,60,60
34746,192804,0,1000,0,0,0,60,60
34747,192806,0,1000,34748,0,0,60,60
34748,192807,0,1000,34749,0,0,60,60
34749,192808,0,1000,34756,0,0,60,60
34754,192805,0,2000,0,0,0,60,60
34756,192715,0,1000,34757,0,0,60,60
34757,192809,0,1000,34758,0,0,60,60
34758,192811,0,1000,34759,0,0,60,60
34759,192812,0,1000,0,0,0,60,60
34760,192813,0,2000,0,0,0,60,60
34779,192815,0,1000,34780,0,0,60,60
34780,192816,0,1000,0,0,0,60,60
34781,192818,0,1000,0,0,0,60,60
34782,192820,0,2000,34783,0,1,60,60
34783,192822,0,2000,34787,0,0,60,60
34784,193090,0,2000,34988,0,1,60,60
34785,192827,0,2000,34786,0,1,60,60
34786,192828,0,2000,34985,0,0,60,60
34787,192824,0,2000,34984,0,0,60,60
34789,192819,0,1000,0,0,0,60,60
34790,192821,0,3000,34791,0,0,60,60
34791,192823,0,0,0,0,0,60,60
34792,192826,0,2000,34785,0,1,60,60
34800,192829,0,1000,0,0,0,60,60
34815,192830,0,2000,0,0,0,60,60
34832,192851,0,3000,0,0,0,60,60
34834,192853,0,1500,34835,0,0,60,60
34835,192854,0,1000,0,0,0,60,60
34836,192867,0,1000,34837,0,0,60,60
34837,192868,0,1000,34838,0,0,60,60
34838,192869,0,1000,34839,0,0,60,60
34839,192870,0,1000,34840,0,0,60,60
34840,192871,0,1000,34841,0,0,60,60
34841,192872,0,1000,34842,0,0,60,60
34842,192873,0,1000,34843,0,0,60,60
34843,192874,0,1000,34844,0,0,60,60
34844,192875,0,5000,34845,0,0,60,60
34845,192876,0,1000,34846,0,0,60,60
34846,192877,0,1000,0,0,0,60,60
34847,192878,0,1000,34848,0,0,60,60
34848,192883,0,1000,0,0,0,60,60
34849,192884,0,1000,0,0,0,60,60
34850,192901,0,1000,34851,0,0,60,60
34851,192904,0,1000,0,0,0,60,60
34886,192918,0,0,0,0,0,60,60
34887,192922,0,1000,0,0,1,60,60
34888,192925,0,1000,34889,0,0,60,60
34889,192926,0,1000,34890,0,0,60,60
34890,192927,0,1000,34891,0,0,60,60
34891,192928,0,1000,34908,0,0,60,60
34892,192931,0,1000,34895,0,0,60,60
34895,192934,0,1000,34909,0,0,60,60
34896,192935,0,1000,34897,0,0,60,60
34897,192936,0,1000,34898,0,0,60,60
34898,192937,0,1000,34899,0,0,60,60
34899,192938,0,1000,34911,0,0,60,60
34900,192941,0,1000,34901,0,0,60,60
34901,192942,0,1000,34902,0,0,60,60
34902,192943,0,1000,34903,0,0,60,60
34903,192944,0,1000,0,0,0,60,60
34904,192949,0,1000,34905,0,0,60,60
34905,192950,0,1000,34906,0,0,60,60
34906,192951,0,1000,34907,0,0,60,60
34907,192953,0,1000,34919,0,0,60,60
34908,192929,0,1000,0,0,0,60,60
34909,192928,0,1000,34910,0,0,60,60
34910,192929,0,1000,0,0,0,60,60
34911,192939,0,1000,0,0,0,60,60
34918,192940,0,0,0,0,0,60,60
34919,191602,0,1000,0,0,0,60,60
34943,192996,0,2000,0,0,1,60,60
34948,193004,0,1000,34949,0,0,60,60
34949,193005,0,1000,0,0,0,60,60
34950,193011,0,1000,0,0,0,60,60
34951,193013,0,1000,34952,0,0,60,60
34952,193014,0,1000,34953,0,0,60,60
34953,193015,0,1000,0,0,0,60,60
34954,193020,0,3000,34955,0,0,60,60
34955,193021,0,3000,0,0,0,60,60
34957,193026,0,0,34960,0,0,60,60
34958,193028,0,0,34959,0,0,60,60
34959,193029,0,0,34963,0,0,60,60
34960,193030,0,0,34958,0,0,60,60
34963,193033,0,0,34966,0,0,60,60
34964,193034,0,0,0,0,0,60,60
34965,193035,0,0,34967,0,0,60,60
34966,193036,0,0,34965,0,0,60,60
34967,193037,0,0,34964,0,0,60,60
34971,193048,0,1000,35006,0,0,60,60
34972,193051,0,0,0,0,0,60,60
34973,180819,0,3000,34974,0,0,60,60
34974,181001,0,1000,0,0,0,60,60
34975,193077,0,1000,0,0,0,60,60
34976,193074,0,3000,34978,0,0,60,60
34977,193079,0,3000,0,0,0,60,60
34978,193081,0,4000,34977,0,0,60,60
34980,180812,0,3000,34981,0,0,60,60
34981,193087,0,1000,0,0,0,60,60
34982,181007,0,3000,34983,0,0,60,60
34983,181088,0,1000,0,0,0,60,60
34984,192825,0,2000,34792,0,1,60,60
34985,193088,0,2000,34986,0,1,60,60
34986,193089,0,2000,34987,0,1,60,60
34987,193092,0,2000,34784,0,0,60,60
34988,193091,0,2000,34989,0,0,60,60
34989,193093,0,0,39540,0,0,60,60
34990,202992,0,0,0,0,0,60,60
34993,193886,0,3000,0,0,0,60,60
34994,193144,0,1000,0,0,0,60,60
34995,193146,0,3000,34996,0,0,60,60
34996,193147,0,0,0,0,0,60,60
34997,185345,0,1000,34998,0,4,60,60
34998,185344,0,1000,0,0,0,60,60
34999,193150,0,1000,35000,0,0,60,60
35000,193151,0,1000,0,0,0,60,60
35001,193164,0,2000,35002,0,0,60,60
35002,193178,0,2000,35003,0,0,60,60
35003,180796,0,1000,35004,0,0,60,60
35004,181007,0,1000,0,0,0,60,60
35005,193200,0,3000,0,0,0,60,60
35006,193154,0,0,39439,0,0,60,60
35007,193201,0,1000,35008,0,0,60,60
35008,193202,0,0,0,0,0,60,60
35009,193219,0,1000,0,0,0,60,60
35010,193233,0,1000,0,0,0,60,60
35011,193245,0,3000,0,0,0,60,60
35012,193254,0,3000,35013,0,0,60,60
35013,193256,0,0,0,0,0,60,60
35014,193273,0,1000,0,0,0,60,60
35015,193277,0,1000,0,0,0,60,60
35016,193307,0,3000,0,0,0,60,60
35017,193311,0,1000,0,0,0,60,60
35018,193313,0,1000,0,0,0,60,60
35019,193320,0,3000,0,0,0,60,60
35022,193443,0,1000,0,0,0,60,60
35023,0,0,3000,35024,0,0,60,60
35024,193445,0,2000,35027,0,0,60,60
35025,193446,0,1000,35026,0,1,60,60
35026,193447,0,1000,0,0,0,60,60
35027,193448,0,1000,0,0,1,60,60
35028,193449,0,1000,0,0,1,60,60
35029,193450,0,1000,35030,0,1,60,60
35030,193451,0,1000,0,0,0,60,60
35031,193452,0,3000,0,0,0,60,60
35032,193675,0,1000,35033,0,0,60,60
35033,193454,0,0,0,0,0,60,60
35035,180364,0,0,0,0,0,60,60
35036,190157,0,1000,34042,0,0,60,60
35037,193489,0,1000,35044,0,0,60,60
35038,180367,0,3000,35039,0,0,60,60
35039,180369,0,3000,0,0,0,60,60
35044,193517,0,1000,39239,0,0,60,60
35045,202347,0,1000,39240,0,0,60,60
35046,193520,0,0,0,0,0,60,60
35047,189319,0,0,0,0,0,60,60
35048,193550,0,1000,0,0,0,60,60
35049,193574,0,1000,0,0,0,60,60
35050,193587,0,1000,0,0,0,60,60
35051,193591,0,1000,0,0,0,60,60
35052,193601,0,1000,0,0,0,60,60
35053,193581,0,0,0,0,0,60,60
35054,193586,0,0,35055,0,0,60,60
35055,193583,0,0,0,0,0,60,60
35056,193596,0,0,0,0,0,60,60
35057,193546,0,0,0,0,0,60,60
35058,193584,0,0,0,0,0,60,60
35059,193618,0,1000,0,0,0,60,60
35060,193635,0,1000,0,0,0,60,60
35061,193644,0,1000,35062,0,0,60,60
35062,193646,0,1000,35064,0,0,60,60
35064,193648,0,1000,0,0,0,60,60
35065,193981,0,0,0,0,0,60,60
35066,193653,0,1000,35067,0,0,60,60
35067,193652,0,1000,0,0,0,60,60
35068,193651,0,1000,0,0,0,60,60
35069,193654,0,1000,0,0,0,60,60
35077,193656,0,2000,0,0,4,60,60
35078,193670,0,1000,38882,0,0,60,60
35079,193671,0,0,0,0,0,60,60
35080,193672,0,0,0,0,0,60,60
35081,181133,0,0,0,0,0,60,60
35082,193673,0,0,0,0,0,60,60
35083,193676,0,1000,0,0,0,60,60
35087,193807,0,0,0,0,0,60,60
35088,193809,0,0,0,0,0,60,60
35089,193714,0,1000,0,0,0,60,60
35091,193724,0,1000,0,0,0,60,60
35092,193725,0,1000,35093,0,0,60,60
35093,193726,0,0,38969,0,0,60,60
35094,193727,0,1000,0,0,0,60,60
35096,193729,0,1000,35097,0,0,60,60
35097,193730,0,1000,0,0,0,60,60
35100,193741,0,1000,0,0,0,60,60
35106,193746,0,1000,0,0,0,60,60
35107,193747,0,1000,0,0,0,60,60
35108,178791,0,0,35109,0,0,60,60
35109,178792,0,0,35110,0,0,60,60
35110,178793,0,0,35111,0,0,60,60
35111,178794,0,0,35112,0,0,60,60
35112,178796,0,0,35113,0,0,60,60
35113,191113,0,0,35114,0,0,60,60
35114,191114,0,0,0,0,0,60,60
35115,193756,0,1000,0,0,0,60,60
35116,0,0,3000,35115,0,0,60,60
35117,193760,0,1000,0,0,0,60,60
35118,193762,0,1000,0,0,0,60,60
35119,193764,0,1000,0,0,0,60,60
35120,193765,0,1000,0,0,0,60,60
35121,193766,0,1000,0,0,0,60,60
35122,193768,0,1000,0,0,0,60,60
35128,193777,0,0,0,0,0,60,60
35129,193779,0,1000,0,0,0,60,60
35130,193780,0,0,0,0,0,60,60
35131,193778,0,0,0,0,0,60,60
35132,193800,0,0,0,0,0,60,60
35134,193805,0,1000,0,0,0,60,60
35135,193808,0,1000,35141,0,0,60,60
35136,193812,0,0,0,0,0,60,60
35137,193802,0,6000,35288,0,0,60,60
35141,193810,0,0,0,0,0,60,60
35143,193813,0,1000,35144,0,0,60,60
35144,193814,0,0,0,0,0,60,60
35146,193817,0,1000,35147,0,0,60,60
35147,193818,0,1000,35148,0,0,60,60
35148,193819,0,1000,35149,0,0,60,60
35149,193820,0,1000,35150,0,0,60,60
35150,193821,0,1000,0,0,0,60,60
35151,193817,0,1000,35152,0,0,60,60
35152,193822,0,1000,35153,0,0,60,60
35153,193823,0,1000,35154,0,0,60,60
35154,199585,0,1000,0,0,0,60,60
35155,193817,0,1000,35156,0,0,60,60
35156,193825,0,1000,35157,0,0,60,60
35157,193826,0,1000,35158,0,0,60,60
35158,193827,0,1000,35159,0,0,60,60
35159,193828,0,1000,0,0,0,60,60
35160,193829,0,3000,0,0,0,60,60
35161,193830,0,1000,35162,0,0,60,60
35162,193831,0,1000,35163,0,0,60,60
35163,193832,0,1000,35164,0,0,60,60
35164,193833,0,1000,0,0,0,60,60
35165,193816,0,1000,0,0,0,60,60
35166,193844,0,1000,35167,0,0,60,60
35167,193845,0,1000,35168,0,0,60,60
35168,193846,0,1000,35169,0,0,60,60
35169,193847,0,1000,35170,0,0,60,60
35170,193848,0,3000,35244,0,0,60,60
35171,193849,0,1000,35172,0,0,60,60
35172,193850,0,1000,35173,0,0,60,60
35173,193851,0,1000,35174,0,0,60,60
35174,193852,0,1000,35175,0,0,60,60
35175,193853,0,1000,0,0,0,60,60
35176,193854,0,1000,35177,0,0,60,60
35177,193845,0,1000,35178,0,0,60,60
35178,193855,0,1000,35179,0,0,60,60
35179,193852,0,1000,35180,0,0,60,60
35180,193853,0,1000,0,0,0,60,60
35181,193856,0,1000,35182,0,0,60,60
35182,193857,0,1000,35183,0,0,60,60
35183,193858,0,1000,35184,0,0,60,60
35184,193859,0,1000,35185,0,0,60,60
35185,193860,0,1000,0,0,0,60,60
35189,193863,0,1000,35190,0,0,60,60
35190,193864,0,1000,35191,0,0,60,60
35191,193865,0,1000,35192,0,0,60,60
35192,193866,0,1000,35193,0,0,60,60
35193,193867,0,1000,0,0,0,60,60
35194,193868,0,1000,35195,0,0,60,60
35195,193869,0,1000,35196,0,0,60,60
35196,193870,0,1000,35197,0,0,60,60
35197,193871,0,1000,35198,0,0,60,60
35198,193872,0,1500,35199,0,0,60,60
35199,193873,0,1000,0,0,0,60,60
35200,193874,0,1000,35201,0,0,60,60
35201,193875,0,1000,35202,0,0,60,60
35202,193876,0,1000,35203,0,0,60,60
35203,193877,0,1000,35204,0,0,60,60
35204,193878,0,1000,35205,0,0,60,60
35205,193879,0,1000,0,0,0,60,60
35206,193880,0,1000,35207,0,0,60,60
35207,193881,0,1000,35208,0,0,60,60
35208,193882,0,1000,35209,0,0,60,60
35209,193883,0,1000,35210,0,0,60,60
35210,193884,0,1000,0,0,0,60,60
35211,193887,0,1000,35217,0,0,60,60
35212,193892,0,1000,35221,0,0,60,60
35213,193900,0,1000,35227,0,0,60,60
35214,193908,0,1000,35234,0,0,60,60
35215,193913,0,1000,35239,0,0,60,60
35216,193143,0,3000,34993,0,0,60,60
35217,193888,0,1000,35218,0,0,60,60
35218,193889,0,1000,35219,0,0,60,60
35219,193890,0,1000,35220,0,0,60,60
35220,193891,0,1000,0,0,0,60,60
35221,193893,0,1000,35222,0,0,60,60
35222,193894,0,1000,35226,0,0,60,60
35226,193899,0,1000,0,0,0,60,60
35227,193901,0,1000,35228,0,0,60,60
35228,193903,0,1000,35229,0,0,60,60
35229,193904,0,1000,35230,0,0,60,60
35230,193905,0,1000,35231,0,0,60,60
35231,193906,0,1000,35232,0,0,60,60
35232,193891,0,2000,35233,0,0,60,60
35233,193907,0,1000,0,0,0,60,60
35234,193909,0,1000,35235,0,0,60,60
35235,193899,0,1000,35236,0,0,60,60
35236,193911,0,1000,35237,0,0,60,60
35237,193906,0,1000,35238,0,0,60,60
35238,193912,0,1000,0,0,0,60,60
35239,193914,0,1000,35240,0,0,60,60
35240,193915,0,1000,35241,0,0,60,60
35241,193916,0,1000,35242,0,0,60,60
35242,193917,0,1000,35243,0,0,60,60
35243,193918,0,1000,0,0,0,60,60
35244,193919,0,1000,0,0,0,60,60
35246,0,0,1000,0,0,0,60,60
35252,193928,0,1000,35253,0,0,60,60
35253,193929,0,1000,35254,0,0,60,60
35254,193930,0,1000,0,0,0,60,60
35257,193933,0,1000,0,0,0,60,60
35258,185345,0,1000,35259,0,3,60,60
35259,185344,0,1000,35260,0,0,60,60
35260,185345,0,1000,35261,0,0,60,60
35261,185344,0,1000,0,0,0,60,60
35262,180366,0,3000,35038,0,0,60,60
35264,193978,0,1000,0,0,0,60,60
35265,193980,0,1000,35266,0,0,60,60
35266,193650,0,0,0,0,0,60,60
35267,193982,0,1000,0,0,0,60,60
35268,193990,0,1000,0,0,0,60,60
35270,193993,0,1000,0,0,0,60,60
35271,193994,0,1000,0,0,0,60,60
35276,194003,0,1000,0,0,0,60,60
35277,194005,0,1000,0,0,0,60,60
35278,194007,0,2000,35280,0,0,60,60
35280,194010,0,2000,35550,0,0,60,60
35281,194014,0,1000,35282,0,0,60,60
35282,194015,0,1000,0,0,0,60,60
35283,194016,0,1000,35284,0,0,60,60
35284,194017,0,1000,0,0,0,60,60
35285,194023,0,1000,35286,0,0,60,60
35286,194024,0,1000,35287,0,0,60,60
35287,194025,0,1000,0,0,0,60,60
35288,194026,0,0,0,0,0,60,60
35290,194028,0,1000,35291,0,0,60,60
35291,194029,0,1500,35292,0,0,60,60
35292,194030,0,1500,35293,0,0,60,60
35293,194087,0,1500,35294,0,0,60,60
35294,194031,0,1500,35295,0,0,60,60
35295,194088,0,1000,0,0,0,60,60
35296,194035,0,1000,0,0,0,60,60
35297,194018,0,1000,35298,0,0,60,60
35298,194019,0,1000,35301,0,0,60,60
35301,194022,0,1000,35302,0,0,60,60
35302,194039,0,1000,35303,0,0,60,60
35303,194040,0,1000,35304,0,0,60,60
35304,194042,0,1000,39110,0,0,60,60
35305,0,0,0,0,0,0,60,60
35306,194064,0,1000,35313,0,0,60,60
35307,194067,0,0,0,0,0,60,60
35308,194066,0,0,0,0,0,60,60
35310,194063,0,0,0,0,0,60,60
35311,0,0,5000,30502,0,0,60,60
35312,194086,0,1000,0,0,0,60,60
35313,194080,0,0,35307,0,0,60,60
35314,194065,0,1000,35316,0,0,60,60
35316,194085,0,0,35311,0,0,60,60
35320,194091,0,1000,35321,0,0,60,60
35321,194093,0,1500,0,0,0,60,60
35326,194100,0,1000,35327,0,0,60,60
35327,194101,0,1500,35328,0,0,60,60
35328,194102,0,1500,0,0,0,60,60
35329,194096,0,0,0,0,0,60,60
35330,194104,0,1000,35331,0,0,60,60
35331,194105,0,1500,35332,0,0,60,60
35332,194106,0,1500,0,0,0,60,60
35336,0,0,1000,35338,0,0,60,60
35338,193862,0,1000,0,0,0,60,60
35339,194122,0,1000,35341,0,0,60,60
35341,194124,0,1500,0,0,0,60,60
35344,194120,0,0,0,0,0,60,60
35345,194135,0,3000,35346,0,0,60,60
35346,194137,0,1000,0,0,0,60,60
35347,194140,0,1000,0,0,0,60,60
35348,194177,0,1000,35349,0,0,60,60
35349,194178,0,0,0,0,0,60,60
35350,194181,0,1000,35670,0,0,60,60
35351,194153,0,1000,35352,0,0,60,60
35352,194154,0,1500,35353,0,0,60,60
35353,194155,0,1000,0,0,0,60,60
35354,193574,0,1000,0,0,0,60,60
35355,194191,0,1000,0,0,0,60,60
35356,194194,0,1000,0,0,0,60,60
35357,194197,0,1000,0,0,0,60,60
35358,194195,0,1000,35359,0,0,60,60
35359,194196,0,0,0,0,0,60,60
35360,194324,0,1000,35428,0,0,60,60
35361,194192,0,1000,35392,0,0,60,60
35363,194296,0,1000,35412,0,0,60,60
35364,194440,0,1000,35466,0,0,60,60
35365,194199,0,1000,35366,0,0,60,60
35366,194200,0,1000,35367,0,0,60,60
35367,194201,0,1000,35368,0,0,60,60
35368,194202,0,0,0,0,0,60,60
35369,194211,0,1000,0,0,0,60,60
35370,194384,0,1000,35371,0,1,60,60
35371,194385,0,0,0,0,0,60,60
35374,194218,0,1500,35375,0,0,60,60
35375,194220,0,1500,35376,0,0,60,60
35376,194221,0,1500,35377,0,0,60,60
35377,194225,0,1000,35381,0,0,60,60
35378,194219,0,1000,0,0,0,60,60
35379,194223,0,1000,0,0,0,60,60
35380,194224,0,1000,0,0,0,60,60
35381,194222,0,1500,35451,0,0,60,60
35382,194388,0,0,0,0,0,60,60
35383,194229,0,2000,0,0,0,60,60
35384,194246,0,1000,35385,0,0,60,60
35385,194247,0,0,0,0,0,60,60
35386,194245,0,1000,0,0,0,60,60
35388,194236,0,1000,0,0,0,60,60
35392,194193,0,0,0,0,0,60,60
35393,194265,0,1000,0,0,0,60,60
35394,194240,0,1000,0,0,0,60,60
35395,194242,0,1000,0,0,0,60,60
35396,194239,0,1000,0,0,0,60,60
35397,200007,0,1000,0,0,0,60,60
35398,200008,0,1000,0,0,0,60,60
35399,194279,0,1000,0,0,0,60,60
35400,194281,0,1000,0,0,0,60,60
35401,194284,0,1000,0,0,0,60,60
35402,194285,0,1000,35403,0,0,60,60
35403,194286,0,1000,35404,0,0,60,60
35404,194287,0,0,0,0,0,60,60
35405,194288,0,1000,35406,0,0,60,60
35406,194289,0,0,0,0,0,60,60
35407,194290,0,3000,35408,0,0,60,60
35408,194291,0,1000,0,0,0,60,60
35409,194292,0,4000,35410,0,0,60,60
35410,194293,0,2000,39817,0,0,60,60
35412,194297,0,0,0,0,0,60,60
35416,179823,0,0,35417,0,0,60,60
35417,179825,0,0,35418,0,0,60,60
35418,179839,0,0,0,0,0,60,60
35419,179838,0,0,35420,0,0,60,60
35420,179822,0,0,35421,0,1,60,60
35421,179821,0,0,0,0,1,60,60
35422,194314,0,0,35423,0,0,60,60
35423,194315,0,0,35424,0,0,60,60
35424,194316,0,0,0,0,0,60,60
35425,194318,0,0,35426,0,0,60,60
35426,194317,0,0,35427,0,1,60,60
35427,194319,0,0,0,0,1,60,60
35428,194326,0,1000,35429,0,0,60,60
35429,194327,0,0,0,0,0,60,60
35430,200009,0,1000,0,0,0,60,60
35431,200010,0,1000,0,0,0,60,60
35432,194330,0,1000,0,0,0,60,60
35434,194332,0,1000,35435,0,0,60,60
35435,194331,0,0,0,0,0,60,60
35436,194333,0,1000,0,0,0,60,60
35437,194334,0,1000,35438,0,0,60,60
35438,194335,0,1000,35439,0,0,60,60
35439,194336,0,1000,0,0,0,60,60
35441,185199,0,0,31811,0,0,60,60
35442,194377,0,1000,35443,0,0,60,60
35443,194378,0,1000,0,0,0,60,60
35444,194383,0,1000,0,0,0,60,60
35449,194391,0,0,0,0,0,60,60
35451,194400,0,1000,0,0,0,60,60
35453,194402,0,0,0,0,0,60,60
35454,0,0,4000,39304,0,0,60,60
35455,194413,0,1000,0,0,0,60,60
35456,194414,0,1000,0,0,0,60,60
35457,194423,0,1000,0,0,0,60,60
35458,194426,0,1000,35459,0,0,60,60
35459,194427,0,1000,35460,0,0,60,60
35460,194428,0,0,0,0,0,60,60
35461,194425,0,1000,39305,0,0,60,60
35462,194372,0,3000,35463,0,0,60,60
35463,194373,0,0,0,0,0,60,60
35464,194435,0,3000,35465,0,0,60,60
35465,194436,0,3000,0,0,0,60,60
35466,194442,0,0,35467,0,0,60,60
35467,194443,0,0,35468,0,0,60,60
35468,194444,0,0,0,0,0,60,60
35475,194246,0,1000,35476,0,0,60,60
35476,194247,0,0,0,0,0,60,60
35477,194457,0,1000,0,0,0,60,60
35478,194458,0,1000,35479,0,0,60,60
35479,194459,0,1000,35480,0,0,60,60
35480,194460,0,0,0,0,0,60,60
35481,194462,0,1000,0,0,1,60,60
35482,194463,0,1000,35483,0,0,60,60
35483,194464,0,1000,35484,0,0,60,60
35484,194465,0,0,0,0,1,60,60
35485,194509,0,1000,0,0,0,60,60
35486,194510,0,1000,0,0,0,60,60
35487,194468,0,0,35488,0,0,60,60
35488,194469,0,0,0,0,0,60,60
35489,194474,0,1000,0,0,0,60,60
35490,194475,0,1000,35491,0,0,60,60
35491,194476,0,1000,0,0,0,60,60
35492,194477,0,1000,35490,0,0,60,60
35493,194478,0,1000,0,0,0,60,60
35494,194479,0,1000,35495,0,0,60,60
35495,194480,0,1000,0,0,0,60,60
35496,194481,0,1000,35497,0,0,60,60
35497,194482,0,0,0,0,0,60,60
35498,194483,0,1000,0,0,0,60,60
35500,194485,0,1000,0,0,1,60,60
35501,194487,0,1000,0,0,0,60,60
35502,194489,0,1000,35503,0,0,60,60
35503,194490,0,1000,0,0,0,60,60
35504,194491,0,1000,0,0,0,60,60
35505,194493,0,0,0,0,0,60,60
35506,194494,0,1000,35507,0,0,60,60
35507,194495,0,1000,35508,0,0,60,60
35508,194498,0,1000,35509,0,0,60,60
35509,194500,0,1000,0,0,0,60,60
35511,194502,0,1000,35512,0,0,60,60
35512,194506,0,1000,35513,0,0,60,60
35513,194508,0,1000,0,0,0,60,60
35514,194511,0,1000,0,0,0,60,60
35515,194512,0,1000,35555,0,0,60,60
35516,194504,0,1000,0,0,0,60,60
35517,194515,0,3000,35518,0,0,60,60
35518,200070,0,3000,35519,0,0,60,60
35519,194516,0,3000,35520,0,0,60,60
35520,200071,0,3000,38005,0,0,60,60
35521,0,0,3000,35478,0,0,60,60
35522,194525,0,1000,0,0,0,60,60
35523,194526,0,0,0,0,0,60,60
35524,194527,0,1000,0,0,0,60,60
35525,194528,0,0,35524,0,0,60,60
35526,194529,0,1000,0,0,0,60,60
35527,194530,0,1000,35528,0,0,60,60
35528,194531,0,0,0,0,0,60,60
35529,194532,0,1000,35530,0,0,60,60
35530,194533,0,0,0,0,0,60,60
35531,194534,0,1000,0,0,0,60,60
35532,194535,0,1000,0,0,0,60,60
35533,194536,0,1000,0,0,0,60,60
35534,194537,0,1000,0,0,0,60,60
35535,194538,0,1000,35536,0,0,60,60
35536,194539,0,1000,0,0,0,60,60
35537,194540,0,1000,0,0,0,60,60
35538,194542,0,0,35539,0,0,60,60
35539,194541,0,1000,0,0,0,60,60
35540,194544,0,2000,35887,0,0,60,60
35541,195453,0,2000,35543,0,0,60,60
35543,194547,0,2000,35545,0,0,60,60
35545,194549,0,2000,35546,0,0,60,60
35546,194550,0,0,0,0,0,60,60
35547,194551,0,1000,0,0,0,60,60
35548,194552,0,1000,35547,0,0,60,60
35549,194553,0,1000,0,0,0,60,60
35550,194543,0,0,0,0,0,60,60
35551,194554,0,1000,35552,0,0,60,60
35552,194556,0,1000,0,0,0,60,60
35553,194557,0,1000,35554,0,0,60,60
35554,194558,0,0,0,0,0,60,60
35555,194559,0,1000,0,0,0,60,60
35556,0,0,1000,35500,0,0,60,60
35557,194560,0,1000,0,0,0,60,60
35558,194561,0,1000,35559,0,0,60,60
35559,194562,0,2000,35560,0,0,60,60
35560,194563,0,10000,35561,0,0,60,60
35561,194564,0,10000,35562,0,0,60,60
35562,194565,0,0,0,0,0,60,60
35563,194566,0,1000,0,0,0,60,60
35566,194569,0,1000,35567,0,1,60,60
35567,194570,0,1000,35568,0,0,60,60
35568,194571,0,1000,35569,0,0,60,60
35569,194572,0,1000,35570,0,0,60,60
35570,194573,0,0,0,0,0,60,60
35571,194587,0,1000,35572,0,0,60,60
35572,194588,0,1000,0,0,0,60,60
35575,194589,0,1000,35577,0,0,60,60
35577,194590,0,0,35578,0,0,60,60
35578,194591,0,0,0,0,0,60,60
35579,194581,0,1000,0,0,0,60,60
35583,194576,0,1000,35584,0,0,60,60
35584,194577,0,1000,35591,0,0,60,60
35585,194578,0,1000,38002,0,0,60,60
35587,194574,0,4000,35588,0,0,60,60
35588,194575,0,3000,35592,0,0,60,60
35591,194580,0,1000,35585,0,0,60,60
35592,194583,0,1000,35593,0,0,60,60
35593,194584,0,1000,35594,0,0,60,60
35594,194585,0,1000,38003,0,0,60,60
35595,194586,0,0,0,0,0,60,60
35596,193957,0,0,35597,0,0,60,60
35597,193958,0,2000,35598,0,0,60,60
35598,193959,0,2000,0,0,0,60,60
35599,194592,0,2000,35600,0,0,60,60
35600,194593,0,0,0,0,0,60,60
35601,194594,0,2000,35602,0,0,60,60
35602,194595,0,2000,35603,0,0,60,60
35603,194596,0,0,0,0,0,60,60
35604,194597,0,2000,35605,0,0,60,60
35605,194598,0,2000,35606,0,0,60,60
35606,194600,0,0,0,0,0,60,60
35607,194601,0,2000,35608,0,0,60,60
35608,194602,0,2000,35609,0,0,60,60
35609,194603,0,1000,0,0,0,60,60
35610,194604,0,3000,35611,0,0,60,60
35611,194605,0,3000,0,0,0,60,60
35612,194606,0,2000,35613,0,0,60,60
35613,194607,0,2000,35614,0,0,60,60
35614,194608,0,0,0,0,0,60,60
35615,194612,0,0,35616,0,0,60,60
35616,194613,0,0,0,0,0,60,60
35617,187659,0,0,0,0,0,60,60
35618,194614,0,0,0,0,0,60,60
35619,194616,0,0,0,0,0,60,60
35620,194615,0,0,0,0,0,60,60
35621,0,0,2000,33136,0,0,60,60
35622,194618,0,0,0,0,0,60,60
35623,194630,0,0,0,0,0,60,60
35624,194640,0,1000,35627,0,0,60,60
35627,194642,0,1000,0,0,0,60,60
35630,194631,0,0,0,0,0,60,60
35631,194632,0,0,0,0,0,60,60
35632,194637,0,4000,0,0,0,60,60
35635,194661,0,1000,0,0,0,60,60
35636,0,0,10000,35637,0,0,60,60
35637,194663,0,0,35638,0,0,60,60
35638,194664,0,0,0,0,0,60,60
35639,194670,0,1000,0,0,0,60,60
35640,194671,0,1000,0,0,0,60,60
35641,180172,0,1000,35642,0,0,60,60
35642,194665,0,1000,35644,0,0,60,60
35644,194666,0,5000,35645,0,0,60,60
35645,194668,0,3000,35646,0,0,60,60
35646,194669,0,3000,0,0,0,60,60
35647,194672,0,1000,0,0,0,60,60
35648,194636,0,0,0,0,0,60,60
35649,194676,0,1000,0,0,0,60,60
35650,194677,0,0,0,0,0,60,60
35651,194094,0,0,0,0,0,60,60
35652,194706,0,0,35653,0,0,60,60
35653,194707,0,0,35654,0,0,60,60
35654,194708,0,0,0,0,0,60,60
35655,194725,0,1000,0,0,0,60,60
35656,194731,0,0,0,0,0,60,60
35657,194741,0,0,0,0,0,60,60
35658,194726,0,1000,0,0,0,60,60
35659,194728,0,0,35660,0,0,60,60
35660,194729,0,0,0,0,0,60,60
35661,194735,0,1000,0,0,0,60,60
35662,188303,0,0,35663,0,0,60,60
35663,194740,0,0,0,0,0,60,60
35666,194734,0,6000,36779,0,0,60,60
35669,194918,0,1000,0,0,0,60,60
35670,194742,0,1000,35671,0,0,60,60
35671,194743,0,1000,35672,0,0,60,60
35672,194744,0,0,0,0,0,60,60
35673,194916,0,3000,0,0,0,60,60
35675,194921,0,3000,36783,0,0,60,60
35676,194249,0,3000,35675,0,0,60,60
35677,194937,0,2000,41162,0,0,60,60
35678,194938,0,1000,0,0,0,60,60
35679,194939,0,4000,35680,0,0,60,60
35680,194940,0,3000,0,0,0,60,60
35681,194941,0,3000,0,0,0,60,60
35682,194942,0,1000,35681,0,0,60,60
35683,194943,0,2000,0,0,0,60,60
35684,193255,0,1000,0,0,0,60,60
35685,0,0,0,0,0,0,60,60
35686,194746,0,0,0,0,0,60,60
35687,194747,0,0,0,0,0,60,60
35688,194748,0,0,0,0,0,60,60
35689,194749,0,0,0,0,0,60,60
35690,194762,0,1000,35691,0,0,60,60
35691,194763,0,1000,35692,0,0,60,60
35692,194764,0,1000,35693,0,0,60,60
35693,194765,0,1000,35694,0,0,60,60
35694,194766,0,1000,35695,0,0,60,60
35695,194767,0,1000,35696,0,0,60,60
35696,194768,0,1000,35697,0,0,60,60
35697,194769,0,1000,0,0,0,60,60
35700,194794,0,3000,35701,0,0,60,60
35701,194727,0,3000,0,0,0,60,60
35702,194796,0,3000,35703,0,0,60,60
35703,194797,0,4000,35704,0,0,60,60
35704,194798,0,1000,0,0,0,60,60
35705,194825,0,0,35706,0,0,60,60
35706,194829,0,0,0,0,0,60,60
35707,194821,0,0,0,0,0,60,60
35708,194822,0,1000,35709,0,0,60,60
35709,194823,0,0,0,0,0,60,60
35710,194826,0,1000,35711,0,0,60,60
35711,194827,0,0,0,0,0,60,60
35712,194828,0,1000,35713,0,0,60,60
35713,194830,0,0,0,0,0,60,60
35715,194832,0,1000,35818,0,0,60,60
35716,194835,552,1000,0,0,0,60,60
35717,194819,0,3000,0,0,1,60,60
35718,194845,0,1000,0,0,0,60,60
35719,187790,0,0,35720,0,0,60,60
35720,187791,0,1000,35721,0,0,60,60
35721,187793,0,0,0,0,0,60,60
35722,194861,0,0,35723,0,0,60,60
35723,194862,0,0,35724,0,0,60,60
35724,194863,0,0,35725,0,0,60,60
35725,194864,0,0,0,0,0,60,60
35726,203744,0,1000,0,0,0,60,60
35727,194866,0,3000,35728,0,0,60,60
35728,194867,0,3000,0,0,0,60,60
35730,194727,0,1000,0,0,0,60,60
35731,194912,0,1000,0,0,0,60,60
35732,191691,0,3000,0,0,0,60,60
35735,194953,0,1000,0,0,0,60,60
35736,194954,0,1000,0,0,0,60,60
35737,194955,0,1000,0,0,0,60,60
35738,194972,0,4000,0,0,0,60,60
35739,194973,0,4000,0,0,0,60,60
35740,194974,0,3000,35741,0,1,60,60
35741,194975,0,1000,0,0,0,60,60
35742,184445,0,0,0,0,0,60,60
35743,194657,0,0,0,0,0,60,60
35744,194977,0,1000,0,0,0,60,60
35745,194117,0,0,0,0,0,60,60
35746,194228,0,0,31712,0,0,60,60
35747,187511,0,2000,35748,0,0,60,60
35748,187512,0,2000,35749,0,0,60,60
35749,194998,0,0,0,0,0,60,60
35750,195007,0,0,0,0,0,60,60
35751,0,0,8000,35752,0,0,60,60
35752,195020,0,1000,0,0,0,60,60
35753,0,0,15000,35754,0,0,60,60
35754,195021,0,1000,0,0,0,60,60
35755,194989,0,1000,0,0,0,60,60
35756,195022,0,2000,35757,0,0,60,60
35757,195023,0,0,0,0,0,60,60
35758,195029,0,0,35759,0,4,60,60
35759,195028,0,0,39826,0,4,60,60
35760,195030,0,1000,0,0,0,60,60
35761,195031,0,0,35763,0,0,60,60
35763,195033,0,0,35765,0,0,60,60
35765,195035,0,0,35767,0,0,60,60
35767,195037,0,0,35768,0,0,60,60
35768,195038,0,1000,35769,0,2,60,60
35769,195039,0,1000,35770,0,0,60,60
35770,195040,0,1000,0,0,0,60,60
35771,195057,0,1000,0,0,0,60,60
35772,0,0,1000,35773,0,0,60,60
35773,195095,0,4000,35774,0,0,60,60
35774,195097,0,4000,35775,0,0,60,60
35775,195098,0,3000,0,0,0,60,60
35778,195151,0,0,0,0,0,60,60
35779,195165,0,1000,36062,0,0,60,60
35780,196209,0,1000,0,0,1,60,60
35781,195171,0,3000,35780,0,0,60,60
35782,195172,0,1000,0,0,0,60,60
35783,195193,0,1000,0,0,0,60,60
35784,195194,0,1000,0,0,0,60,60
35785,195195,0,0,31248,0,0,60,60
35786,195202,0,0,35787,0,0,60,60
35787,195203,0,0,0,0,0,60,60
35788,195204,0,0,0,0,0,60,60
35789,195216,0,0,0,0,0,60,60
35790,195218,0,0,0,0,0,60,60
35791,195217,0,0,0,0,0,60,60
35793,195220,0,2000,35795,0,0,60,60
35795,195222,0,1000,0,0,0,60,60
35796,203909,0,1000,0,0,0,60,60
35797,195105,0,1000,35798,0,0,60,60
35798,195106,0,1000,0,0,0,60,60
35799,195324,0,0,0,0,0,60,60
35800,195325,0,0,0,0,0,60,60
35801,195326,0,0,0,0,0,60,60
35802,195327,0,0,0,0,0,60,60
35803,195107,0,1000,35804,0,0,60,60
35804,195108,0,1000,0,0,0,60,60
35805,195254,0,0,0,0,0,60,60
35806,195255,0,0,0,0,0,60,60
35807,195256,0,0,0,0,0,60,60
35808,0,0,1000,35809,0,0,60,60
35809,195269,0,1000,35810,0,0,60,60
35810,195270,0,0,0,0,0,60,60
35812,195113,0,0,35813,0,0,60,60
35813,195115,0,0,35814,0,0,60,60
35814,195116,0,3000,36827,0,0,60,60
35815,0,0,2000,35816,0,0,60,60
35816,195277,0,1000,35817,0,0,60,60
35817,195278,0,0,0,0,0,60,60
35818,194833,0,0,0,0,0,60,60
35819,195279,0,1000,35820,0,0,60,60
35820,195340,0,1000,41397,0,0,60,60
35822,195357,0,5000,0,0,0,60,60
35823,192918,0,1000,35824,0,0,60,60
35824,195365,0,0,0,0,0,60,60
35825,195362,0,0,35826,0,0,60,60
35826,195366,0,0,0,0,0,60,60
35827,195363,0,1000,35828,0,0,60,60
35828,195367,0,0,0,0,0,60,60
35829,195364,0,1000,35830,0,0,60,60
35830,195368,0,0,0,0,0,60,60
35831,0,0,2000,35823,0,0,60,60
35832,0,0,1000,35825,0,0,60,60
35833,0,0,0,35827,0,0,60,60
35834,195369,0,1000,35835,0,0,60,60
35835,195370,0,0,0,0,0,60,60
35836,195331,0,0,0,0,0,60,60
35837,199510,0,500,35838,0,0,60,60
35838,195282,0,500,0,0,1,60,60
35840,199555,0,500,0,0,0,60,60
35841,195285,0,500,37829,0,0,60,60
35842,195117,0,1000,35843,0,0,60,60
35843,195118,0,1000,0,0,0,60,60
35845,195120,0,0,35846,0,0,60,60
35846,195121,0,0,35847,0,0,60,60
35847,195122,0,500,35848,0,0,60,60
35848,195123,0,0,35849,0,0,60,60
35849,195124,0,0,35856,0,0,60,60
35850,195287,0,0,0,0,1,60,60
35851,193829,0,3000,35852,0,4,60,60
35852,195409,0,0,0,0,0,60,60
35853,195294,0,1000,35854,0,0,60,60
35854,195293,0,1000,35855,0,0,60,60
35855,199481,0,1000,0,0,0,60,60
35856,195125,0,0,0,0,0,60,60
35857,195422,0,1000,35858,0,0,60,60
35858,195426,0,2000,35874,0,0,60,60
35859,195413,0,5000,35860,0,1,60,60
35860,195414,0,3000,35861,0,1,60,60
35861,195416,0,1000,0,0,1,60,60
35862,195411,0,3000,35863,0,4,60,60
35863,195412,0,0,0,0,0,60,60
35864,195126,0,1000,0,0,0,60,60
35866,195127,0,0,35867,0,0,60,60
35867,195128,0,0,35868,0,0,60,60
35868,195129,0,100000,39630,0,0,60,60
35869,195131,0,0,35870,0,0,60,60
35870,195132,0,0,35871,0,0,60,60
35871,195133,0,0,35872,0,0,60,60
35872,195134,0,0,0,0,0,60,60
35873,195437,0,1000,0,0,2,60,60
35874,195429,0,2000,35875,0,0,60,60
35875,195430,0,1000,35876,0,0,60,60
35876,195432,0,3000,35877,0,0,60,60
35877,195433,0,1000,35878,0,0,60,60
35878,195434,0,3000,35879,0,0,60,60
35879,195435,0,2000,35880,0,0,60,60
35880,195436,0,2000,35881,0,0,60,60
35881,195438,0,3000,35882,0,0,60,60
35882,195439,0,2000,35883,0,0,60,60
35883,195440,0,0,0,0,0,60,60
35884,195443,0,5000,0,0,0,60,60
35885,195444,0,1000,0,0,1,60,60
35887,194545,0,2000,35541,0,0,60,60
35888,195458,0,3000,36342,0,0,60,60
35889,195460,0,4000,35899,0,0,60,60
35890,195464,0,1000,35891,0,0,60,60
35891,195465,0,1000,35893,0,0,60,60
35893,195467,0,1000,0,0,0,60,60
35895,195295,0,1000,35896,0,0,60,60
35896,195296,0,1000,0,0,0,60,60
35899,195472,0,1000,0,0,0,60,60
35900,195474,0,1000,0,0,1,60,60
35901,187934,0,5000,35902,0,0,60,60
35902,195469,0,5000,35903,0,0,60,60
35903,195473,0,5000,35904,0,0,60,60
35904,195475,0,0,0,0,0,60,60
35905,195441,0,1000,0,0,1,60,60
35906,195482,0,0,0,0,0,60,60
35913,195478,0,3000,35914,0,0,60,60
35914,195489,0,0,0,0,0,60,60
35915,195490,0,5000,0,0,0,60,60
35917,195500,0,1000,0,0,0,60,60
35918,0,0,4000,35919,0,0,60,60
35919,195501,0,0,35921,0,0,60,60
35921,195503,0,0,35922,0,0,60,60
35922,195504,0,0,35927,0,0,60,60
35924,195506,0,0,35926,0,0,60,60
35926,195508,0,0,0,0,0,60,60
35927,195509,0,0,0,0,0,60,60
35928,195536,0,2000,35929,0,0,60,60
35929,0,0,0,0,0,0,60,60
35930,195512,0,0,35931,0,0,60,60
35931,195513,0,0,0,0,0,60,60
35933,195515,0,2000,35934,0,0,60,60
35934,195516,0,2000,35935,0,0,60,60
35935,195517,0,2000,0,0,0,60,60
35937,195520,0,0,35938,0,0,60,60
35938,195521,0,0,35939,0,0,60,60
35939,195522,0,0,0,0,0,60,60
35940,195524,0,0,35941,0,0,60,60
35941,195525,0,0,35943,0,0,60,60
35943,195527,0,0,36997,0,0,60,60
35945,195531,0,4000,36508,0,0,60,60
35946,195535,0,2000,0,0,0,60,60
35947,195532,0,0,35949,0,0,60,60
35949,195534,0,0,35950,0,0,60,60
35950,0,0,0,0,0,0,60,60
35952,195537,0,0,0,0,0,60,60
35954,195540,0,1000,35955,0,0,60,60
35955,195541,0,1000,35956,0,0,60,60
35956,195542,0,0,0,0,0,60,60
35959,195548,0,0,35962,0,0,60,60
35962,195551,0,0,35963,0,0,60,60
35963,195552,0,0,0,0,0,60,60
35965,195562,0,1000,0,0,0,60,60
35968,195565,0,0,35970,0,0,60,60
35970,195567,0,0,0,0,0,60,60
35971,195569,0,0,36154,0,0,60,60
35972,195570,0,0,0,0,0,60,60
35973,195573,0,2000,0,0,0,60,60
35974,0,0,0,0,0,0,60,60
35975,195576,0,2000,0,0,0,60,60
35977,195574,0,0,35978,0,0,60,60
35978,0,0,0,0,0,0,60,60
35979,195575,0,0,35975,0,0,60,60
35980,195577,0,0,0,0,0,60,60
35982,195579,0,0,0,0,0,60,60
35983,195580,0,0,0,0,0,60,60
35986,195583,0,0,35987,0,0,60,60
35987,195584,0,5000,35988,0,0,60,60
35988,195585,0,0,35989,0,0,60,60
35989,195586,0,0,35990,0,0,60,60
35990,195587,0,0,0,0,0,60,60
35991,195588,0,0,0,0,0,60,60
35992,195589,0,0,0,0,0,60,60
35993,195590,0,0,35994,0,0,60,60
35994,195591,0,0,0,0,0,60,60
35997,195594,0,0,0,0,0,60,60
35999,195597,0,0,36000,0,0,60,60
36000,195598,0,0,36001,0,0,60,60
36001,195599,0,0,36002,0,0,60,60
36002,195600,0,0,36003,0,0,60,60
36003,195601,0,0,36004,0,0,60,60
36004,195602,0,2000,36005,0,0,60,60
36005,195603,0,0,0,0,0,60,60
36007,195605,0,2000,36008,0,0,60,60
36008,195606,0,0,36009,0,0,60,60
36009,195607,0,0,0,0,0,60,60
36012,195610,0,0,36013,0,0,60,60
36013,195611,0,0,0,0,0,60,60
36014,195612,0,0,0,0,0,60,60
36016,195135,0,1000,0,0,0,60,60
36017,195136,0,1000,36018,0,0,60,60
36018,195137,0,1000,36019,0,0,60,60
36019,195138,0,1000,0,0,0,60,60
36020,195631,0,2000,36021,0,0,60,60
36021,195632,0,1000,36022,0,0,60,60
36022,195633,0,1000,37876,0,0,60,60
36023,199816,0,500,0,0,0,60,60
36024,195637,0,1000,36025,0,0,60,60
36025,195638,0,1000,36026,0,0,60,60
36026,195639,0,1000,36027,0,0,60,60
36027,195640,0,1000,0,0,0,60,60
36029,199950,0,500,37877,0,0,60,60
36030,195647,0,500,36031,0,0,60,60
36031,199823,0,500,36033,0,0,60,60
36033,195650,0,500,0,0,0,60,60
36034,195654,0,0,0,0,0,60,60
36035,195652,0,1000,36036,0,0,60,60
36036,195653,0,1000,36037,0,0,60,60
36037,195655,0,1000,0,0,0,60,60
36038,195656,0,1000,0,0,0,60,60
36039,195660,0,1000,0,0,0,60,60
36040,195661,0,0,36041,0,0,60,60
36041,195662,0,0,0,0,0,60,60
36042,0,0,2000,36040,0,0,60,60
36043,195664,0,0,38044,0,0,60,60
36045,195666,0,0,0,0,0,60,60
36047,195669,0,1000,36048,0,0,60,60
36048,195670,0,1000,36049,0,0,60,60
36049,195671,0,1000,36050,0,0,60,60
36050,195672,0,0,0,0,0,60,60
36053,195686,0,0,36054,0,0,60,60
36054,195687,0,0,0,0,0,60,60
36055,195699,0,4000,36056,0,0,60,60
36056,195700,0,5000,36058,0,0,60,60
36058,195701,0,1000,0,0,0,60,60
36059,195139,0,1000,36060,0,0,60,60
36060,195140,0,1000,36061,0,0,60,60
36061,195141,0,1000,0,0,0,60,60
36062,195713,0,1000,0,0,0,60,60
36063,195702,0,1000,0,0,0,60,60
36064,195703,0,1000,0,0,0,60,60
36065,193267,0,1000,0,0,0,60,60
36066,195758,0,1000,0,0,0,60,60
36067,195757,0,1000,0,0,0,60,60
36068,195833,0,0,0,0,0,60,60
36069,195777,0,1000,0,0,0,60,60
36070,195775,0,1000,36071,0,0,60,60
36071,195776,0,0,0,0,0,60,60
36072,195147,0,1000,36073,0,0,60,60
36073,195148,0,1000,0,0,0,60,60
36074,195795,0,1000,36075,0,0,60,60
36075,195797,0,1000,39671,0,0,60,60
36078,195801,0,1000,39806,0,0,60,60
36079,187981,0,0,0,0,0,60,60
36081,195781,0,1000,0,0,0,60,60
36082,187982,0,0,0,0,0,60,60
36083,195819,0,0,0,0,0,60,60
36084,195824,138476,0,0,0,0,60,60
36085,195827,0,0,0,0,0,60,60
36086,195820,0,0,0,0,0,60,60
36087,195823,0,0,0,0,0,60,60
36088,195822,0,1000,0,0,0,60,60
36089,195821,0,1000,0,0,0,60,60
36091,182519,0,0,0,0,0,60,60
36092,185545,0,0,0,0,0,60,60
36093,195834,0,0,0,0,0,60,60
36094,182532,0,0,0,0,0,60,60
36096,195844,0,0,0,0,0,60,60
36097,0,0,1000,33357,0,0,60,60
36098,0,0,1000,33369,0,0,60,60
36099,177651,0,1000,36100,0,0,60,60
36100,195852,0,0,0,0,0,60,60
36101,184223,0,1000,36102,0,0,60,60
36102,195853,0,0,0,0,0,60,60
36103,177657,0,1000,36104,0,0,60,60
36104,195854,0,0,0,0,0,60,60
36105,195859,0,2000,0,0,0,60,60
36108,195855,0,0,36109,0,0,60,60
36109,195856,0,0,36110,0,0,60,60
36110,195858,0,0,0,0,0,60,60
36111,195862,0,2000,0,0,0,60,60
36112,195872,0,0,36113,0,0,60,60
36113,195867,0,0,36114,0,0,60,60
36114,108877,0,500,36115,0,0,60,60
36115,118237,0,500,36116,0,0,60,60
36116,195864,0,500,36117,0,0,60,60
36117,195869,0,500,41302,0,0,60,60
36118,195865,0,1000,36119,0,0,60,60
36119,195870,0,2000,36121,0,0,60,60
36121,195866,0,0,36122,0,0,60,60
36122,195871,0,0,0,0,0,60,60
36123,195873,0,0,0,0,0,60,60
36124,195875,0,1000,36125,0,0,60,60
36125,195876,0,1000,36126,0,0,60,60
36126,195877,0,1000,36127,0,0,60,60
36127,195878,0,1000,0,0,0,60,60
36128,195889,0,1000,0,0,0,60,60
36129,195891,0,1000,0,0,0,60,60
36130,195902,0,3000,36131,0,0,60,60
36131,195903,0,1000,0,0,0,60,60
36132,195918,0,0,0,0,0,60,60
36133,178507,0,0,36134,0,0,60,60
36134,195920,0,0,0,0,0,60,60
36135,195299,0,3000,36136,0,0,60,60
36136,195301,0,3000,36137,0,0,60,60
36137,195303,0,3000,0,0,0,60,60
36138,195153,0,1000,36139,0,0,60,60
36139,195154,0,1000,0,0,0,60,60
36140,195931,0,3000,0,0,0,60,60
36141,195155,0,0,36142,0,0,60,60
36142,195156,0,0,36144,0,0,60,60
36144,195158,0,0,36145,0,0,60,60
36145,195159,0,0,36146,0,0,60,60
36146,195160,0,1000,36147,0,0,60,60
36147,195161,0,0,36148,0,0,60,60
36148,195162,0,0,0,0,0,60,60
36149,0,0,2000,36150,0,0,60,60
36150,178509,0,1000,36151,0,0,60,60
36151,195958,0,0,0,0,0,60,60
36152,195968,0,0,36153,0,0,60,60
36153,195969,0,0,0,0,0,60,60
36154,195975,0,0,35972,0,0,60,60
36155,195971,0,1000,36156,0,0,60,60
36156,195972,0,0,0,0,0,60,60
36157,195978,0,1000,36158,0,0,60,60
36158,195979,0,1000,36159,0,0,60,60
36159,195980,0,1000,0,0,0,60,60
36160,195981,0,0,0,0,0,60,60
36161,189218,0,0,36162,0,0,60,60
36162,195985,0,0,0,0,0,60,60
36163,189312,0,0,36164,0,0,60,60
36164,195989,0,0,0,0,0,60,60
36167,195988,0,0,0,0,0,60,60
36168,189313,0,0,36169,0,0,60,60
36169,195992,0,0,0,0,0,60,60
36170,189308,0,0,36171,0,0,60,60
36171,195993,0,0,0,0,0,60,60
36172,195163,0,1000,0,0,0,60,60
36173,195164,0,1000,36174,0,0,60,60
36174,195166,0,1000,0,0,0,60,60
36175,189311,0,0,36176,0,0,60,60
36176,195994,0,0,0,0,0,60,60
36177,189315,0,0,36178,0,0,60,60
36178,195997,0,0,0,0,0,60,60
36179,189266,0,0,36180,0,0,60,60
36180,195999,0,0,0,0,0,60,60
36181,196020,0,0,36182,0,0,60,60
36182,196021,0,0,36183,0,0,60,60
36183,196022,0,0,0,0,0,60,60
36184,189219,0,0,36185,0,0,60,60
36185,196023,0,0,0,0,0,60,60
36186,189231,0,0,36187,0,0,60,60
36187,196024,0,0,0,0,0,60,60
36188,189236,0,0,36189,0,0,60,60
36189,196025,0,0,0,0,0,60,60
36190,189234,0,0,36191,0,0,60,60
36191,196026,0,0,0,0,0,60,60
36192,189240,0,0,36193,0,0,60,60
36193,196027,0,0,0,0,0,60,60
36194,189237,0,0,36195,0,0,60,60
36195,196028,0,0,0,0,0,60,60
36196,189241,0,0,36197,0,0,60,60
36197,196029,0,0,0,0,0,60,60
36198,189242,0,0,36199,0,0,60,60
36199,196030,0,0,0,0,0,60,60
36200,189264,0,0,36201,0,0,60,60
36201,196031,0,0,0,0,0,60,60
36202,189265,0,0,36203,0,0,60,60
36203,196032,0,0,0,0,0,60,60
36204,196061,0,0,0,0,0,60,60
36205,196061,0,0,0,0,0,60,60
36206,196060,0,0,36207,0,0,60,60
36207,196052,0,0,0,0,0,60,60
36208,192511,0,0,36209,0,0,60,60
36209,196050,0,0,0,0,0,60,60
36210,192512,0,0,36211,0,0,60,60
36211,196051,0,0,0,0,0,60,60
36212,192517,0,0,36213,0,0,60,60
36213,196059,0,0,0,0,0,60,60
36214,192516,0,0,36215,0,0,60,60
36215,196058,0,0,0,0,0,60,60
36216,196084,0,1000,36217,0,0,60,60
36217,196086,0,0,0,0,0,60,60
36218,196095,0,0,36219,0,0,60,60
36219,196090,0,0,0,0,0,60,60
36220,196095,0,0,36221,0,0,60,60
36221,196090,0,0,0,0,0,60,60
36222,189402,0,0,36223,0,0,60,60
36223,196085,0,0,0,0,0,60,60
36224,189403,0,0,36225,0,0,60,60
36225,196091,0,0,0,0,0,60,60
36226,189418,0,0,36227,0,0,60,60
36227,196094,0,0,0,0,0,60,60
36228,189411,0,0,36229,0,0,60,60
36229,196093,0,0,0,0,0,60,60
36230,196097,0,1000,0,0,0,60,60
36231,196101,0,0,36232,0,0,60,60
36232,196106,0,0,0,0,0,60,60
36233,192518,0,0,36234,0,0,60,60
36234,196099,0,0,0,0,0,60,60
36235,192521,0,0,36236,0,0,60,60
36236,196102,0,0,0,0,0,60,60
36237,192525,0,0,36238,0,0,60,60
36238,196105,0,0,0,0,0,60,60
36239,196115,0,2000,36241,0,0,60,60
36241,196118,0,0,0,0,0,60,60
36242,192524,0,0,36243,0,0,60,60
36243,196104,0,0,0,0,0,60,60
36244,196122,0,0,36245,0,0,60,60
36245,196128,0,0,0,0,0,60,60
36246,196120,0,0,36247,0,0,60,60
36247,196126,0,0,36248,0,0,60,60
36248,196127,0,0,0,0,0,60,60
36249,196119,0,0,36250,0,0,60,60
36250,196124,0,0,36251,0,0,60,60
36251,196125,0,0,0,0,0,60,60
36252,189554,0,0,36253,0,0,60,60
36253,196130,0,0,0,0,0,60,60
36254,196136,0,0,36255,0,0,60,60
36255,196137,0,0,0,0,0,60,60
36256,196131,0,0,36257,0,0,60,60
36257,196132,0,0,36258,0,0,60,60
36258,196133,0,0,0,0,0,60,60
36259,189574,0,0,36260,0,0,60,60
36260,196134,0,0,0,0,0,60,60
36261,189581,0,0,36262,0,0,60,60
36262,196138,0,0,0,0,0,60,60
36264,196175,0,5000,0,20342,0,60,60
36265,196176,0,5000,0,20341,0,60,60
36266,196655,0,0,0,0,0,60,60
36267,196418,0,5000,0,593,0,60,60
36268,196178,0,2000,36269,0,0,60,60
36269,196179,0,1000,40509,0,0,60,60
36270,196173,0,2000,0,0,0,60,60
36271,196174,0,2000,0,0,0,60,60
36275,189281,0,0,36276,0,0,60,60
36276,196196,0,0,0,0,0,60,60
36277,189282,0,0,36278,0,0,60,60
36278,196200,0,0,0,0,0,60,60
36279,189285,0,0,36280,0,0,60,60
36280,196199,0,0,0,0,0,60,60
36281,189287,0,0,36282,0,0,60,60
36282,196198,0,0,0,0,0,60,60
36283,189289,0,0,36284,0,0,60,60
36284,196197,0,0,0,0,0,60,60
36285,189290,0,0,36286,0,0,60,60
36286,196201,0,0,0,0,0,60,60
36287,189291,0,0,36288,0,0,60,60
36288,196202,0,0,0,0,0,60,60
36289,189297,0,0,36290,0,0,60,60
36290,196204,0,0,0,0,0,60,60
36291,189298,0,0,36292,0,0,60,60
36292,196205,0,0,0,0,0,60,60
36293,189296,0,0,36294,0,0,60,60
36294,196203,0,0,0,0,0,60,60
36295,196206,0,0,0,0,0,60,60
36297,196209,0,1000,0,0,1,60,60
36298,0,0,1000,36299,0,4,60,60
36299,196220,0,1000,0,0,4,60,60
36300,0,0,1000,36301,0,0,60,60
36301,196235,0,1000,36302,0,0,60,60
36302,196252,0,1000,36303,0,0,60,60
36303,196253,0,1000,0,0,0,60,60
36317,196066,0,1000,36318,0,0,60,60
36318,196067,0,1000,0,0,0,60,60
36319,196246,0,1000,39321,0,0,60,60
36320,196250,0,1000,0,0,1,60,60
36321,196258,0,0,0,0,0,60,60
36322,196139,0,1000,36323,0,0,60,60
36323,196140,0,1000,39770,0,0,60,60
36324,0,0,2000,36322,0,0,60,60
36325,196141,0,1000,0,0,0,60,60
36326,196142,0,1000,0,0,0,60,60
36327,196143,0,1000,0,0,0,60,60
36328,196144,0,1000,0,0,0,60,60
36329,196145,0,1000,0,0,0,60,60
36330,196146,0,1000,0,0,0,60,60
36332,196147,0,1000,0,0,1,60,60
36333,0,0,5000,36334,0,0,60,60
36334,196148,0,1000,0,0,1,60,60
36341,191515,0,0,0,0,0,60,60
36342,196259,0,4000,35889,0,0,60,60
36343,196261,0,0,36344,0,0,60,60
36344,196262,0,0,36345,0,0,60,60
36345,196263,0,0,0,0,0,60,60
36346,196264,0,0,0,0,0,60,60
36347,196270,0,0,36348,0,0,60,60
36348,196271,0,1000,36349,0,0,60,60
36349,196272,0,0,0,0,0,60,60
36350,196277,0,1000,0,0,0,60,60
36351,196285,0,1000,36352,0,0,60,60
36352,0,0,0,36353,0,0,60,60
36353,0,0,0,36354,0,0,60,60
36354,196286,0,1000,36355,0,0,60,60
36355,0,0,4000,36356,0,0,60,60
36356,196287,0,1000,0,0,0,60,60
36357,196290,0,1000,36358,0,0,60,60
36358,196292,0,1000,36359,0,0,60,60
36359,196293,0,1000,36360,0,0,60,60
36360,196295,0,1000,36361,0,0,60,60
36361,196296,0,4000,0,0,0,60,60
36366,196300,0,2000,36367,0,0,60,60
36367,196301,0,2000,36368,0,0,60,60
36368,196302,0,0,0,0,0,60,60
36369,196303,0,1000,36370,0,0,60,60
36370,196304,0,1000,36371,0,0,60,60
36371,196305,0,1000,36372,0,0,60,60
36372,196306,0,1000,0,0,0,60,60
36373,196328,0,0,0,0,0,60,60
36374,196329,0,0,0,0,0,60,60
36387,196322,0,4000,36389,0,0,60,60
36389,187342,0,4000,36391,0,0,60,60
36391,196325,0,4000,36392,0,0,60,60
36392,187344,0,4000,0,0,0,60,60
36394,196327,0,4000,36395,0,0,60,60
36395,196330,0,4000,36396,0,0,60,60
36396,196331,0,4000,36397,0,0,60,60
36397,196332,0,4000,0,0,0,60,60
36398,196340,0,0,0,0,0,60,60
36399,196341,0,0,0,0,0,60,60
36400,196342,0,1000,0,0,0,60,60
36402,196348,0,0,0,0,0,60,60
36403,196369,0,0,36404,0,0,60,60
36404,196368,0,0,0,0,0,60,60
36405,0,0,2000,36406,0,0,60,60
36406,196372,0,1000,0,0,1,60,60
36407,196164,0,3000,39804,0,0,60,60
36408,0,0,2000,36409,0,0,60,60
36409,196168,0,2000,36410,0,0,60,60
36410,196169,0,2000,0,0,0,60,60
36412,196171,0,2000,36413,0,0,60,60
36413,196172,0,1000,0,0,0,60,60
36414,196385,0,1000,0,0,0,60,60
36415,188502,0,1000,0,0,0,60,60
36416,196397,0,1000,0,0,0,60,60
36417,0,0,1000,36418,0,0,60,60
36418,196401,0,1000,0,0,0,60,60
36419,182872,0,1000,0,0,0,60,60
36423,204133,0,500,39831,0,0,60,60
36424,196416,0,500,39833,0,0,60,60
36425,196417,0,500,0,0,0,60,60
36427,196419,0,0,36428,0,0,60,60
36428,196420,0,1000,0,0,0,60,60
36429,196421,0,1000,36430,0,0,60,60
36430,196422,0,1000,0,0,0,60,60
36431,196429,0,4000,36432,0,0,60,60
36432,178911,0,4000,0,0,0,60,60
36433,196433,0,1000,0,0,0,60,60
36434,196434,0,1000,0,0,0,60,60
36435,196435,0,1000,0,0,0,60,60
36436,196436,0,4000,36437,0,0,60,60
36437,196437,0,4000,36438,0,0,60,60
36438,196438,0,4000,36439,0,0,60,60
36439,196439,0,4000,0,0,0,60,60
36440,196441,0,3000,36441,0,0,60,60
36441,196442,0,6000,36443,0,0,60,60
36443,196444,0,0,0,0,0,60,60
36446,196447,0,1000,0,0,0,60,60
36448,196449,0,0,0,0,0,60,60
36450,196452,0,0,0,0,0,60,60
36455,196457,0,0,0,0,0,60,60
36457,196458,0,0,0,0,0,60,60
36458,196459,0,0,0,0,0,60,60
36460,196460,0,0,0,0,0,60,60
36461,196461,0,0,0,0,0,60,60
36462,196462,0,0,0,0,0,60,60
36463,196464,0,0,0,0,0,60,60
36471,0,0,2000,36472,0,0,60,60
36472,196472,0,0,36473,0,0,60,60
36473,196473,0,4000,36474,0,0,60,60
36474,196474,0,2000,36475,0,0,60,60
36475,196475,0,2000,0,0,0,60,60
36476,196477,0,1000,36477,0,0,60,60
36477,196478,0,1000,0,0,0,60,60
36478,196486,0,1000,36479,0,0,60,60
36479,196487,0,1000,0,0,0,60,60
36480,196489,0,0,36481,0,0,60,60
36481,196490,0,1000,0,0,0,60,60
36482,196491,0,1000,36483,0,0,60,60
36483,196492,0,0,0,0,0,60,60
36484,196512,0,0,36485,0,0,60,60
36485,196513,0,0,0,0,0,60,60
36486,0,0,4000,36487,0,0,60,60
36487,196517,0,4000,36488,0,0,60,60
36488,196518,0,0,0,0,0,60,60
36490,196519,0,1000,36773,0,0,60,60
36491,196522,0,0,36492,0,0,60,60
36492,196523,0,0,36493,0,0,60,60
36493,196525,0,0,0,0,0,60,60
36494,196529,0,1000,36495,0,0,60,60
36495,196530,0,1000,0,0,0,60,60
36496,175494,0,1000,36497,0,0,60,60
36497,196531,0,1000,0,0,0,60,60
36498,196532,0,0,0,0,0,60,60
36499,196534,0,1000,36500,0,0,60,60
36500,196535,0,1000,0,0,0,60,60
36501,196543,0,0,36502,0,0,60,60
36502,196545,0,0,36503,0,0,60,60
36503,196547,0,0,0,0,0,60,60
36504,196558,0,1000,0,0,0,60,60
36505,196561,0,1000,0,0,0,60,60
36506,196562,0,1000,0,0,0,60,60
36508,196536,0,3000,36509,0,0,60,60
36509,196563,0,0,0,0,0,60,60
36510,196564,0,1000,0,0,0,60,60
36511,203750,0,1000,0,0,0,60,60
36513,196572,0,1000,0,0,0,60,60
36514,196573,0,1000,0,0,0,60,60
36515,196574,0,1000,0,0,0,60,60
36516,196575,0,0,0,0,0,60,60
36517,196576,0,1000,0,0,0,60,60
36518,196579,0,1000,0,0,0,60,60
36519,196582,0,1000,0,0,0,60,60
36520,196584,0,1000,0,0,0,60,60
36521,196075,0,500,36522,0,0,60,60
36522,196076,0,500,36523,0,0,60,60
36523,196077,0,500,36524,0,0,60,60
36524,196078,0,500,36525,0,0,60,60
36525,196079,0,500,36526,0,0,60,60
36526,196080,0,500,36527,0,0,60,60
36527,196081,0,500,36528,0,0,60,60
36528,196082,0,500,36529,0,0,60,60
36529,196083,0,500,0,0,0,60,60
36530,196073,0,1000,36531,0,0,60,60
36531,196074,0,1000,0,0,0,60,60
36532,196590,0,1000,0,0,0,60,60
36533,196591,0,1000,39244,0,0,60,60
36534,196593,0,0,36535,0,0,60,60
36535,196594,0,0,0,0,0,60,60
36536,196595,0,0,0,0,0,60,60
36537,196596,0,0,36538,0,0,60,60
36538,196597,0,0,0,0,0,60,60
36539,196598,0,0,36540,0,0,60,60
36540,196599,0,0,0,0,0,60,60
36541,196600,0,0,0,0,0,60,60
36542,196601,0,0,31944,0,0,60,60
36543,196604,0,0,0,0,0,60,60
36544,196605,0,0,0,0,0,60,60
36545,196606,0,0,31955,0,0,60,60
36546,196607,0,0,0,0,0,60,60
36547,0,0,2000,36548,0,0,60,60
36548,196619,0,1000,36549,0,0,60,60
36549,196621,0,0,0,0,0,60,60
36550,196615,0,1000,0,0,0,60,60
36551,196618,0,1000,0,0,0,60,60
36552,196620,0,1000,0,0,0,60,60
36553,196622,0,1000,0,0,0,60,60
36554,196625,0,1000,0,0,0,60,60
36555,196624,0,1000,0,0,0,60,60
36556,196625,0,1000,0,0,0,60,60
36557,196626,0,1000,0,0,0,60,60
36558,196627,0,1000,0,0,0,60,60
36559,196628,0,1000,0,0,0,60,60
36560,196629,0,1000,31412,0,0,60,60
36561,196630,0,1000,36562,0,0,60,60
36562,196631,0,1000,36563,0,0,60,60
36563,196632,0,1000,36564,0,0,60,60
36564,196633,0,0,0,0,0,60,60
36565,196634,0,1000,36566,0,0,60,60
36566,196635,0,1000,36567,0,0,60,60
36567,196636,0,0,0,0,0,60,60
36568,196637,0,2000,36569,0,0,60,60
36569,196638,0,1000,36570,0,0,60,60
36570,196639,0,0,0,0,0,60,60
36571,195152,0,1000,36572,0,0,60,60
36572,196640,0,6000,36573,0,1,60,60
36573,196642,0,6000,36574,0,1,60,60
36574,196641,0,1000,0,0,1,60,60
36575,196571,0,0,0,0,0,60,60
36576,196586,0,0,0,0,0,60,60
36577,196583,0,0,0,0,0,60,60
36578,196585,0,0,0,0,0,60,60
36579,0,0,1000,31399,0,0,60,60
36580,196649,0,0,0,0,0,60,60
36582,196651,0,0,0,0,0,60,60
36584,196653,0,0,0,0,0,60,60
36587,196656,0,0,0,0,0,60,60
36590,196659,0,1000,0,0,0,60,60
36593,196660,0,0,36594,0,0,60,60
36594,196661,0,0,0,0,0,60,60
36595,196667,0,1000,36596,0,0,60,60
36596,196668,0,0,0,0,0,60,60
36597,196675,0,3000,36598,0,0,60,60
36598,196676,0,5000,36600,0,0,60,60
36600,196680,0,2000,0,0,0,60,60
36601,196681,0,1000,36602,0,0,60,60
36602,196682,0,0,0,0,0,60,60
36603,196685,0,0,0,0,0,60,60
36605,196688,0,1000,0,0,0,60,60
36606,196689,0,0,36607,0,0,60,60
36607,196690,0,0,0,0,0,60,60
36608,196691,0,0,0,0,0,60,60
36609,196692,0,1000,0,0,0,60,60
36610,196693,0,1000,0,0,0,60,60
36611,196694,0,1000,0,0,0,60,60
36612,196695,0,1000,36613,0,0,60,60
36613,196696,0,0,36614,0,0,60,60
36614,196697,0,1000,36615,0,0,60,60
36615,196698,0,0,0,0,0,60,60
36616,196699,0,1000,36617,0,0,60,60
36617,196700,0,1000,0,0,0,60,60
36618,196701,0,1000,0,0,0,60,60
36619,196702,0,1000,36620,0,0,60,60
36620,0,0,0,0,0,0,60,60
36621,196703,0,1000,0,0,0,60,60
36622,196705,0,1000,0,0,0,60,60
36623,196704,0,1000,36624,0,0,60,60
36624,0,0,0,0,0,0,60,60
36625,196706,0,1000,0,0,0,60,60
36626,196707,0,1000,0,0,0,60,60
36627,196709,0,1000,0,0,0,60,60
36628,196710,0,0,36633,0,0,60,60
36629,196711,0,0,0,0,0,60,60
36630,196712,0,0,0,0,0,60,60
36631,0,0,2000,36628,0,0,60,60
36632,0,0,3000,36627,0,0,60,60
36633,196714,0,0,0,0,0,60,60
36634,196716,0,1000,0,0,0,60,60
36635,196717,0,1000,36636,0,0,60,60
36636,196718,0,0,0,0,0,60,60
36637,196719,0,1000,0,0,0,60,60
36638,196720,0,1000,0,0,0,60,60
36639,196724,0,1000,36640,0,0,60,60
36640,196725,0,0,0,0,0,60,60
36641,196726,0,1000,36642,0,0,60,60
36642,196727,0,0,0,0,0,60,60
36643,196729,0,1000,36644,0,0,60,60
36644,196731,0,0,36645,0,0,60,60
36645,196732,0,0,36646,0,0,60,60
36646,196739,0,0,36647,0,0,60,60
36647,196738,0,0,0,0,0,60,60
36648,196745,0,1000,0,0,0,60,60
36655,196750,0,0,0,0,0,60,60
36659,196752,0,0,36660,0,0,60,60
36660,196753,0,0,0,0,0,60,60
36663,196740,0,0,0,0,0,60,60
36667,196754,0,1000,36668,0,0,60,60
36668,196755,0,0,0,0,0,60,60
36672,196761,0,1000,0,0,0,60,60
36673,196758,0,1000,36674,0,0,60,60
36674,196764,0,1000,0,0,0,60,60
36676,196767,0,0,36677,0,0,60,60
36677,196768,0,0,0,0,0,60,60
36678,196769,0,2000,36679,0,0,60,60
36679,196770,0,0,0,0,0,60,60
36680,196771,0,1000,36672,0,0,60,60
36681,196440,0,1000,36682,0,0,60,60
36682,196777,0,1000,0,0,0,60,60
36685,196780,0,0,0,0,0,60,60
36686,196781,0,0,33089,0,0,60,60
36687,196782,0,0,0,0,0,60,60
36688,196783,0,1000,0,0,0,60,60
36689,196785,0,0,36690,0,0,60,60
36690,196786,0,-3000,36691,0,0,60,60
36691,196787,0,0,0,0,0,60,60
36692,196788,0,0,36693,0,0,60,60
36693,196789,0,0,36694,0,0,60,60
36694,196790,0,0,0,0,0,60,60
36696,196792,0,0,36697,0,0,60,60
36697,196793,0,0,0,0,0,60,60
36698,191031,0,1000,36699,0,0,60,60
36699,196794,0,0,0,0,0,60,60
36701,196797,0,0,36702,0,0,60,60
36702,196798,0,0,0,0,0,60,60
36703,196799,0,1000,36704,0,0,60,60
36704,196800,0,1000,0,0,0,60,60
36705,196801,0,1000,0,0,0,60,60
36706,196805,0,0,0,0,0,60,60
36707,196804,0,0,0,0,0,60,60
36708,196803,0,0,0,0,0,60,60
36709,196811,0,1000,34105,0,0,60,60
36710,196812,0,0,34104,0,0,60,60
36711,196813,0,0,0,0,0,60,60
36712,196814,0,0,0,0,0,60,60
36722,194945,0,0,36723,0,0,60,60
36723,194946,0,0,36724,0,0,60,60
36724,194947,0,0,36725,0,0,60,60
36725,194950,0,0,36726,0,0,60,60
36726,194951,0,0,36727,0,0,60,60
36727,194952,0,0,0,0,0,60,60
36728,195949,0,8000,0,0,1,60,60
36731,196844,0,2000,36732,0,0,60,60
36732,196845,0,0,0,0,0,60,60
36733,196373,0,1000,36734,0,0,60,60
36734,196374,0,1000,36735,0,0,60,60
36735,196375,0,1000,36736,0,0,60,60
36736,196376,0,1000,36737,0,0,60,60
36737,196377,0,1000,0,0,0,60,60
36738,196857,0,0,0,0,0,60,60
36739,196872,0,2000,36740,0,0,60,60
36740,196873,0,0,0,0,0,60,60
36741,196878,0,2000,36742,0,0,60,60
36742,196880,0,0,0,0,0,60,60
36744,196879,0,1000,36745,0,0,60,60
36745,196885,0,1000,37941,0,0,60,60
36746,196915,0,1000,36747,0,0,60,60
36747,196920,0,1000,36748,0,0,60,60
36748,196921,0,1000,0,0,0,60,60
36749,195952,0,5000,36750,0,1,60,60
36750,195953,0,4000,0,0,0,60,60
36754,196968,0,3000,0,0,0,60,60
36755,196971,0,500,36756,0,0,60,60
36756,196972,0,1000,36757,0,0,60,60
36757,196973,0,1000,36758,0,0,60,60
36758,196974,0,1000,37735,0,0,60,60
36759,196975,0,1000,0,0,0,60,60
36760,0,0,1000,36755,0,0,60,60
36761,196989,0,1000,36762,0,0,60,60
36762,196990,0,1000,0,0,0,60,60
36763,196978,0,1000,36764,0,0,60,60
36764,196980,0,1000,0,0,0,60,60
36768,197067,0,0,36770,0,0,60,60
36770,0,0,0,0,0,0,60,60
36772,0,0,0,0,0,0,60,60
36773,197082,0,0,0,0,0,60,60
36774,197089,0,1000,36775,0,0,60,60
36775,197090,0,1000,36776,0,0,60,60
36776,197091,0,2000,36777,0,0,60,60
36777,197092,0,0,0,0,0,60,60
36778,197093,0,1000,0,0,0,60,60
36779,197045,0,4000,0,0,0,60,60
36780,194935,0,1000,36781,0,0,60,60
36781,194936,0,1000,0,0,0,60,60
36782,197095,0,3000,0,0,0,60,60
36783,194935,0,3000,36784,0,0,60,60
36784,194936,0,2000,0,0,0,60,60
36785,197099,0,0,0,0,0,60,60
36786,197100,0,0,0,0,0,60,60
36787,197104,0,2000,0,0,0,60,60
36788,197105,0,0,0,0,1,60,60
36789,197106,0,0,0,0,1,60,60
36790,197113,0,0,36791,0,0,60,60
36791,197114,0,1000,0,0,0,60,60
36792,197107,0,2000,36793,0,0,60,60
36793,197108,0,2000,36794,0,0,60,60
36794,197109,0,4000,36795,0,0,60,60
36795,197110,0,0,0,0,0,60,60
36796,197127,0,1000,36797,0,0,60,60
36797,197128,0,1000,0,0,0,60,60
36798,197129,0,1000,0,0,0,60,60
36799,197130,0,1000,0,0,0,60,60
36800,0,0,4000,36788,0,0,60,60
36801,197102,0,1000,36802,0,0,60,60
36802,197103,0,0,0,0,0,60,60
36803,197143,0,0,0,0,0,60,60
36804,197144,0,0,36805,0,0,60,60
36805,197145,0,0,0,0,0,60,60
36806,197142,0,0,36803,0,0,60,60
36807,197146,0,0,0,0,0,60,60
36808,197168,0,1000,0,0,0,60,60
36809,197170,0,4000,36810,0,0,60,60
36810,197171,0,4000,36811,0,0,60,60
36811,197172,0,4000,0,0,0,60,60
36812,197175,0,4000,36813,0,0,60,60
36813,197181,0,4000,0,0,0,60,60
36814,197174,0,4000,36815,0,0,60,60
36815,197178,0,4000,36816,0,0,60,60
36816,197179,0,4000,0,0,0,60,60
36817,197176,0,4000,36818,0,0,60,60
36818,197180,0,4000,0,0,0,60,60
36819,197223,0,1000,36820,0,0,60,60
36820,197226,0,1000,36821,0,0,60,60
36821,197227,0,1000,36860,0,0,60,60
36827,197243,0,0,0,0,0,60,60
36832,197249,0,5000,0,0,0,60,60
36836,197263,0,0,36837,0,0,60,60
36837,197264,0,0,36838,0,0,60,60
36838,197265,0,0,0,0,0,60,60
36839,197266,0,0,0,0,0,60,60
36841,197345,0,2000,36871,0,0,60,60
36842,197272,0,0,0,0,0,60,60
36843,197274,0,2000,0,0,0,60,60
36844,197290,0,3000,36845,0,0,60,60
36845,197287,0,3000,0,0,0,60,60
36846,198159,0,1000,37257,0,0,60,60
36849,197295,0,1000,33797,0,0,60,60
36852,197297,0,1000,36853,0,0,60,60
36853,197298,0,1000,36858,0,0,60,60
36858,197303,0,1000,0,0,0,60,60
36859,197314,0,1000,0,0,0,60,60
36860,197334,0,1000,0,0,0,60,60
36861,196428,0,1000,36865,0,0,60,60
36863,197339,0,0,0,0,0,60,60
36864,197340,0,0,0,0,4,60,60
36865,0,0,0,0,0,0,60,60
36866,196428,0,1000,0,0,0,60,60
36867,197341,0,1000,36868,0,0,60,60
36868,197342,0,1000,36869,0,0,60,60
36869,197343,0,1000,36870,0,0,60,60
36870,197344,0,1000,0,0,0,60,60
36871,197346,0,0,0,0,0,60,60
36872,197347,0,2000,36874,0,0,60,60
36874,197349,0,0,0,0,0,60,60
36876,179909,0,2000,37984,0,0,60,60
36877,179912,0,2000,38539,0,0,60,60
36893,188045,0,2000,36894,0,0,60,60
36894,188313,0,2000,36895,0,0,60,60
36895,197355,0,2000,36900,0,0,60,60
36900,197356,0,2000,36901,0,0,60,60
36901,197357,0,0,0,0,0,60,60
36904,197384,0,0,36905,0,0,60,60
36905,197385,0,0,0,0,0,60,60
36906,0,0,20000,36859,0,0,60,60
36907,197414,0,0,36909,0,0,60,60
36909,197409,0,0,36911,0,0,60,60
36911,197417,0,0,36912,0,0,60,60
36912,197418,0,0,36913,0,0,60,60
36913,197419,0,0,36914,0,0,60,60
36914,197420,0,0,36915,0,0,60,60
36915,197421,0,0,0,0,0,60,60
36916,197424,0,1000,36917,0,0,60,60
36917,197425,0,0,0,0,0,60,60
36918,197426,0,2000,36919,0,0,60,60
36919,197428,0,2000,0,0,0,60,60
36920,195471,0,0,36921,0,0,60,60
36921,195470,0,0,0,0,0,60,60
36922,0,0,0,0,0,0,60,60
36923,197429,0,1000,36924,0,0,60,60
36924,197430,0,0,0,0,0,60,60
36929,195485,0,1000,40998,0,0,60,60
36937,195486,0,0,36938,0,0,60,60
36938,195487,0,0,36939,0,0,60,60
36939,195488,0,0,0,0,0,60,60
36940,196914,0,0,0,0,0,60,60
36941,197462,0,1000,36942,0,0,60,60
36942,197463,0,1000,0,0,0,60,60
36944,197465,0,1000,0,0,0,60,60
36945,196816,0,0,0,0,0,60,60
36946,197489,0,1000,0,0,0,60,60
36948,179915,0,1000,0,0,0,60,60
36955,197515,0,1000,36956,0,0,60,60
36956,197516,0,0,0,0,0,60,60
36957,0,0,1000,36958,0,0,60,60
36958,197519,0,2000,0,0,0,60,60
36959,0,0,1000,36960,0,0,60,60
36960,197520,0,2000,0,0,0,60,60
36961,0,0,1000,36962,0,0,60,60
36962,197521,0,2000,36963,0,0,60,60
36963,197525,0,2000,0,0,0,60,60
36964,197527,0,2000,0,0,0,60,60
36965,197528,0,2000,36966,0,0,60,60
36966,197529,0,3000,36967,0,0,60,60
36967,197530,0,0,0,0,0,60,60
36968,197437,0,2000,0,0,0,60,60
36970,197438,0,1000,36971,0,0,60,60
36971,197439,0,0,0,0,0,60,60
36975,197569,0,5000,36976,0,0,60,60
36976,197570,0,1000,0,0,0,60,60
36977,197592,0,1000,0,0,0,60,60
36978,197594,0,2000,0,0,0,60,60
36981,197634,0,0,0,0,0,60,60
36982,197636,0,0,0,0,0,60,60
36983,197631,0,0,0,0,0,60,60
36984,197632,0,0,0,0,0,60,60
36985,0,0,1000,35946,0,0,60,60
36986,197650,0,0,0,0,0,60,60
36987,197651,0,0,0,0,0,60,60
36988,197652,0,0,0,0,0,60,60
36989,197653,0,0,0,0,0,60,60
36990,197654,0,0,0,0,0,60,60
36991,197655,0,0,0,0,0,60,60
36992,197656,0,0,0,0,0,60,60
36993,197657,0,0,0,0,0,60,60
36994,197658,0,0,0,0,0,60,60
36995,197659,0,0,0,0,0,60,60
36996,197669,0,0,0,0,0,60,60
36997,0,0,0,0,0,0,60,60
36999,197671,0,1000,37000,0,1,60,60
37000,197672,0,0,0,0,1,60,60
37002,197673,0,1000,41560,0,4,60,60
37007,197687,0,1000,37008,0,0,60,60
37008,197464,0,1000,0,0,0,60,60
37009,197688,0,1000,0,0,0,60,60
37010,197690,0,1000,0,0,0,60,60
37011,197691,0,1000,0,0,0,60,60
37012,179937,0,1000,0,0,0,60,60
37014,197708,0,1000,0,0,0,60,60
37015,197709,0,1000,0,0,0,60,60
37016,197710,0,1000,0,0,0,60,60
37017,197717,0,1000,0,0,0,60,60
37019,197721,0,1000,0,0,0,60,60
37020,197722,0,1000,0,0,0,60,60
37027,178610,0,1000,37028,0,4,60,60
37028,178612,0,1000,37029,0,4,60,60
37029,178613,0,1000,37030,0,4,60,60
37030,178614,0,1000,0,0,4,60,60
37031,197741,0,0,0,0,0,60,60
37032,0,0,4000,37033,0,0,60,60
37033,197742,0,0,37034,0,0,60,60
37034,197743,0,0,0,0,0,60,60
37035,197744,0,0,0,0,0,60,60
37036,197745,0,2000,0,0,0,60,60
37037,0,0,4000,37038,0,0,60,60
37038,197746,0,0,0,0,0,60,60
37039,197747,0,0,0,0,0,60,60
37040,197748,0,2000,0,0,0,60,60
37041,197752,0,1000,0,0,0,60,60
37043,197750,0,1000,37044,0,0,60,60
37044,197751,0,0,0,0,0,60,60
37046,197752,0,1000,0,0,0,60,60
37048,197760,0,1000,0,0,0,60,60
37049,197762,0,1000,0,0,0,60,60
37050,197763,0,1000,39661,0,0,60,60
37051,197768,0,0,0,0,0,60,60
37052,197770,0,0,0,0,0,60,60
37055,197776,0,1000,0,0,0,60,60
37056,197775,0,1000,0,0,0,60,60
37057,197783,0,1000,0,0,0,60,60
37060,197786,0,2000,37061,0,0,60,60
37061,197787,0,0,0,0,0,60,60
37062,197788,0,2000,37063,0,0,60,60
37063,197789,0,0,0,0,0,60,60
37064,188559,0,1000,37065,0,0,60,60
37065,197794,0,1000,39359,0,0,60,60
37066,197798,0,1000,0,0,0,60,60
37067,188559,0,0,37068,0,0,60,60
37068,197794,0,0,37069,0,0,60,60
37069,197795,0,0,37070,0,0,60,60
37070,197796,0,0,37071,0,0,60,60
37071,197797,0,0,0,0,0,60,60
37072,197801,0,1000,37073,0,0,60,60
37073,197802,0,1000,0,0,0,60,60
37074,197806,0,1000,37075,0,0,60,60
37075,197807,0,1000,0,0,0,60,60
37076,197810,0,1000,39126,0,0,60,60
37077,194300,0,0,37078,0,0,60,60
37078,195676,0,0,37079,0,0,60,60
37079,194301,0,0,37080,0,0,60,60
37080,197556,0,0,37081,0,0,60,60
37081,195677,0,0,37082,0,0,60,60
37082,194302,0,0,37083,0,0,60,60
37083,194303,0,0,37084,0,0,60,60
37084,195678,0,0,37085,0,0,60,60
37085,194304,0,0,37086,0,0,60,60
37086,194305,0,0,37087,0,0,60,60
37087,197557,0,0,37088,0,0,60,60
37088,195679,0,0,37089,0,0,60,60
37089,194306,0,0,37090,0,0,60,60
37090,197558,0,0,37091,0,0,60,60
37091,194307,0,0,37092,0,0,60,60
37092,194308,0,0,37093,0,0,60,60
37093,195680,0,0,37094,0,0,60,60
37094,194309,0,0,37095,0,0,60,60
37095,194310,0,0,0,0,0,60,60
37096,178896,0,0,37097,0,0,60,60
37097,178898,0,0,37098,0,0,60,60
37098,178904,0,0,37099,0,0,60,60
37099,195681,0,0,37100,0,0,60,60
37100,178899,0,0,37101,0,0,60,60
37101,195682,0,0,37102,0,0,60,60
37102,195683,0,0,37103,0,0,60,60
37103,178901,0,0,37104,0,0,60,60
37104,195684,0,0,37105,0,0,60,60
37105,195685,0,0,37106,0,0,60,60
37106,178902,0,0,0,0,0,60,60
37107,195174,0,0,37108,0,0,60,60
37108,195175,0,0,37109,0,0,60,60
37109,195176,0,0,37110,0,0,60,60
37110,195177,0,0,37111,0,0,60,60
37111,195178,0,0,37112,0,0,60,60
37112,195179,0,0,37113,0,0,60,60
37113,195180,0,0,37114,0,0,60,60
37114,195181,0,0,37115,0,0,60,60
37115,195182,0,0,37116,0,0,60,60
37116,195183,0,0,37117,0,0,60,60
37117,195184,0,0,37118,0,0,60,60
37118,195186,0,0,37119,0,0,60,60
37119,195187,0,0,37120,0,0,60,60
37120,195189,0,0,37121,0,0,60,60
37121,195190,0,0,37122,0,0,60,60
37122,195192,0,0,0,0,0,60,60
37123,188559,0,0,37124,0,5,60,60
37124,188596,0,0,0,0,5,60,60
37125,197478,0,0,37126,0,0,60,60
37126,197480,0,0,37127,0,0,60,60
37127,197481,0,0,37128,0,0,60,60
37128,197484,0,0,37129,0,0,60,60
37129,197486,0,0,37130,0,0,60,60
37130,197488,0,0,37131,0,0,60,60
37131,197490,0,0,37132,0,0,60,60
37132,197492,0,0,37133,0,0,60,60
37133,197494,0,0,37134,0,0,60,60
37134,197495,0,0,37135,0,0,60,60
37135,197497,0,0,0,0,0,60,60
37136,179765,0,0,37137,0,0,60,60
37137,179766,0,0,37138,0,0,60,60
37138,195523,0,0,37139,0,0,60,60
37139,179767,0,0,37140,0,0,60,60
37140,179769,0,0,37141,0,0,60,60
37141,179768,0,0,37142,0,0,60,60
37142,184430,0,0,37143,0,0,60,60
37143,179770,0,0,37144,0,0,60,60
37144,179772,0,0,0,0,0,60,60
37149,197324,0,0,37150,0,0,60,60
37150,197325,0,0,40145,0,0,60,60
37151,197327,0,0,37152,0,0,60,60
37152,197328,0,0,37153,0,0,60,60
37153,197329,0,0,0,0,0,60,60
37154,178544,0,0,37155,0,0,60,60
37155,178545,0,0,37156,0,0,60,60
37156,196299,0,0,37157,0,0,60,60
37157,184548,0,0,37158,0,0,60,60
37158,191087,0,0,0,0,0,60,60
37159,197830,0,1000,0,0,0,60,60
37160,197831,0,1000,37161,0,0,60,60
37161,197832,0,1000,0,0,0,60,60
37162,0,0,5000,37163,0,0,60,60
37163,197833,0,0,0,0,0,60,60
37164,179993,0,1000,0,0,0,60,60
37165,197839,0,1000,0,0,0,60,60
37166,197843,0,1000,0,0,0,60,60
37167,197877,0,0,0,0,0,60,60
37169,197879,0,0,0,0,0,60,60
37170,197868,0,1000,37171,0,0,60,60
37171,197872,0,1000,37172,0,0,60,60
37172,197873,0,1000,37173,0,0,60,60
37173,197874,0,1000,37174,0,0,60,60
37174,197875,0,1000,37175,0,0,60,60
37175,197876,0,4000,37176,0,0,60,60
37176,197880,0,0,0,0,4,60,60
37186,197904,0,1000,0,0,0,60,60
37187,197901,0,2000,37188,0,0,60,60
37188,197902,0,2000,37189,0,0,60,60
37189,197903,0,2000,37190,0,0,60,60
37190,197905,0,1000,37191,0,0,60,60
37191,197906,0,0,40005,0,0,60,60
37193,197913,0,2000,37194,0,4,60,60
37194,197914,0,0,0,0,0,60,60
37196,197940,0,0,0,0,0,60,60
37197,181086,0,2000,37198,0,0,60,60
37198,197941,0,0,0,0,0,60,60
37199,181087,0,1000,37200,0,0,60,60
37200,197942,0,0,0,0,0,60,60
37202,190557,0,1000,0,0,0,60,60
37203,186872,0,1000,0,0,0,60,60
37204,198004,0,1000,0,0,0,60,60
37205,198006,0,3000,37206,0,0,60,60
37206,198007,0,3000,37207,0,0,60,60
37207,198008,0,3000,37208,0,0,60,60
37208,198009,0,3000,37209,0,0,60,60
37209,198010,0,3000,37210,0,0,60,60
37210,198011,0,3000,0,0,0,60,60
37211,198012,0,3000,37212,0,0,60,60
37212,198014,0,3000,37213,0,0,60,60
37213,198013,0,3000,37214,0,0,60,60
37214,198015,0,3000,0,0,0,60,60
37215,198016,0,3000,37216,0,0,60,60
37216,198017,0,3000,0,0,0,60,60
37217,198026,0,3000,37218,0,0,60,60
37218,198027,0,3000,37219,0,0,60,60
37219,198028,0,3000,37220,0,0,60,60
37220,198029,0,3000,37221,0,0,60,60
37221,198030,0,3000,0,0,0,60,60
37222,197702,0,1000,0,0,4,60,60
37223,197703,0,1000,0,0,4,60,60
37224,197696,0,1000,0,0,4,60,60
37225,197697,0,1000,0,0,4,60,60
37226,197693,0,1000,0,0,4,60,60
37227,197692,0,1000,0,0,4,60,60
37228,197712,0,1000,0,0,4,60,60
37229,197713,0,1000,0,0,4,60,60
37230,198031,0,0,0,0,0,60,60
37233,192207,0,0,37234,0,1,60,60
37234,192225,0,0,37235,0,0,60,60
37235,196984,0,0,0,0,0,60,60
37237,198095,0,1000,37238,0,0,60,60
37238,198087,0,1000,37239,0,0,60,60
37239,198088,0,1000,37240,0,0,60,60
37240,198089,0,1000,37243,0,0,60,60
37243,198092,0,1000,37244,0,0,60,60
37244,198094,0,1000,37245,0,0,60,60
37245,198093,0,1000,37252,0,0,60,60
37247,198101,0,3000,37248,0,0,60,60
37248,198133,0,3000,37249,0,0,60,60
37249,198134,0,2000,0,0,0,60,60
37250,198139,0,0,0,0,0,60,60
37251,198140,0,0,0,0,0,60,60
37252,0,0,0,0,0,0,60,60
37254,198144,0,1000,0,0,0,60,60
37255,0,0,5000,34094,0,0,60,60
37257,198160,0,0,37258,0,0,60,60
37258,198161,0,0,37259,0,0,60,60
37259,198162,0,0,0,0,0,60,60
37260,198166,0,1000,0,0,0,60,60
37263,198184,0,1000,37264,0,0,60,60
37264,198188,0,1000,0,0,0,60,60
37265,198189,0,1000,0,0,0,60,60
37266,198204,0,1000,37267,0,0,60,60
37267,198206,0,1000,37268,0,0,60,60
37268,198207,0,1000,0,0,0,60,60
37269,198219,0,1000,0,0,0,60,60
37270,198232,0,0,31266,0,0,60,60
37271,198253,0,0,0,0,0,60,60
37272,0,0,1000,37271,0,0,60,60
37273,198256,0,1000,0,0,3,60,60
37274,198257,0,1000,0,0,0,60,60
37275,198259,0,1000,37276,0,0,60,60
37276,198260,0,0,37277,0,0,60,60
37277,198261,0,0,0,0,0,60,60
37278,198262,0,1000,37279,0,0,60,60
37279,198264,0,1000,0,0,0,60,60
37280,198265,0,1000,0,0,0,60,60
37283,198289,0,1000,0,0,0,60,60
37284,198292,0,4000,0,0,0,60,60
37286,198296,0,2000,37287,0,0,60,60
37287,198297,0,0,0,0,0,60,60
37288,198298,0,1000,0,0,0,60,60
37290,198300,0,1000,37291,0,1,60,60
37291,198302,0,1000,37324,0,1,60,60
37292,198303,0,1000,37293,0,1,60,60
37293,198304,0,0,0,0,0,60,60
37294,198308,0,5000,0,0,0,60,60
37295,0,0,1000,37286,0,0,60,60
37296,0,0,1000,37297,0,0,60,60
37297,198309,0,2000,37298,0,0,60,60
37298,198310,0,2000,37299,0,0,60,60
37299,198311,0,0,0,0,0,60,60
37300,198315,0,4000,37310,0,0,60,60
37301,197505,0,1000,37906,0,0,60,60
37303,198335,0,1000,37304,0,0,60,60
37304,198337,0,1000,37305,0,0,60,60
37305,198340,0,1000,0,0,0,60,60
37306,198338,0,0,37307,0,4,60,60
37307,198333,0,0,0,0,4,60,60
37308,198339,0,0,37309,0,4,60,60
37309,198334,0,0,0,0,4,60,60
37310,198365,0,3000,0,0,0,60,60
37312,198395,0,1000,0,0,3,60,60
37313,198397,0,1000,0,0,3,60,60
37314,198398,0,1000,0,0,3,60,60
37315,198382,0,1000,0,0,3,60,60
37316,198384,0,1000,0,0,3,60,60
37317,198385,0,1000,0,0,3,60,60
37318,198386,0,1000,0,0,3,60,60
37319,198381,0,1000,0,0,3,60,60
37320,198399,0,1000,0,0,3,60,60
37321,198400,0,1000,0,0,3,60,60
37322,198401,0,1000,0,0,3,60,60
37324,198396,0,0,0,0,1,60,60
37325,198402,0,1000,0,0,1,60,60
37326,198412,0,1000,37328,0,0,60,60
37327,198456,0,1000,0,0,0,60,60
37328,198415,0,1000,0,0,0,60,60
37329,198431,0,1000,0,0,1,60,60
37330,198183,0,0,0,0,0,60,60
37331,194227,0,0,0,0,0,60,60
37333,183304,0,1000,0,0,0,60,60
37334,198490,0,1000,0,0,0,60,60
37335,198491,0,1000,0,0,0,60,60
37336,198492,0,1000,0,0,0,60,60
37337,198336,0,0,41535,0,0,60,60
37338,198268,0,2000,37339,0,1,60,60
37339,0,0,4000,37340,0,0,60,60
37340,198496,0,0,37365,0,0,60,60
37341,198513,0,3000,37346,0,0,60,60
37342,198499,0,1000,37343,0,0,60,60
37343,198500,0,1000,0,0,0,60,60
37345,198510,0,1000,37348,0,0,60,60
37346,198514,0,3000,37347,0,0,60,60
37347,198515,0,0,0,0,0,60,60
37348,188357,0,0,0,0,0,60,60
37349,198518,0,0,0,0,0,60,60
37350,0,0,4000,37349,0,0,60,60
37351,198459,0,1000,37352,0,0,60,60
37352,198460,0,1000,37507,0,0,60,60
37353,0,0,0,37354,0,0,60,60
37354,198462,0,1000,37516,0,0,60,60
37355,198463,0,1000,38344,0,0,60,60
37356,198464,0,1000,37357,0,0,60,60
37357,198465,0,0,38351,0,0,60,60
37358,198466,0,0,0,0,0,60,60
37359,198467,0,0,37360,0,0,60,60
37360,198468,0,0,37361,0,0,60,60
37361,198469,0,0,37362,0,0,60,60
37362,198470,0,0,0,0,0,60,60
37364,0,0,2000,37337,0,0,60,60
37365,198529,0,0,0,0,0,60,60
37367,198519,0,1000,37368,0,0,60,60
37368,198527,0,1000,0,0,0,60,60
37370,198531,0,1000,37371,0,0,60,60
37371,198532,0,1000,0,0,0,60,60
37372,198533,0,1000,37373,0,0,60,60
37373,198534,0,0,0,0,0,60,60
37374,198471,0,0,37375,0,0,60,60
37375,198472,0,0,37376,0,0,60,60
37376,198473,0,0,0,0,0,60,60
37377,198474,0,0,37378,0,0,60,60
37378,198475,0,0,0,0,0,60,60
37379,198476,0,0,37380,0,0,60,60
37380,198477,0,0,37381,0,0,60,60
37381,198478,0,0,0,0,0,60,60
37382,198479,0,0,37383,0,0,60,60
37383,198480,0,0,37384,0,0,60,60
37384,198481,0,0,0,0,0,60,60
37385,198482,0,1000,37386,0,0,60,60
37386,198483,0,1000,37387,0,0,60,60
37387,198484,0,3000,37388,0,0,60,60
37388,198485,0,0,39046,0,0,60,60
37389,201289,0,1000,0,0,0,60,60
37390,198487,0,2000,37389,0,0,60,60
37391,192955,0,0,0,0,4,60,60
37393,198555,0,1000,39207,0,0,60,60
37394,198556,0,0,39206,0,0,60,60
37395,198557,0,1000,39209,0,0,60,60
37396,198558,0,1000,39210,0,0,60,60
37397,198559,0,1000,39213,0,0,60,60
37398,198560,0,1000,39216,0,0,60,60
37399,198561,0,1000,39217,0,0,60,60
37400,192956,0,2000,37401,0,1,60,60
37401,192958,0,2000,37402,0,1,60,60
37402,192959,0,2000,37403,0,1,60,60
37403,192960,0,2000,37404,0,1,60,60
37404,192961,0,2000,37405,0,1,60,60
37405,192962,0,2000,37406,0,1,60,60
37406,192963,0,2000,37407,0,1,60,60
37407,192964,0,2000,37409,0,1,60,60
37409,192966,0,2000,37410,0,1,60,60
37410,192967,0,2000,37411,0,1,60,60
37411,192968,0,2000,37412,0,1,60,60
37412,192969,0,2000,39193,0,1,60,60
37413,192970,0,2000,37414,0,1,60,60
37414,192971,0,2000,37415,0,1,60,60
37415,192972,0,2000,38156,0,1,60,60
37418,192975,0,2000,34943,0,1,60,60
37419,198567,0,0,0,0,0,60,60
37420,198569,0,1000,0,0,0,60,60
37422,198573,0,0,0,0,0,60,60
37428,198612,0,1000,0,0,0,60,60
37429,198612,0,1000,0,0,0,60,60
37430,198613,0,0,0,0,4,60,60
37431,198614,0,0,0,0,4,60,60
37432,198642,0,1000,0,0,0,60,60
37436,198651,0,0,0,0,0,60,60
37438,198664,0,1000,0,0,0,60,60
37439,198695,0,1000,0,0,0,60,60
37440,198697,0,1000,0,0,0,60,60
37441,198701,0,1000,0,0,0,60,60
37442,198703,0,1000,0,0,0,60,60
37443,182548,0,1000,36123,0,0,60,60
37444,198709,0,4000,37445,0,0,60,60
37445,198708,0,2000,0,0,0,60,60
37446,198714,0,1000,37447,0,4,60,60
37447,198715,0,0,0,0,1,60,60
37449,198726,0,1000,0,0,1,60,60
37450,198727,0,1000,0,0,0,60,60
37451,198728,0,3000,37513,0,0,60,60
37452,198750,0,0,37456,0,1,60,60
37453,198752,0,0,37460,0,1,60,60
37454,198757,0,0,37457,0,1,60,60
37455,198760,0,0,37458,0,1,60,60
37456,198761,0,0,0,0,0,60,60
37457,198762,0,0,0,0,1,60,60
37458,198766,0,0,37459,0,1,60,60
37459,198767,0,0,0,0,1,60,60
37460,198768,0,0,0,0,0,60,60
37461,204777,0,0,0,0,0,60,60
37462,198173,0,0,37463,0,1,60,60
37463,198201,0,0,0,0,1,60,60
37464,198185,0,0,37465,0,0,60,60
37465,198205,0,0,0,0,0,60,60
37466,198772,0,0,0,0,0,60,60
37469,190997,0,0,37470,0,0,60,60
37470,198676,0,0,0,0,0,60,60
37471,187550,0,1000,37472,0,0,60,60
37472,187552,0,0,37473,0,0,60,60
37473,187553,0,0,37474,0,0,60,60
37474,187554,0,0,37475,0,0,60,60
37475,187555,0,0,37476,0,0,60,60
37476,187556,0,0,37477,0,0,60,60
37477,187557,0,0,37478,0,0,60,60
37478,198784,0,0,37479,0,0,60,60
37479,198785,0,0,0,0,0,60,60
37480,198775,0,0,0,0,0,60,60
37481,198797,0,4000,37482,0,0,60,60
37482,198799,0,4000,37483,0,0,60,60
37483,198800,0,6000,37484,0,0,60,60
37484,198801,0,4000,37485,0,0,60,60
37485,198802,0,4000,37486,0,0,60,60
37486,198803,0,4000,0,0,0,60,60
37487,198683,0,1000,37488,0,1,60,60
37488,198684,0,1000,0,0,1,60,60
37489,198813,0,500,37490,0,0,60,60
37490,198814,0,500,40310,0,0,60,60
37491,204164,0,500,39251,0,0,60,60
37492,198816,0,500,0,0,0,60,60
37493,198675,0,0,0,0,0,60,60
37494,198826,0,3000,37495,0,1,60,60
37495,198827,0,4000,37496,0,1,60,60
37496,198828,0,4000,0,0,1,60,60
37497,198818,0,0,31824,0,0,60,60
37498,198825,0,1000,37499,0,1,60,60
37499,179737,0,1000,37500,0,1,60,60
37500,198829,0,1000,37501,0,0,60,60
37501,198830,0,1000,0,0,0,60,60
37503,198832,0,1000,37504,0,0,60,60
37504,198833,0,1000,0,0,0,60,60
37505,198834,0,1000,37506,0,0,60,60
37506,198835,0,1000,0,0,0,60,60
37507,198461,0,1000,37353,0,0,60,60
37508,0,0,0,37356,0,0,60,60
37509,0,0,0,38354,0,0,60,60
37510,0,0,0,37511,0,0,60,60
37511,0,0,0,37512,0,0,60,60
37512,0,0,0,37358,0,0,60,60
37513,198837,0,1000,0,0,0,60,60
37514,198836,0,1000,37515,0,0,60,60
37515,198838,0,1000,0,0,0,60,60
37516,0,0,0,37355,0,0,60,60
37517,198839,0,1000,37518,0,0,60,60
37518,198840,0,1000,37519,0,0,60,60
37519,198841,0,1000,37520,0,0,60,60
37520,198842,0,1000,0,0,0,60,60
37521,198843,0,1000,37522,0,0,60,60
37522,198844,0,1000,37523,0,0,60,60
37523,198845,0,1000,37524,0,0,60,60
37524,198846,0,1000,0,0,0,60,60
37527,198822,0,5000,0,0,4,60,60
37530,198847,0,1000,37531,0,0,60,60
37531,198848,0,1000,37532,0,0,60,60
37532,198849,0,1000,37533,0,0,60,60
37533,198850,0,1000,37534,0,0,60,60
37534,188430,0,1000,0,0,0,60,60
37535,198851,0,1000,37536,0,0,60,60
37536,198852,0,1000,0,0,0,60,60
37537,198853,0,1000,37538,0,0,60,60
37538,198854,0,1000,0,0,0,60,60
37539,198856,0,4000,37540,0,0,60,60
37540,198858,0,3000,37541,0,0,60,60
37541,198857,0,3000,37542,0,0,60,60
37542,198859,0,1000,0,0,0,60,60
37543,198861,0,1000,0,0,0,60,60
37545,198864,0,0,0,0,0,60,60
37546,198867,0,0,37547,0,0,60,60
37547,198868,0,0,0,0,0,60,60
37548,191783,0,1000,0,0,1,60,60
37549,191784,0,1000,0,0,1,60,60
37550,198875,0,0,0,0,0,60,60
37551,198876,0,0,0,0,0,60,60
37552,194831,0,1000,0,0,0,60,60
37553,198890,0,1000,0,0,0,60,60
37554,198891,0,1000,37563,0,0,60,60
37556,198824,0,5000,0,0,4,60,60
37557,198931,0,5000,0,0,0,60,60
37558,198945,0,0,37559,0,0,60,60
37559,198947,0,0,0,0,0,60,60
37560,198944,0,1000,37561,0,0,60,60
37561,198946,0,0,0,0,0,60,60
37562,198949,0,0,0,0,0,60,60
37563,198948,0,1000,37564,0,0,60,60
37564,198950,0,1000,0,0,0,60,60
37565,198576,0,0,37566,0,0,60,60
37566,198577,0,0,37567,0,0,60,60
37567,198578,0,0,37568,0,0,60,60
37568,198579,0,0,37569,0,0,60,60
37569,198585,0,0,37570,0,0,60,60
37570,198580,0,0,37571,0,0,60,60
37571,198581,0,0,37572,0,0,60,60
37572,198582,0,0,37573,0,0,60,60
37573,198583,0,0,37574,0,0,60,60
37574,198584,0,0,0,0,0,60,60
37575,198978,0,1000,33814,0,0,60,60
37576,198983,0,1000,0,0,0,60,60
37577,198981,0,1000,37578,0,0,60,60
37578,198982,0,1000,0,0,0,60,60
37579,198985,0,1000,0,0,0,60,60
37581,198989,0,0,0,0,0,60,60
37582,198993,0,1000,0,0,0,60,60
37583,199008,0,1000,0,0,0,60,60
37584,199011,0,0,37585,0,0,60,60
37585,199013,0,0,0,0,0,60,60
37586,189862,0,1000,0,0,0,60,60
37587,199049,0,0,0,0,0,60,60
37588,199051,0,3000,0,0,0,60,60
37590,199032,0,1000,37591,0,1,60,60
37591,199033,0,1000,37592,0,1,60,60
37592,199034,0,1000,37593,0,1,60,60
37593,199039,0,1000,0,0,1,60,60
37594,193443,0,3000,37595,0,0,60,60
37595,193444,0,1000,0,0,0,60,60
37596,199076,0,1000,0,0,0,60,60
37597,199079,0,4000,0,0,0,60,60
37598,199093,0,1000,0,0,0,60,60
37600,191829,0,4000,37596,0,0,60,60
37601,199111,0,1000,0,0,0,60,60
37602,199115,0,1000,0,0,0,60,60
37603,199118,0,1000,37604,0,0,60,60
37604,199119,0,1000,0,0,0,60,60
37605,191765,0,0,0,0,0,60,60
37606,199133,0,0,37607,0,0,60,60
37607,199134,0,0,37608,0,0,60,60
37608,199135,0,0,0,0,0,60,60
37609,182780,0,0,0,0,0,60,60
37610,182779,0,0,0,0,0,60,60
37611,182777,0,0,30854,0,0,60,60
37612,199142,0,0,0,0,0,60,60
37613,199141,0,1000,37612,0,0,60,60
37614,199143,0,1000,0,0,0,60,60
37615,184434,0,0,0,0,0,60,60
37616,199144,0,1000,37617,0,0,60,60
37617,199145,0,1000,37618,0,0,60,60
37618,199146,0,1000,37619,0,0,60,60
37619,199147,0,1000,37620,0,0,60,60
37620,199148,0,1000,0,0,0,60,60
37621,194976,0,0,0,0,0,60,60
37622,199149,0,1000,37623,0,0,60,60
37623,199150,0,1000,0,0,0,60,60
37624,199151,0,1000,37625,0,0,60,60
37625,199152,0,1000,37626,0,0,60,60
37626,199153,0,1000,37627,0,0,60,60
37627,199154,0,0,0,0,0,60,60
37634,199182,0,1000,37635,0,0,60,60
37635,199183,0,0,0,0,0,60,60
37636,0,0,2000,31921,0,0,60,60
37637,199174,0,1000,37638,0,0,60,60
37638,199180,0,1000,0,0,0,60,60
37639,199181,0,1000,37637,0,0,60,60
37642,109720,0,1000,37643,0,0,60,60
37643,110424,0,1000,37644,0,0,60,60
37644,199204,0,500,37645,0,0,60,60
37645,199208,0,500,37646,0,0,60,60
37646,199205,0,500,37647,0,0,60,60
37647,199209,0,500,41245,0,0,60,60
37648,199206,0,1000,37649,0,0,60,60
37649,199210,0,1000,37651,0,0,60,60
37651,199207,0,0,37652,0,0,60,60
37652,199211,0,0,0,0,0,60,60
37653,199225,0,1000,0,0,0,60,60
37654,199226,0,1000,0,0,0,60,60
37655,199223,0,1000,0,0,0,60,60
37656,199226,0,1000,0,0,0,60,60
37657,199219,0,1000,0,0,0,60,60
37658,199220,0,1000,0,0,0,60,60
37659,199217,0,1000,0,0,0,60,60
37660,199218,0,1000,0,0,0,60,60
37661,199215,0,1000,0,0,0,60,60
37662,199216,0,1000,0,0,0,60,60
37663,199213,0,1000,0,0,0,60,60
37664,199214,0,1000,0,0,0,60,60
37665,199227,0,1000,37666,0,0,60,60
37666,199228,0,0,0,0,0,60,60
37667,199229,0,1000,0,0,0,60,60
37668,197549,0,0,37669,0,0,60,60
37669,197550,0,0,37670,0,0,60,60
37670,197551,0,0,37671,0,0,60,60
37671,197552,0,0,0,0,0,60,60
37672,199234,0,0,37673,0,0,60,60
37673,199235,0,0,0,0,0,60,60
37674,197739,0,1000,37677,0,0,60,60
37675,199221,0,1000,0,0,0,60,60
37676,199222,0,1000,0,0,0,60,60
37677,197754,0,1000,37678,0,0,60,60
37678,197740,0,1000,37679,0,0,60,60
37679,199237,0,1000,0,0,0,60,60
37680,199238,0,1000,0,0,0,60,60
37684,199258,0,0,37685,0,0,60,60
37685,199257,0,0,0,0,0,60,60
37686,199265,0,1000,0,0,0,60,60
37687,109986,0,1000,37688,0,0,60,60
37688,118150,0,1000,0,0,0,60,60
37689,199097,0,0,37690,0,1,60,60
37690,199099,0,0,0,0,1,60,60
37693,199273,0,0,0,0,0,60,60
37695,199274,0,1000,37696,0,0,60,60
37696,199275,0,1000,0,0,0,60,60
37697,187576,0,1000,0,0,0,60,60
37698,199316,0,1000,0,0,0,60,60
37699,199318,0,2000,32107,0,0,60,60
37700,199319,0,0,0,0,4,60,60
37701,199320,0,0,0,0,4,60,60
37702,199322,0,1000,0,0,0,60,60
37703,198696,0,1000,37704,0,1,60,60
37704,199092,0,1000,0,0,1,60,60
37705,198698,0,1000,37706,0,1,60,60
37706,199094,0,1000,0,0,1,60,60
37707,198682,0,1000,37708,0,1,60,60
37708,199086,0,1000,0,0,1,60,60
37710,198807,0,1000,37711,0,1,60,60
37711,199088,0,1000,0,0,1,60,60
37713,199331,0,1000,37714,0,0,60,60
37714,199332,0,1000,0,0,0,60,60
37716,199334,0,1000,0,0,0,60,60
37717,199335,0,1000,37716,0,4,60,60
37718,199336,0,1000,37719,0,4,60,60
37719,199337,0,1000,0,0,0,60,60
37720,199339,0,1000,37721,0,4,60,60
37721,199340,0,1000,0,0,0,60,60
37722,199341,0,1000,37723,0,4,60,60
37723,199342,0,1000,0,0,0,60,60
37725,199343,0,1000,37726,0,0,60,60
37726,199344,0,1000,37727,0,0,60,60
37727,199345,0,1000,37730,0,0,60,60
37730,199348,0,1000,0,0,0,60,60
37732,0,0,1000,37733,0,0,60,60
37733,199246,0,1000,0,0,0,60,60
37734,199352,0,1000,0,0,0,60,60
37735,199356,0,2500,36759,0,0,60,60
37738,199360,0,1000,37739,0,0,60,60
37739,199361,0,1000,37740,0,0,60,60
37740,199362,0,1000,37741,0,0,60,60
37741,199363,0,1000,0,0,0,60,60
37742,199304,0,500,37743,0,0,60,60
37743,199303,0,500,0,0,0,60,60
37745,199372,0,1000,0,0,0,60,60
37746,199432,0,1000,37749,0,0,60,60
37747,199433,0,0,0,0,0,60,60
37748,199434,0,1000,37747,0,2,60,60
37749,199435,0,1000,37748,0,0,60,60
37751,199409,0,1000,37752,0,0,60,60
37752,199410,0,1000,37753,0,0,60,60
37753,199411,0,1000,37754,0,0,60,60
37754,199412,0,0,0,0,0,60,60
37755,199413,0,1000,37756,0,0,60,60
37756,199439,0,1000,0,0,0,60,60
37760,199442,0,0,0,0,0,60,60
37763,199441,0,1000,37764,0,0,60,60
37764,199419,0,1000,37765,0,0,60,60
37765,199422,0,1000,0,0,0,60,60
37767,199445,0,1000,37768,0,0,60,60
37768,199446,0,1000,37769,0,0,60,60
37769,199447,0,3000,37770,0,0,60,60
37770,199448,0,1000,37771,0,0,60,60
37771,199449,0,1000,37772,0,0,60,60
37772,199450,0,1000,37773,0,0,60,60
37773,199451,0,1000,0,0,0,60,60
37774,199453,0,3000,37775,0,0,60,60
37775,199454,0,3000,37776,0,0,60,60
37776,199455,0,3000,37777,0,0,60,60
37777,199456,0,8000,37778,0,0,60,60
37778,199457,0,3000,37779,0,0,60,60
37779,199458,0,2000,0,0,0,60,60
37781,199461,0,1000,37782,0,0,60,60
37782,199462,0,1000,0,0,0,60,60
37783,199463,0,1000,37784,0,0,60,60
37784,199464,0,1000,37785,0,0,60,60
37785,199465,0,1000,37812,0,0,60,60
37786,199466,0,1000,37787,0,0,60,60
37787,199467,0,1000,37788,0,0,60,60
37788,199468,0,1000,39091,0,0,60,60
37792,199477,0,1000,0,0,0,60,60
37793,199482,0,1000,0,0,0,60,60
37794,199483,0,1000,0,0,0,60,60
37795,199484,0,1000,0,0,0,60,60
37796,194161,0,1000,0,0,0,60,60
37798,194164,0,1000,0,0,0,60,60
37802,194170,0,1000,0,0,0,60,60
37806,194174,0,1000,0,0,0,60,60
37809,199137,0,1000,36419,0,0,60,60
37810,182778,0,1000,0,0,0,60,60
37812,0,0,0,0,0,0,60,60
37813,203892,0,1000,40921,0,0,60,60
37814,199522,0,1000,37815,0,0,60,60
37815,199523,0,1000,0,0,0,60,60
37817,199524,0,1000,0,0,0,60,60
37819,199526,0,1000,0,0,0,60,60
37820,199527,0,1000,37827,0,0,60,60
37822,199528,0,1000,0,0,0,60,60
37823,199530,0,1000,0,0,0,60,60
37824,199529,0,1000,37823,0,0,60,60
37825,199532,0,1000,0,0,0,60,60
37826,199531,0,1000,37825,0,0,60,60
37827,199533,0,1000,0,0,0,60,60
37828,195284,0,2000,35841,0,0,60,60
37829,199554,0,500,35840,0,0,60,60
37830,195289,0,500,37831,0,0,60,60
37831,199557,0,500,39009,0,0,60,60
37832,199559,0,500,0,0,0,60,60
37833,199573,0,1000,37834,0,0,60,60
37834,199576,0,1000,0,0,0,60,60
37835,199592,0,0,37836,0,2,60,60
37836,199593,0,0,37837,0,0,60,60
37837,199594,0,0,37838,0,0,60,60
37838,199595,0,0,0,0,0,60,60
37839,199596,0,0,37840,0,0,60,60
37840,0,0,0,0,0,0,60,60
37841,199597,0,0,0,0,0,60,60
37842,199598,0,0,0,0,0,60,60
37843,187423,0,0,0,0,0,60,60
37844,0,0,3000,37845,0,0,60,60
37845,199599,0,0,37846,0,0,60,60
37846,199600,0,0,37847,0,0,60,60
37847,199601,0,0,0,0,0,60,60
37848,192526,0,2000,34651,0,4,60,60
37849,199613,0,0,0,0,0,60,60
37850,199624,0,0,0,0,0,60,60
37851,199625,0,0,0,0,0,60,60
37852,199645,0,0,39462,0,0,60,60
37853,199646,0,0,37854,0,0,60,60
37854,199647,0,0,0,0,0,60,60
37855,192007,0,1000,0,0,1,60,60
37856,192008,0,1000,0,0,1,60,60
37857,199349,0,1000,37858,0,1,60,60
37858,199800,0,1000,0,0,1,60,60
37864,199801,0,1000,0,0,0,60,60
37866,193655,0,0,0,0,0,60,60
37867,193738,0,1000,37868,0,0,60,60
37868,199809,0,1000,37869,0,0,60,60
37869,199811,0,1000,0,0,0,60,60
37870,199820,0,0,37871,0,0,60,60
37871,199809,0,0,37872,0,0,60,60
37872,199811,0,0,0,0,0,60,60
37873,199821,0,0,37874,0,0,60,60
37874,199809,0,0,37875,0,0,60,60
37875,199811,0,0,0,0,0,60,60
37876,195634,0,1000,36023,0,0,60,60
37877,195648,0,500,36030,0,0,60,60
37879,199826,0,1000,0,0,3,60,60
37880,199828,0,1000,0,0,0,60,60
37882,199812,0,0,0,0,0,60,60
37883,199814,0,0,0,0,0,60,60
37884,199815,0,0,0,0,0,60,60
37886,199818,0,0,0,0,0,60,60
37887,199825,0,2000,37918,0,0,60,60
37888,199827,0,0,0,0,0,60,60
37889,199817,0,2000,37916,0,0,60,60
37890,199899,0,0,0,0,0,60,60
37891,199798,0,2000,37979,0,0,60,60
37892,199813,0,0,0,0,0,60,60
37893,199830,0,2000,37912,0,0,60,60
37894,199896,0,0,0,0,0,60,60
37895,192254,0,2000,37882,0,0,60,60
37896,199847,0,0,0,0,0,60,60
37897,199848,0,0,0,0,0,60,60
37898,192258,0,2000,37886,0,0,60,60
37899,192258,0,0,41810,0,0,60,60
37900,192259,0,0,41811,0,0,60,60
37901,192260,0,0,41809,0,0,60,60
37902,192255,0,0,0,0,0,60,60
37903,192256,0,0,0,0,0,60,60
37904,192257,0,0,0,0,0,60,60
37906,199855,0,0,37907,0,0,60,60
37907,199856,0,0,37908,0,0,60,60
37908,199858,0,0,0,0,0,60,60
37909,199866,0,1000,37910,0,0,60,60
37910,199867,0,0,0,0,1,60,60
37911,191792,0,1000,0,0,0,60,60
37912,199895,0,2000,37980,0,0,60,60
37913,0,0,3000,37894,0,0,60,60
37914,0,0,0,37915,0,0,60,60
37915,0,0,3000,37892,0,0,60,60
37916,199819,0,2000,37981,0,0,60,60
37917,0,0,3000,37890,0,0,60,60
37918,199903,0,2000,37982,0,0,60,60
37919,0,0,3000,37888,0,0,60,60
37920,192288,0,0,37921,0,0,60,60
37921,192289,0,0,37922,0,0,60,60
37922,192290,0,0,37923,0,0,60,60
37923,192294,0,0,37924,0,0,60,60
37924,192295,0,0,0,0,0,60,60
37926,199944,0,1000,0,0,0,60,60
37927,197028,0,5000,37928,0,0,60,60
37928,197029,0,0,0,0,0,60,60
37929,196996,0,5000,37930,0,0,60,60
37930,196997,0,0,0,0,0,60,60
37931,195643,0,500,36029,0,0,60,60
37933,196389,0,0,37934,0,0,60,60
37934,196390,0,0,37935,0,0,60,60
37935,196391,0,0,37936,0,0,60,60
37936,196392,0,0,37937,0,0,60,60
37937,196393,0,0,37938,0,0,60,60
37938,196394,0,0,37939,0,0,60,60
37939,196395,0,0,0,0,0,60,60
37940,199992,0,1000,37945,0,0,60,60
37941,199984,0,1000,37942,0,0,60,60
37942,196915,0,1000,37943,0,0,60,60
37943,196920,0,1000,0,0,0,60,60
37945,199993,0,1000,0,0,0,60,60
37946,199994,0,1000,32185,0,0,60,60
37947,199995,0,1000,32186,0,0,60,60
37948,199996,0,1000,0,0,0,60,60
37949,0,0,1000,37950,0,0,60,60
37950,180544,0,1000,37951,0,0,60,60
37951,200013,0,1000,37952,0,0,60,60
37952,180548,0,1000,37953,0,0,60,60
37953,200014,0,2000,37954,0,0,60,60
37954,0,20174,3000,37955,0,0,60,60
37955,180553,0,1000,0,0,0,60,60
37956,191757,0,1000,0,0,0,60,60
37957,200022,0,1000,0,0,0,60,60
37958,200024,0,1000,37959,0,0,60,60
37959,200025,0,1000,0,0,0,60,60
37960,200027,0,1000,37961,0,1,60,60
37961,200028,0,1000,0,0,1,60,60
37963,200012,0,1000,0,0,0,60,60
37964,200011,0,1000,0,0,0,60,60
37965,195937,0,1000,0,0,0,60,60
37966,199876,0,1000,0,0,0,60,60
37967,195939,0,2000,37968,0,0,60,60
37968,195940,0,0,0,0,0,60,60
37969,194814,0,1500,37970,0,0,60,60
37970,199885,0,0,0,0,0,60,60
37971,194836,0,1500,37972,0,0,60,60
37972,199887,0,0,0,0,0,60,60
37973,194837,0,1500,37974,0,0,60,60
37974,199886,0,0,0,0,0,60,60
37975,195942,0,2000,37976,0,0,60,60
37976,195943,0,0,0,0,0,60,60
37977,0,0,4000,37301,0,0,60,60
37978,195944,0,1000,0,0,0,60,60
37979,199897,0,2000,37914,0,0,60,60
37980,0,0,0,37913,0,0,60,60
37981,0,0,0,37917,0,0,60,60
37982,0,0,0,37919,0,0,60,60
37983,199520,0,1000,0,0,0,60,60
37984,197362,0,2000,36877,0,0,60,60
37986,200051,0,1000,37987,0,0,60,60
37987,200050,0,1000,37988,0,0,60,60
37988,200053,0,1000,37989,0,0,60,60
37989,200056,0,4000,37990,0,0,60,60
37990,200058,0,1000,0,0,0,60,60
37991,200059,0,0,0,0,0,60,60
37992,200060,0,0,0,0,0,60,60
37993,200031,0,3000,37994,0,0,60,60
37994,200032,0,1000,0,0,0,60,60
37995,192835,0,0,37996,0,4,60,60
37996,192839,0,1000,37997,0,1,60,60
37997,192842,0,0,0,0,1,60,60
37999,200062,0,1000,38000,0,1,60,60
38000,200063,0,1000,0,0,1,60,60
38002,200065,0,0,0,0,0,60,60
38003,200066,0,0,35595,0,0,60,60
38004,200069,0,1000,40923,0,0,60,60
38005,194517,0,0,0,0,0,60,60
38006,200074,0,1000,38007,0,0,60,60
38007,200075,0,1000,0,0,0,60,60
38008,200078,0,1000,38009,0,0,60,60
38009,200079,0,1000,38012,0,0,60,60
38010,200080,0,1000,38011,0,0,60,60
38011,200081,0,0,0,0,0,60,60
38012,0,0,2000,38010,0,0,60,60
38013,200084,0,0,0,0,0,60,60
38014,200085,0,0,38016,0,0,60,60
38016,200087,0,3000,38024,0,0,60,60
38017,200088,0,1000,38018,0,0,60,60
38018,200089,0,1000,38647,0,0,60,60
38019,200090,0,1000,38020,0,0,60,60
38020,200091,0,1000,39697,0,0,60,60
38021,200094,0,1000,38022,0,0,60,60
38022,200095,0,1000,0,0,0,60,60
38023,200096,0,1000,0,0,0,60,60
38024,200097,0,1000,38025,0,0,60,60
38025,200098,0,1000,0,0,0,60,60
38029,200104,0,0,0,0,0,60,60
38030,200105,0,1000,0,0,0,60,60
38031,200107,0,1000,38032,0,0,60,60
38032,200108,0,1000,38095,0,0,60,60
38034,200111,0,1000,0,0,0,60,60
38035,200109,0,0,0,0,0,60,60
38036,200110,0,0,0,0,0,60,60
38037,200113,0,0,0,0,0,60,60
38038,192720,0,0,39025,0,1,60,60
38041,195674,0,1000,38043,0,0,60,60
38042,195665,0,0,0,0,0,60,60
38043,0,0,0,0,0,0,60,60
38044,0,0,0,0,0,0,60,60
38045,200114,0,1000,0,0,0,60,60
38050,200124,0,0,0,0,0,60,60
38051,190979,0,1000,38052,0,1,60,60
38052,190980,0,1000,38053,0,1,60,60
38053,190981,0,1000,0,0,1,60,60
38055,200127,0,0,0,0,4,60,60
38056,190987,0,1000,38057,0,1,60,60
38057,190989,0,1000,0,0,1,60,60
38059,200129,0,9000,38685,0,0,60,60
38060,200130,0,2000,38064,0,0,60,60
38061,0,0,8000,38059,0,0,60,60
38062,193811,0,5000,38063,0,0,60,60
38063,200131,0,0,0,0,0,60,60
38064,200133,0,0,0,0,0,60,60
38065,198039,0,0,38068,0,0,60,60
38067,192685,0,0,0,0,0,60,60
38068,198044,0,0,38069,0,1,60,60
38069,198045,0,0,38067,0,1,60,60
38071,196088,0,1000,0,0,1,60,60
38072,196114,0,1000,0,0,1,60,60
38073,193815,0,0,0,0,0,60,60
38074,196192,0,1000,38075,0,1,60,60
38075,196215,0,1000,0,0,1,60,60
38076,196114,0,1000,0,0,1,60,60
38077,190330,0,1000,0,0,1,60,60
38078,200144,0,2000,38079,0,0,60,60
38079,200145,0,0,0,0,0,60,60
38080,190082,0,1000,0,0,1,60,60
38081,200146,0,1000,0,0,0,60,60
38082,192098,0,1000,0,0,1,60,60
38083,192102,0,1000,0,0,1,60,60
38084,190118,0,1000,0,0,1,60,60
38085,200149,0,1000,0,0,0,60,60
38086,200148,0,2000,38087,0,4,60,60
38087,200150,0,2000,38088,0,4,60,60
38088,200151,0,2000,0,20957,4,60,60
38090,200152,0,1000,0,0,0,60,60
38092,200154,0,1000,0,0,0,60,60
38093,200155,0,0,38094,0,0,60,60
38094,200156,0,0,0,0,0,60,60
38095,200157,0,1000,0,0,1,60,60
38096,192099,0,1000,0,0,1,60,60
38097,192100,0,1000,0,0,1,60,60
38098,192101,0,1000,0,0,1,60,60
38099,196218,0,1000,38100,0,1,60,60
38100,196230,0,1000,0,0,1,60,60
38102,200160,0,1000,38103,0,0,60,60
38103,200161,0,1000,38104,0,0,60,60
38104,200162,0,1000,0,0,0,60,60
38105,200163,0,1000,0,0,0,60,60
38106,200164,0,1000,0,0,0,60,60
38107,200140,0,1000,0,0,0,60,60
38108,191562,0,2000,38109,0,4,60,60
38109,200165,0,2000,38110,0,1,60,60
38110,191563,0,2000,38111,0,1,60,60
38111,191565,0,2000,0,0,1,60,60
38112,200168,0,0,38113,0,0,60,60
38113,200169,0,0,0,0,0,60,60
38116,199866,0,1000,38117,0,0,60,60
38117,199867,0,0,0,0,1,60,60
38118,199866,0,1000,38119,0,0,60,60
38119,199867,0,0,0,0,1,60,60
38120,199866,0,1000,38121,0,0,60,60
38121,199867,0,0,0,0,1,60,60
38122,192846,0,2000,38123,0,1,60,60
38123,192847,0,2000,38124,0,0,60,60
38124,192848,0,2000,38125,0,0,60,60
38125,200173,0,2000,38126,0,0,60,60
38126,200174,0,2000,38127,0,0,60,60
38127,192849,0,2000,38128,0,0,60,60
38128,192850,0,2000,38129,0,0,60,60
38129,200172,0,2000,0,0,0,60,60
38130,200175,0,1000,0,0,0,60,60
38131,200176,0,1000,0,0,0,60,60
38132,200182,0,0,0,0,0,60,60
38133,200183,0,0,0,0,0,60,60
38134,200184,0,1000,38137,0,0,60,60
38136,200186,0,1000,0,0,0,60,60
38137,200185,0,1000,41250,0,0,60,60
38138,200187,0,2000,38139,0,4,60,60
38139,200188,0,0,0,0,4,60,60
38140,198048,0,1250,38141,0,1,60,60
38141,198052,0,0,0,0,1,60,60
38142,200189,0,1000,0,0,0,60,60
38147,200195,0,1000,38148,0,0,60,60
38148,200199,0,0,0,0,0,60,60
38149,200200,0,0,0,0,1,60,60
38150,200201,0,0,38151,0,1,60,60
38151,200202,0,0,38152,0,0,60,60
38152,200203,0,1000,38153,0,0,60,60
38153,200204,0,2000,38154,0,4,60,60
38154,200206,0,1000,40798,0,0,60,60
38155,200207,0,2000,37393,0,4,60,60
38156,192974,0,2000,37418,0,1,60,60
38157,200344,0,1000,0,0,0,60,60
38158,200345,0,1000,0,0,0,60,60
38159,200232,0,0,38160,0,0,60,60
38160,0,0,2000,38161,0,0,60,60
38161,200233,0,0,0,0,1,60,60
38162,192034,0,1000,0,0,1,60,60
38163,192023,0,1000,0,0,1,60,60
38164,192021,0,1000,0,0,1,60,60
38165,192027,0,1000,0,0,1,60,60
38166,200243,0,1000,38167,0,0,60,60
38167,200244,0,0,0,0,0,60,60
38168,191800,0,1000,0,0,1,60,60
38169,191801,0,1000,0,0,1,60,60
38170,200239,0,1000,38171,0,0,60,60
38171,200230,0,0,0,0,0,60,60
38172,200251,0,0,0,0,0,60,60
38173,200265,0,1000,0,0,0,60,60
38174,200266,0,1000,0,0,0,60,60
38175,200267,0,0,0,0,0,60,60
38178,191811,0,1000,38179,0,0,60,60
38179,191812,0,0,0,0,0,60,60
38183,191975,0,1000,0,0,0,60,60
38184,191977,0,1000,38185,0,0,60,60
38185,191978,0,1000,0,0,0,60,60
38186,191979,0,1000,38187,0,0,60,60
38187,191980,0,1000,0,0,0,60,60
38188,192004,0,1000,38189,0,0,60,60
38189,192005,0,0,0,0,0,60,60
38190,200322,0,4000,38195,0,0,60,60
38191,200323,0,2000,38193,0,0,60,60
38193,200326,0,3000,38190,0,0,60,60
38195,200328,0,1000,41608,0,0,60,60
38196,0,0,1000,38197,0,0,60,60
38197,200330,0,1000,38198,0,1,60,60
38198,200331,0,1500,38199,0,1,60,60
38199,200334,0,1000,0,0,1,60,60
38200,200343,0,1000,0,0,0,60,60
38201,186170,0,1000,38202,0,0,60,60
38202,200354,0,1000,0,0,0,60,60
38204,200356,0,3000,0,0,0,60,60
38209,200366,0,1000,38210,0,0,60,60
38210,200367,0,1000,0,0,0,60,60
38211,200450,0,1000,0,0,0,60,60
38212,200451,0,1000,0,0,0,60,60
38217,200384,0,1000,38218,0,0,60,60
38218,200385,0,1000,0,0,0,60,60
38219,200390,0,1000,0,0,0,60,60
38220,200391,0,1000,0,0,0,60,60
38222,200416,0,0,0,0,0,60,60
38224,200418,0,0,38226,0,2,60,60
38226,200420,0,0,0,0,0,60,60
38227,200421,0,0,38228,0,0,60,60
38228,200422,0,0,0,0,0,60,60
38232,191912,0,1000,38233,0,0,60,60
38233,191914,0,1000,38234,0,0,60,60
38234,191919,0,1000,38235,0,0,60,60
38235,191929,0,0,38236,0,0,60,60
38236,191931,0,0,0,0,0,60,60
38238,191807,0,1000,38239,0,1,60,60
38239,191808,0,1000,0,0,1,60,60
38240,200435,0,1000,38241,0,4,60,60
38241,200436,0,2000,38242,0,0,60,60
38242,200437,0,0,0,0,1,60,60
38243,200438,0,2000,38244,0,1,60,60
38244,200439,0,2000,38245,0,4,60,60
38245,200440,0,0,41786,0,1,60,60
38247,200445,0,1000,38248,0,0,60,60
38248,200446,0,0,0,0,0,60,60
38249,191495,0,1000,0,0,0,60,60
38250,196318,0,1000,0,0,0,60,60
38251,200458,0,1000,0,0,0,60,60
38254,199426,0,3000,38255,0,0,60,60
38255,199427,0,0,0,0,0,60,60
38256,200463,0,1000,38257,0,0,60,60
38257,200464,0,1000,38258,0,0,60,60
38258,200465,0,0,0,0,0,60,60
38259,200466,0,2000,0,0,0,60,60
38261,200489,0,0,38262,0,0,60,60
38262,200490,0,0,0,0,0,60,60
38263,200491,0,0,0,0,0,60,60
38264,196231,0,1000,38265,0,1,60,60
38265,196232,0,1000,0,0,1,60,60
38267,200526,0,3000,38268,0,0,60,60
38268,200527,0,0,0,0,0,60,60
38269,200557,0,2000,38284,0,0,60,60
38270,200543,0,2000,38271,0,0,60,60
38271,200544,0,2000,38272,0,0,60,60
38272,200545,0,2000,38273,0,0,60,60
38273,200546,0,2000,38274,0,0,60,60
38274,200547,0,2000,38275,0,0,60,60
38275,200548,0,2000,38276,0,0,60,60
38276,200549,0,2000,38277,0,0,60,60
38277,200550,0,2000,38278,0,0,60,60
38278,200551,0,2000,38279,0,0,60,60
38279,200552,0,2000,38280,0,0,60,60
38280,200553,0,2000,38281,0,0,60,60
38281,200554,0,2000,38282,0,0,60,60
38282,200555,0,2000,38283,0,0,60,60
38283,200556,0,2000,0,0,0,60,60
38284,200558,0,3000,38285,0,0,60,60
38285,200559,0,2000,38286,0,0,60,60
38286,200560,0,2000,38287,0,0,60,60
38287,200561,0,2000,38288,0,0,60,60
38288,200562,0,2000,38289,0,0,60,60
38289,200563,0,2000,38290,0,0,60,60
38290,200564,0,2000,38291,0,0,60,60
38291,200565,0,2000,38292,0,0,60,60
38292,200566,0,2000,38293,0,0,60,60
38293,200567,0,2000,38294,0,0,60,60
38294,200568,0,2000,38295,0,0,60,60
38295,200569,0,2000,38296,0,0,60,60
38296,200570,0,2000,0,0,0,60,60
38297,200571,0,0,38298,0,0,60,60
38298,200573,0,0,0,0,0,60,60
38299,200574,0,1000,38300,0,0,60,60
38300,200576,0,1000,38301,0,0,60,60
38301,200577,0,1000,0,0,0,60,60
38302,200575,0,1000,0,0,4,60,60
38304,187562,0,1000,0,0,0,60,60
38308,200584,0,1000,38314,0,0,60,60
38310,200586,0,1000,38311,0,0,60,60
38311,200587,0,1000,38544,0,0,60,60
38312,200590,0,3000,38638,0,0,60,60
38314,200593,0,0,0,0,0,60,60
38315,200601,0,2000,38317,0,0,60,60
38317,200603,0,1000,0,0,0,60,60
38318,200605,0,0,0,0,0,60,60
38319,200606,0,4000,38320,0,0,60,60
38320,200607,0,1000,38321,0,0,60,60
38321,200608,0,1000,0,0,0,60,60
38322,200610,0,0,0,0,0,60,60
38323,200614,0,1000,41807,0,0,60,60
38324,200615,0,1000,41808,0,0,60,60
38325,200618,0,3000,0,0,0,60,60
38326,198589,0,0,0,0,0,60,60
38327,200620,0,1000,0,0,0,60,60
38328,200624,0,0,38329,0,0,60,60
38329,200622,0,0,38330,0,0,60,60
38330,200625,0,0,38331,0,0,60,60
38331,200623,0,0,38332,0,0,60,60
38332,200626,0,0,0,0,0,60,60
38335,199259,0,1000,38336,0,0,60,60
38336,199242,0,1000,0,0,0,60,60
38337,199240,0,1000,38335,0,0,60,60
38342,200637,0,3000,38343,0,0,60,60
38343,200638,0,3000,0,0,0,60,60
38344,0,0,0,38345,0,0,60,60
38345,0,0,0,38346,0,0,60,60
38346,0,0,0,38347,0,0,60,60
38347,0,0,0,38348,0,0,60,60
38348,0,0,0,38349,0,0,60,60
38349,0,0,0,38350,0,0,60,60
38350,0,0,0,37508,0,0,60,60
38351,0,0,0,38352,0,0,60,60
38352,0,0,0,38353,0,0,60,60
38353,0,0,0,37509,0,0,60,60
38354,0,0,0,38355,0,0,60,60
38355,0,0,0,38356,0,0,60,60
38356,0,0,0,37510,0,0,60,60
38357,200639,0,3000,38358,0,0,60,60
38358,200640,0,3000,0,0,0,60,60
38359,200641,0,2000,32443,0,0,60,60
38360,0,0,1000,38361,0,0,60,60
38361,195497,0,1500,38362,0,0,60,60
38362,195498,0,2000,40228,0,0,60,60
38363,0,0,1000,0,0,0,60,60
38364,199325,0,1000,0,0,0,60,60
38365,200656,0,1000,0,0,0,60,60
38366,200667,0,0,38367,0,1,60,60
38367,200669,0,0,0,0,0,60,60
38370,200674,0,1000,38776,0,0,60,60
38371,198228,0,1000,0,0,0,60,60
38373,200692,0,1000,32610,0,0,60,60
38374,186740,0,1000,38375,0,0,60,60
38375,200692,0,0,38895,0,0,60,60
38376,201727,0,0,38896,0,0,60,60
38377,200696,0,0,38378,0,2,60,60
38378,200697,0,3000,38379,0,0,60,60
38379,200698,0,2000,38380,0,0,60,60
38380,200699,0,3000,38381,0,0,60,60
38381,200700,0,2000,38382,0,0,60,60
38382,200701,0,0,0,0,0,60,60
38384,202524,0,5000,38385,0,0,60,60
38385,202529,0,3000,0,0,0,60,60
38387,196902,0,1000,0,0,0,60,60
38388,200861,0,1000,0,0,0,60,60
38389,0,0,1000,36317,0,0,60,60
38390,200862,0,1000,0,0,0,60,60
38391,196069,0,1000,38392,0,0,60,60
38392,200863,0,1000,38393,0,0,60,60
38393,196070,0,1000,0,0,0,60,60
38394,200867,0,1000,0,0,0,60,60
38397,0,0,1000,38398,0,0,60,60
38398,202661,0,1000,0,0,4,60,60
38399,0,0,1000,38400,0,0,60,60
38400,200876,0,1000,0,0,0,60,60
38401,196976,0,1000,38402,0,0,60,60
38402,200879,0,1000,38403,0,0,60,60
38403,200880,0,0,0,0,0,60,60
38404,200881,0,1000,0,0,0,60,60
38405,200882,0,0,0,0,0,60,60
38406,200883,0,1000,0,0,0,60,60
38407,200885,0,3000,38408,0,0,60,60
38408,200886,0,1000,0,0,0,60,60
38409,200888,0,1000,0,0,0,60,60
38410,200889,0,8000,38411,0,0,60,60
38411,200891,0,6000,38412,0,0,60,60
38412,200892,0,6000,38413,0,0,60,60
38413,200893,0,0,0,0,0,60,60
38414,200894,0,1000,0,0,0,60,60
38415,200895,0,1000,0,0,0,60,60
38417,200900,0,1000,0,0,0,60,60
38418,199113,0,0,0,0,0,60,60
38419,200904,0,1000,0,0,0,60,60
38420,200905,0,1000,0,0,0,60,60
38421,0,0,1000,38422,0,0,60,60
38422,200906,0,0,0,0,0,60,60
38423,0,0,1000,38424,0,0,60,60
38424,200909,0,0,0,0,0,60,60
38425,0,0,1000,38426,0,0,60,60
38426,200912,0,0,0,0,0,60,60
38427,200913,0,0,0,0,0,60,60
38428,200914,0,0,0,0,0,60,60
38429,200915,0,0,0,0,0,60,60
38430,200916,0,0,0,0,0,60,60
38432,200918,0,1000,38433,0,0,60,60
38433,200919,0,1000,38434,0,0,60,60
38434,200920,0,1000,38435,0,0,60,60
38435,200921,0,1000,0,0,0,60,60
38437,200924,0,3000,38785,0,0,60,60
38438,200925,0,2000,38440,0,0,60,60
38440,200927,0,1000,0,0,0,60,60
38441,200929,0,2000,38442,0,1,60,60
38442,200930,0,4000,38443,0,1,60,60
38443,200931,0,2000,38444,0,0,60,60
38444,200932,0,0,0,0,0,60,60
38445,200933,0,1000,0,0,0,60,60
38446,200941,0,1000,0,0,0,60,60
38447,200944,0,2000,38448,0,0,60,60
38448,200945,0,1000,38449,0,0,60,60
38449,200947,0,0,0,0,0,60,60
38450,200946,0,2000,0,0,0,60,60
38457,191815,0,1000,0,0,1,60,60
38458,191784,0,1000,0,0,1,60,60
38461,191816,0,1000,0,0,1,60,60
38462,191820,0,1000,0,0,1,60,60
38463,191814,0,1000,0,0,1,60,60
38464,192566,0,1000,0,0,1,60,60
38465,192564,0,1000,0,0,1,60,60
38466,192563,0,1000,0,0,1,60,60
38467,192565,0,1000,0,0,1,60,60
38468,191817,0,1000,0,0,1,60,60
38469,191818,0,1000,0,0,1,60,60
38470,191999,0,1000,0,0,1,60,60
38471,192002,0,1000,0,0,1,60,60
38472,192070,0,1000,0,0,1,60,60
38473,192066,0,1000,0,0,1,60,60
38474,192065,0,1000,0,0,1,60,60
38475,192064,0,1000,0,0,1,60,60
38476,192068,0,1000,0,0,1,60,60
38477,192073,0,1000,0,0,1,60,60
38478,192003,0,1000,0,0,1,60,60
38479,192000,0,1000,0,0,1,60,60
38480,192001,0,1000,0,0,1,60,60
38481,200962,0,1000,0,0,0,60,60
38483,200508,0,5000,38267,0,0,60,60
38484,201019,0,1000,0,0,0,60,60
38485,201044,0,0,38486,0,0,60,60
38486,201045,0,0,0,0,0,60,60
38487,201052,0,0,38488,0,0,60,60
38488,201053,0,0,38489,0,0,60,60
38489,201054,0,0,0,0,0,60,60
38490,201057,0,1000,38491,0,0,60,60
38491,201058,0,1000,38496,0,0,60,60
38492,201059,0,1000,39369,0,0,60,60
38493,202616,0,1000,0,0,0,60,60
38494,201062,0,4000,38798,0,0,60,60
38496,0,0,1000,38492,0,0,60,60
38497,199998,0,1000,0,0,0,60,60
38498,200000,0,1000,0,0,0,60,60
38499,199999,0,1000,0,0,0,60,60
38500,200004,0,1000,0,0,0,60,60
38501,200003,0,1000,0,0,0,60,60
38502,200005,0,1000,0,0,0,60,60
38503,200006,0,1000,0,0,0,60,60
38504,200002,0,1000,0,0,0,60,60
38505,200001,0,1000,0,0,0,60,60
38506,201064,0,0,38507,0,0,60,60
38507,201065,0,6000,38887,0,0,60,60
38508,201066,0,1000,38509,0,0,60,60
38509,201067,0,1000,38510,0,0,60,60
38510,201068,0,0,38511,0,2,60,60
38511,201069,0,1000,38512,0,0,60,60
38512,201070,0,1000,38513,0,0,60,60
38513,201071,0,0,38514,0,0,60,60
38514,201072,0,1000,38515,0,2,60,60
38515,201073,0,0,0,0,0,60,60
38516,200922,0,2000,38437,0,0,60,60
38517,201085,0,0,33332,0,0,60,60
38518,0,0,1000,38519,0,0,60,60
38519,188595,0,0,0,0,0,60,60
38520,0,0,1000,38521,0,0,60,60
38521,201093,0,0,0,0,0,60,60
38522,201094,0,0,38523,0,0,60,60
38523,201095,0,0,38524,0,0,60,60
38524,201096,0,1000,0,0,0,60,60
38525,201097,0,1000,0,0,0,60,60
38526,201098,0,0,38527,0,0,60,60
38527,200147,0,0,0,0,0,60,60
38529,201101,0,1000,39379,0,0,60,60
38530,201102,0,1000,38531,0,0,60,60
38531,201103,0,1000,0,0,0,60,60
38534,201104,0,1000,0,0,0,60,60
38535,183980,0,1000,38547,0,1,60,60
38536,198332,0,2000,36876,0,0,60,60
38537,201111,0,3000,38538,0,0,60,60
38538,201112,0,0,0,0,0,60,60
38539,200042,0,2000,0,0,0,60,60
38540,201115,0,1000,0,0,2,60,60
38541,196168,0,2000,38542,0,0,60,60
38542,196169,0,2000,39805,0,0,60,60
38544,201124,0,1000,0,0,0,60,60
38545,201128,0,1000,0,0,2,60,60
38546,201135,0,1000,0,0,0,60,60
38547,183982,0,1000,0,0,1,60,60
38549,201145,0,2000,0,0,0,60,60
38550,201146,0,2000,38551,0,0,60,60
38551,201147,0,2000,0,0,0,60,60
38552,200592,0,1000,0,0,1,60,60
38553,201148,0,2000,38554,0,0,60,60
38554,201149,0,2000,0,0,0,60,60
38555,0,0,2000,38552,0,0,60,60
38556,201150,0,2000,38557,0,0,60,60
38557,201152,0,2000,0,0,0,60,60
38558,201160,0,2000,41021,0,0,60,60
38559,201180,0,0,0,0,0,60,60
38560,201181,0,0,0,0,0,60,60
38561,201191,0,1000,0,0,3,60,60
38562,201193,0,1000,0,0,3,60,60
38563,0,0,2000,38564,0,0,60,60
38564,201192,0,0,38565,0,0,60,60
38565,201194,0,0,0,0,0,60,60
38566,201195,0,1000,0,0,3,60,60
38567,201196,0,1000,0,0,3,60,60
38568,201197,0,1000,0,0,0,60,60
38569,0,0,1000,38570,0,0,60,60
38570,201156,0,1000,0,0,0,60,60
38571,0,0,1000,38573,0,0,60,60
38573,201215,0,0,0,0,0,60,60
38574,201217,0,2000,38575,0,0,60,60
38575,201218,0,1000,0,0,0,60,60
38576,201219,0,0,38578,0,0,60,60
38577,201220,0,0,0,0,0,60,60
38578,0,0,7000,38577,0,0,60,60
38579,0,0,7000,38580,0,0,60,60
38580,201230,0,0,38581,0,0,60,60
38581,201231,0,0,0,0,0,60,60
38582,201232,0,0,0,0,0,60,60
38583,201233,0,1000,38585,0,0,60,60
38584,201234,0,1000,0,0,0,60,60
38585,201235,0,1000,38584,0,0,60,60
38590,201245,0,0,0,0,0,60,60
38591,201246,0,0,0,0,0,60,60
38592,195956,0,1000,0,0,0,60,60
38593,201247,0,0,38594,0,0,60,60
38594,201248,0,0,38595,0,0,60,60
38595,201249,0,0,38596,0,0,60,60
38596,201250,0,0,0,0,0,60,60
38597,201253,0,0,0,0,0,60,60
38598,201254,0,1000,0,0,0,60,60
38600,201256,0,1000,38601,0,0,60,60
38601,201257,0,0,0,0,0,60,60
38602,201258,0,1000,39243,0,0,60,60
38603,201259,0,0,38604,0,0,60,60
38604,201260,0,0,0,0,0,60,60
38606,188938,0,1000,0,0,0,60,60
38612,201261,0,1000,38613,0,0,60,60
38613,188939,0,1000,38614,0,0,60,60
38614,188940,0,1000,0,0,0,60,60
38617,201262,0,1000,0,0,0,60,60
38618,201265,0,2000,38619,0,0,60,60
38619,201266,0,2000,38627,0,0,60,60
38627,201267,0,2000,38628,0,0,60,60
38628,201268,0,2000,38629,0,0,60,60
38629,201269,0,2000,38630,0,0,60,60
38630,201270,0,2000,38631,0,0,60,60
38631,201271,0,2000,38655,0,0,60,60
38633,0,0,0,0,0,0,60,60
38634,201277,0,1000,38635,0,0,60,60
38635,0,0,0,0,0,0,60,60
38636,201278,0,0,0,0,0,60,60
38637,201279,0,4000,0,0,0,60,60
38638,201284,0,4000,38782,0,0,60,60
38639,201286,0,1000,38640,0,0,60,60
38640,201287,0,1000,0,0,0,60,60
38641,199490,0,0,38642,0,0,60,60
38642,199491,0,0,38643,0,0,60,60
38643,199487,0,0,38644,0,0,60,60
38644,199488,0,0,38645,0,0,60,60
38645,199489,0,0,0,0,0,60,60
38647,201314,0,2000,38648,0,0,60,60
38648,201315,0,1000,38649,0,0,60,60
38649,201316,0,1000,38650,0,0,60,60
38650,201317,0,1000,38651,0,0,60,60
38651,201318,0,1000,38652,0,0,60,60
38652,201319,0,1000,38653,0,0,60,60
38653,201320,0,1000,0,0,0,60,60
38654,201321,0,1000,0,0,0,60,60
38655,0,0,1000,38656,0,0,60,60
38656,201322,0,1000,38633,0,0,60,60
38657,201306,0,500,38658,0,0,60,60
38658,201307,0,500,38659,0,0,60,60
38659,201308,0,500,38660,0,0,60,60
38660,201309,0,500,38661,0,0,60,60
38661,201310,0,500,38662,0,0,60,60
38662,201311,0,0,38663,0,0,60,60
38663,201312,0,500,38664,0,0,60,60
38664,201313,0,500,0,0,0,60,60
38665,201323,0,1000,0,0,0,60,60
38666,201324,0,1000,0,0,0,60,60
38667,201325,0,1000,39383,0,0,60,60
38668,201327,0,1000,38669,0,0,60,60
38669,201328,0,1000,38670,0,0,60,60
38670,201329,0,1000,38671,0,0,60,60
38671,201330,0,1000,0,0,0,60,60
38674,201332,0,1000,38675,0,0,60,60
38675,201333,0,1000,0,0,0,60,60
38676,201343,0,1000,38677,0,0,60,60
38677,201345,0,1000,0,0,2,60,60
38678,201331,0,0,38680,0,2,60,60
38679,201337,0,1000,38678,0,0,60,60
38680,201347,0,2000,38779,0,0,60,60
38681,201359,0,1000,38682,0,0,60,60
38682,201360,0,1000,40113,0,0,60,60
38684,201366,0,1000,0,0,0,60,60
38685,201383,0,8000,38060,0,0,60,60
38686,201387,0,0,0,0,0,60,60
38687,195499,0,500,38688,0,0,60,60
38688,201407,0,500,38689,0,0,60,60
38689,201408,0,500,38690,0,0,60,60
38690,201409,0,0,38363,0,0,60,60
38691,0,0,1000,38692,0,0,60,60
38692,201410,0,2000,0,0,0,60,60
38693,200993,0,0,38694,0,1,60,60
38694,200994,0,0,38695,0,1,60,60
38695,200995,0,0,38696,0,1,60,60
38696,200996,0,0,38697,0,4,60,60
38697,200998,0,0,38698,0,4,60,60
38698,200999,0,0,0,0,4,60,60
38699,200993,0,0,38700,0,1,60,60
38700,200994,0,0,38701,0,1,60,60
38701,200995,0,0,38702,0,1,60,60
38702,200997,0,0,38703,0,4,60,60
38703,200998,0,0,38704,0,4,60,60
38704,200999,0,0,0,0,4,60,60
38705,201000,0,0,38706,0,1,60,60
38706,201001,0,0,38707,0,1,60,60
38707,201002,0,0,0,0,1,60,60
38708,198589,0,0,0,0,0,60,60
38709,201003,0,0,38710,0,1,60,60
38710,201004,0,0,38711,0,1,60,60
38711,201005,0,0,0,0,1,60,60
38713,201006,0,0,38716,0,4,60,60
38715,201008,0,0,0,0,4,60,60
38716,201007,0,0,0,0,4,60,60
38717,200643,0,0,38718,0,4,60,60
38718,200644,0,0,38719,0,4,60,60
38719,200645,0,0,0,0,4,60,60
38720,200170,0,0,38721,0,1,60,60
38721,200171,0,0,38722,0,1,60,60
38722,200646,0,0,38723,0,1,60,60
38723,200647,0,0,0,0,1,60,60
38725,201009,0,0,38726,0,4,60,60
38726,201010,0,0,0,0,4,60,60
38727,201011,0,0,0,0,4,60,60
38728,201012,0,0,38729,0,1,60,60
38729,201015,0,0,38730,0,1,60,60
38730,201013,0,0,38731,0,1,60,60
38731,201014,0,0,0,0,1,60,60
38732,193624,0,0,38733,0,0,60,60
38733,195750,0,0,38734,0,0,60,60
38734,195752,0,0,38735,0,0,60,60
38735,195778,0,0,38736,0,0,60,60
38736,195755,0,0,38737,0,0,60,60
38737,195759,0,0,0,0,0,60,60
38738,201421,0,1000,38739,0,0,60,60
38739,201422,0,1000,0,0,0,60,60
38740,201424,0,1000,38741,0,0,60,60
38741,201427,0,1000,0,0,0,60,60
38742,200621,0,0,38743,0,0,60,60
38743,198590,0,0,0,0,0,60,60
38747,201443,0,0,0,0,0,60,60
38748,201447,0,2000,38749,0,0,60,60
38749,201448,0,1000,38750,0,0,60,60
38750,201449,0,0,0,0,0,60,60
38751,191837,0,3000,38752,0,0,60,60
38752,201454,0,1000,0,0,0,60,60
38753,201474,0,1000,0,0,0,60,60
38755,201476,0,0,34109,0,0,60,60
38756,201477,0,1000,0,0,0,60,60
38758,0,0,3000,38756,0,0,60,60
38766,201485,0,1000,0,0,0,60,60
38772,201509,0,1000,0,0,0,60,60
38773,201510,0,1000,0,0,0,60,60
38774,199053,0,1000,38775,0,0,60,60
38775,201511,0,1000,0,0,0,60,60
38776,201512,0,0,0,0,0,60,60
38777,196321,0,1000,0,0,0,60,60
38778,187325,0,1000,0,0,0,60,60
38779,201529,0,0,0,0,0,60,60
38780,201534,0,0,0,0,0,60,60
38781,199053,0,1000,0,0,4,60,60
38782,201279,0,0,0,0,0,60,60
38783,201535,0,1000,0,0,0,60,60
38784,0,0,3000,38315,0,0,60,60
38785,201549,0,2000,38438,0,0,60,60
38786,201545,0,0,38787,0,0,60,60
38787,201547,0,0,38788,0,0,60,60
38788,201548,0,0,38789,0,0,60,60
38789,201551,0,0,38790,0,0,60,60
38790,201552,0,0,38791,0,0,60,60
38791,201553,0,0,38792,0,0,60,60
38792,201554,0,0,0,0,0,60,60
38793,201544,0,1000,38795,0,0,60,60
38795,201555,0,1000,38796,0,0,60,60
38796,201556,0,1000,38797,0,0,60,60
38797,201557,0,1000,0,0,0,60,60
38798,201063,0,2000,0,0,0,60,60
38799,201558,0,1000,0,0,0,60,60
38800,200773,0,2000,38801,0,4,60,60
38801,201559,0,1000,38802,0,1,60,60
38802,201561,0,1000,38803,0,1,60,60
38803,201560,0,1000,38805,0,1,60,60
38804,201562,0,0,0,0,1,60,60
38805,201564,0,0,38806,0,1,60,60
38806,201563,0,0,38804,0,1,60,60
38807,201567,0,1000,0,0,0,60,60
38808,201569,0,1000,0,0,0,60,60
38809,201570,0,1000,0,0,0,60,60
38810,201571,0,1000,0,0,0,60,60
38811,201573,0,1000,0,0,0,60,60
38812,201574,0,1000,38813,0,0,60,60
38813,201575,0,1000,0,0,0,60,60
38814,201576,0,1000,38815,0,0,60,60
38815,201577,0,1000,0,0,0,60,60
38816,201578,0,1000,0,0,0,60,60
38817,201579,0,1000,38818,0,0,60,60
38818,201580,0,1000,0,0,0,60,60
38819,0,0,8000,38820,0,0,60,60
38820,201582,0,1000,0,0,0,60,60
38821,201584,0,1000,38822,0,0,60,60
38822,201585,0,0,0,0,0,60,60
38823,201586,0,1000,38824,0,0,60,60
38824,201587,0,0,0,0,0,60,60
38825,201588,0,1000,38826,0,0,60,60
38826,201589,0,0,0,0,0,60,60
38827,201590,0,1000,38828,0,0,60,60
38828,201591,0,1000,0,0,0,60,60
38829,198404,0,1000,38830,0,0,60,60
38830,198405,0,1000,0,0,0,60,60
38831,198406,0,1000,38832,0,0,60,60
38832,198407,0,1000,38833,0,0,60,60
38833,198408,0,1000,0,0,0,60,60
38834,198409,0,1000,38835,0,0,60,60
38835,198410,0,1000,0,0,0,60,60
38836,198411,0,1000,38837,0,0,60,60
38837,198413,0,1000,0,0,0,60,60
38838,198414,0,1000,38839,0,0,60,60
38839,198416,0,1000,0,0,0,60,60
38840,198417,0,1000,38841,0,0,60,60
38841,198418,0,1000,38842,0,0,60,60
38842,198419,0,1000,38843,0,0,60,60
38843,198420,0,1000,38844,0,0,60,60
38844,198421,0,1000,0,0,0,60,60
38845,198422,0,1000,38846,0,0,60,60
38846,198423,0,1000,38847,0,0,60,60
38847,198424,0,1000,38848,0,0,60,60
38848,198425,0,1000,0,0,0,60,60
38849,198426,0,1000,38850,0,0,60,60
38850,198427,0,1000,38851,0,0,60,60
38851,198428,0,1000,38852,0,0,60,60
38852,198429,0,1000,0,0,0,60,60
38853,200677,0,0,38854,0,0,60,60
38854,200657,0,2000,41629,0,0,60,60
38855,201594,0,1000,0,0,0,60,60
38857,203979,0,1000,0,0,0,60,60
38858,201598,0,0,38859,0,0,60,60
38859,199615,0,0,0,0,0,60,60
38860,201600,0,1000,0,0,0,60,60
38861,201603,0,1000,0,0,0,60,60
38862,201604,0,1000,0,0,0,60,60
38863,201606,0,1000,38864,0,0,60,60
38864,201607,0,1000,38865,0,0,60,60
38865,0,0,0,0,0,0,60,60
38866,201602,0,2000,38867,0,4,60,60
38867,201611,0,1000,38868,0,1,60,60
38868,201612,0,1000,38869,0,1,60,60
38869,201613,0,0,0,0,1,60,60
38870,201617,0,1000,38871,0,0,60,60
38871,201618,0,1000,38872,0,0,60,60
38872,201619,0,0,0,0,0,60,60
38873,201620,0,1000,0,0,0,60,60
38874,196913,0,6000,38875,0,0,60,60
38875,196914,0,0,0,0,0,60,60
38876,201622,0,1000,0,0,0,60,60
38877,201627,0,1000,38878,0,0,60,60
38878,201628,0,1000,0,0,0,60,60
38879,201123,0,0,38880,0,0,60,60
38880,201629,0,1000,0,0,0,60,60
38881,201635,0,0,35078,0,0,60,60
38882,201637,0,0,0,0,0,60,60
38883,196916,0,1000,38884,0,0,60,60
38884,196917,0,1000,38885,0,0,60,60
38885,196918,0,1000,0,0,0,60,60
38886,201689,0,1000,0,0,0,60,60
38887,201690,0,0,0,0,0,60,60
38888,201693,0,0,38889,0,0,60,60
38889,201694,0,0,0,0,0,60,60
38890,201695,0,0,0,0,0,60,60
38891,0,0,2000,38890,0,0,60,60
38892,201709,0,1000,38893,0,0,60,60
38893,201710,0,1000,0,0,0,60,60
38895,201726,0,1000,38376,0,0,60,60
38896,200691,0,1000,0,0,0,60,60
38897,201730,0,1000,0,0,0,60,60
38898,191913,0,1000,0,0,0,60,60
38899,191518,0,1000,0,0,0,60,60
38901,201737,0,1000,0,0,1,60,60
38903,197037,0,0,0,0,0,60,60
38905,197042,0,0,0,0,0,60,60
38906,201747,0,1000,0,0,0,60,60
38907,192832,0,0,38908,0,4,60,60
38908,192833,0,0,0,0,1,60,60
38909,192835,0,0,38911,0,4,60,60
38910,201884,0,1000,39022,0,1,60,60
38911,201885,0,1000,38910,0,1,60,60
38912,201887,0,0,39026,0,1,60,60
38913,192835,0,0,39028,0,4,60,60
38916,201897,0,0,39030,0,1,60,60
38917,192835,0,0,39032,0,4,60,60
38920,201903,0,0,39035,0,1,60,60
38921,192835,0,0,39037,0,4,60,60
38924,201908,0,0,39039,0,1,60,60
38925,201751,0,1000,0,0,0,60,60
38926,201752,0,1000,38927,0,0,60,60
38927,201753,0,1000,38928,0,0,60,60
38928,201754,0,1000,0,0,0,60,60
38929,201755,0,1000,38930,0,0,60,60
38930,201757,0,1000,0,0,0,60,60
38931,201758,0,1000,38932,0,0,60,60
38932,201759,0,1000,0,0,0,60,60
38933,201760,0,1000,0,0,0,60,60
38934,201785,0,0,38935,0,0,60,60
38935,201786,0,0,0,0,0,60,60
38936,201787,0,0,38937,0,0,60,60
38937,201788,0,0,0,0,0,60,60
38938,201789,0,1000,0,0,0,60,60
38939,193677,0,0,38940,0,0,60,60
38940,193678,0,1000,38941,0,0,60,60
38941,193453,0,0,38942,0,0,60,60
38942,193555,0,0,38943,0,0,60,60
38943,193558,0,0,38944,0,0,60,60
38944,193560,0,0,38945,0,0,60,60
38945,193564,0,0,38946,0,0,60,60
38946,193567,0,0,38947,0,0,60,60
38947,193569,0,0,38948,0,0,60,60
38948,193570,0,0,38949,0,0,60,60
38949,193571,0,0,38950,0,0,60,60
38950,193573,0,0,38951,0,0,60,60
38951,193576,0,0,38952,0,0,60,60
38952,193578,0,0,38953,0,0,60,60
38953,193579,0,0,38954,0,0,60,60
38954,193712,0,0,38955,0,0,60,60
38955,193713,0,0,0,0,0,60,60
38956,198645,0,0,0,0,0,60,60
38957,201790,0,1000,38958,0,0,60,60
38958,201791,0,5000,38959,0,0,60,60
38959,201792,0,1000,38960,0,0,60,60
38960,201793,0,5000,38961,0,0,60,60
38961,201794,0,5000,38962,0,0,60,60
38962,201795,0,1000,38963,0,0,60,60
38963,201796,0,5000,38964,0,0,60,60
38964,201797,0,1000,38965,0,0,60,60
38965,201798,0,1000,38966,0,0,60,60
38966,201799,0,1000,38967,0,0,60,60
38967,201800,0,1000,38968,0,0,60,60
38968,201801,0,0,0,0,0,60,60
38969,201802,0,0,35094,0,0,60,60
38971,201762,0,0,0,0,1,60,60
38972,201763,0,0,0,0,0,60,60
38973,201770,0,0,0,0,0,60,60
38974,201394,0,0,0,0,1,60,60
38975,201395,0,0,38976,0,0,60,60
38976,201396,0,0,0,0,0,60,60
38977,201610,0,0,0,0,0,60,60
38978,201765,0,0,0,0,0,60,60
38979,201764,0,0,0,0,0,60,60
38980,201766,0,0,0,0,0,60,60
38981,201764,0,0,0,0,0,60,60
38982,201772,0,0,0,0,1,60,60
38983,201773,0,0,0,0,0,60,60
38984,201771,0,0,0,0,0,60,60
38986,201820,0,0,0,0,4,60,60
38987,201824,0,0,38988,0,0,60,60
38988,201825,0,0,38989,0,0,60,60
38989,201826,0,0,38991,0,0,60,60
38991,201828,0,1000,38992,0,0,60,60
38992,201829,0,1000,0,0,0,60,60
38994,201822,0,0,38995,0,0,60,60
38995,201823,0,1000,38996,0,0,60,60
38996,201830,0,0,39374,0,0,60,60
38997,201831,0,4000,38998,0,0,60,60
38998,201832,0,3000,38999,0,0,60,60
38999,201833,0,1000,0,0,0,60,60
39000,201834,0,1000,0,0,0,60,60
39001,201835,0,500,39002,0,0,60,60
39002,201836,0,0,39003,0,0,60,60
39003,201837,0,0,39004,0,0,60,60
39004,201838,0,2000,39005,0,0,60,60
39005,201839,0,0,39006,0,0,60,60
39006,201840,0,0,39007,0,0,60,60
39007,201841,0,0,0,0,0,60,60
39008,201848,0,1000,0,0,0,60,60
39009,201851,0,500,37832,0,0,60,60
39010,201858,0,1000,39011,0,0,60,60
39011,201853,0,1000,39012,0,0,60,60
39012,201855,0,1000,39013,0,0,60,60
39013,201857,0,1000,0,0,0,60,60
39015,201860,0,3000,39016,0,4,60,60
39016,201861,0,0,0,0,0,60,60
39017,201852,0,0,39018,0,0,60,60
39018,201854,0,0,39019,0,0,60,60
39019,201856,0,0,0,0,0,60,60
39020,201883,0,2000,41152,0,0,60,60
39021,201886,0,0,0,0,1,60,60
39022,201888,0,0,39021,0,1,60,60
39023,201891,0,1000,0,0,0,60,60
39024,201892,0,1000,0,0,0,60,60
39025,192845,0,0,0,0,1,60,60
39026,192844,0,0,39027,0,1,60,60
39027,201893,0,0,0,0,1,60,60
39028,201895,0,1000,39029,0,1,60,60
39029,201896,0,0,0,0,1,60,60
39030,201898,0,0,39031,0,1,60,60
39031,201899,0,0,0,0,1,60,60
39032,201900,0,1000,39033,0,1,60,60
39033,201901,0,1000,39034,0,1,60,60
39034,201902,0,0,0,0,1,60,60
39035,201904,0,0,39036,0,1,60,60
39036,201905,0,0,0,0,1,60,60
39037,201906,0,1000,39038,0,1,60,60
39038,201907,0,0,0,0,1,60,60
39039,201909,0,0,0,0,1,60,60
39040,190470,0,0,39041,0,4,60,60
39041,192833,0,0,0,0,1,60,60
39042,190343,0,1000,39043,0,4,60,60
39043,192833,0,0,0,0,1,60,60
39044,201849,0,1000,39045,0,0,60,60
39045,201850,0,0,0,0,0,60,60
39046,198486,0,0,37390,0,0,60,60
39047,187974,0,1000,39048,0,0,60,60
39048,201932,0,1000,0,0,0,60,60
39049,200725,0,0,39050,0,0,60,60
39050,200727,0,0,39051,0,0,60,60
39051,200729,0,0,39052,0,0,60,60
39052,200730,0,0,0,0,0,60,60
39053,201943,0,2000,39054,0,0,60,60
39054,201944,0,2000,39055,0,0,60,60
39055,201945,0,2000,39056,0,0,60,60
39056,201946,0,2000,39057,0,0,60,60
39057,201947,0,2000,39058,0,0,60,60
39058,201948,0,10000,39061,0,0,60,60
39059,0,0,5000,39053,0,0,60,60
39060,201949,0,0,0,0,0,60,60
39061,201958,0,0,0,0,0,60,60
39062,201935,0,0,39063,0,1,60,60
39063,201940,0,0,39064,0,1,60,60
39064,201938,0,0,0,0,1,60,60
39065,201936,0,1000,0,0,0,60,60
39066,0,0,2000,39067,0,0,60,60
39067,201967,0,2000,39068,0,0,60,60
39068,201968,0,2000,39069,0,0,60,60
39069,201969,0,2000,39070,0,0,60,60
39070,201970,0,2000,0,0,0,60,60
39071,201971,0,1000,0,0,0,60,60
39072,201937,0,0,39073,0,1,60,60
39073,201975,0,0,39074,0,1,60,60
39074,201976,0,0,39075,0,1,60,60
39075,201977,0,0,39076,0,1,60,60
39076,201978,0,0,39077,0,1,60,60
39077,201979,0,0,39078,0,1,60,60
39078,201980,0,0,0,0,1,60,60
39079,194961,0,1000,39080,0,4,60,60
39080,192833,0,0,0,0,1,60,60
39081,201987,0,0,39082,0,4,60,60
39082,192833,0,0,0,0,1,60,60
39084,193801,0,0,0,0,0,60,60
39086,198720,0,1000,0,0,1,60,60
39087,198721,0,1000,0,0,1,60,60
39088,198722,0,1000,0,0,1,60,60
39089,198718,0,1000,0,0,1,60,60
39090,0,0,500,39084,0,0,60,60
39091,0,0,0,0,0,0,60,60
39092,201992,0,1000,0,0,0,60,60
39093,202021,0,1000,0,0,0,60,60
39094,198116,0,1000,39096,0,0,60,60
39096,198118,0,1000,39097,0,0,60,60
39097,198119,0,1000,39098,0,0,60,60
39098,198121,0,1000,39100,0,0,60,60
39100,198124,0,1000,39101,0,0,60,60
39101,198125,0,1000,39102,0,0,60,60
39102,198127,0,1000,39103,0,0,60,60
39103,198129,0,1000,0,0,0,60,60
39104,202032,0,1000,0,0,0,60,60
39105,202033,0,1000,0,0,0,60,60
39106,202034,0,1000,0,0,0,60,60
39107,202035,0,1000,0,0,0,60,60
39108,202037,0,1000,0,0,0,60,60
39109,200737,0,5000,0,0,0,60,60
39110,202054,0,10000,39116,0,0,60,60
39111,200741,0,5000,0,0,0,60,60
39112,200746,0,5000,0,0,0,60,60
39113,200751,0,5000,0,0,0,60,60
39114,200755,0,5000,0,0,0,60,60
39115,200759,0,5000,0,0,0,60,60
39116,202056,0,2000,35305,0,0,60,60
39117,201813,0,1000,0,0,0,60,60
39118,202110,0,4000,0,0,0,60,60
39119,198713,0,1000,0,0,1,60,60
39120,202134,0,1000,0,0,0,60,60
39121,202140,0,1000,0,0,0,60,60
39122,0,0,0,37763,0,0,60,60
39123,202146,0,0,0,0,0,60,60
39124,202151,0,2000,39125,0,0,60,60
39125,202152,0,0,0,0,0,60,60
39126,202153,0,0,0,0,0,60,60
39127,202038,0,1000,39128,0,0,60,60
39128,201996,0,1000,39129,0,1,60,60
39129,201999,0,1000,0,0,1,60,60
39143,202170,0,1000,0,0,0,60,60
39144,202171,0,1000,0,0,0,60,60
39145,202080,0,1000,39146,0,0,60,60
39146,202081,0,1000,39147,0,0,60,60
39147,202082,0,1000,39148,0,0,60,60
39148,202083,0,1000,39149,0,0,60,60
39149,202084,0,1000,39150,0,0,60,60
39150,202087,0,1000,39151,0,0,60,60
39151,202085,0,1000,39152,0,0,60,60
39152,202086,0,1000,39153,0,0,60,60
39153,202172,0,0,0,0,0,60,60
39154,202173,0,3000,39155,0,0,60,60
39155,202174,0,1000,0,0,0,60,60
39156,202091,0,1000,39157,0,0,60,60
39157,202095,0,1000,39158,0,0,60,60
39158,202094,0,0,39159,0,0,60,60
39159,202096,0,1000,39160,0,0,60,60
39160,202092,0,0,39161,0,0,60,60
39161,202097,0,1000,39162,0,0,60,60
39162,202093,0,0,0,0,0,60,60
39163,178791,0,0,39164,0,0,60,60
39164,178792,0,0,39165,0,0,60,60
39165,0,0,0,39166,0,0,60,60
39166,0,0,0,0,0,0,60,60
39167,187073,0,0,39163,0,0,60,60
39168,202178,0,3000,39169,0,0,60,60
39169,202181,0,4000,39227,0,0,60,60
39170,202182,0,1000,0,0,0,60,60
39171,196370,0,0,39172,0,0,60,60
39172,196389,0,0,39173,0,0,60,60
39173,196390,0,0,39174,0,0,60,60
39174,0,0,0,39175,0,0,60,60
39175,0,0,0,0,0,0,60,60
39176,202184,0,1000,0,0,1,60,60
39177,202185,0,1000,39176,0,0,60,60
39178,199022,0,1000,0,0,1,60,60
39179,199020,0,1000,0,0,1,60,60
39180,199019,0,1000,0,0,1,60,60
39181,199485,0,0,0,0,0,60,60
39182,190586,0,0,39183,0,0,60,60
39183,190883,0,1000,39184,0,0,60,60
39184,190884,0,1000,0,0,0,60,60
39185,200207,0,0,0,0,4,60,60
39193,202263,0,2000,37413,0,1,60,60
39194,202266,0,1000,39212,0,0,60,60
39195,202268,0,1000,39214,0,0,60,60
39196,202267,0,1000,39195,0,0,60,60
39197,202269,0,1000,39218,0,0,60,60
39198,202270,0,1000,39219,0,0,60,60
39199,202271,0,1000,39200,0,0,60,60
39200,202272,0,1000,39220,0,0,60,60
39201,202273,0,1000,39222,0,0,60,60
39202,202274,0,1000,39224,0,0,60,60
39203,202275,0,1000,39225,0,0,60,60
39204,0,0,1000,37400,0,0,60,60
39205,202265,0,1000,39211,0,0,60,60
39206,202280,0,1000,39208,0,2,60,60
39207,202299,0,0,37394,0,0,60,60
39208,202298,0,0,37395,0,0,60,60
39209,202297,0,0,37396,0,0,60,60
39210,202296,0,0,39205,0,0,60,60
39211,202295,0,0,39194,0,0,60,60
39212,202294,0,0,37397,0,0,60,60
39213,202293,0,0,39196,0,0,60,60
39214,202291,0,0,39215,0,0,60,60
39215,202292,0,0,37398,0,0,60,60
39216,202290,0,0,37399,0,0,60,60
39217,202289,0,0,39197,0,0,60,60
39218,202288,0,0,39198,0,0,60,60
39219,202287,0,0,39199,0,0,60,60
39220,202285,0,0,39221,0,0,60,60
39221,202286,0,0,39201,0,0,60,60
39222,202281,0,1000,39223,0,0,60,60
39223,202284,0,0,39202,0,0,60,60
39224,202283,0,0,39203,0,0,60,60
39225,202282,0,0,39204,0,0,60,60
39226,202300,0,1000,0,0,0,60,60
39227,202498,0,1000,0,0,0,60,60
39228,200763,0,5000,0,0,0,60,60
39229,200766,0,1000,0,0,0,60,60
39230,200770,0,1000,0,0,0,60,60
39231,200792,0,1000,0,0,0,60,60
39232,200796,0,1000,0,0,0,60,60
39233,200800,0,1000,0,0,0,60,60
39234,202308,0,0,0,0,0,60,60
39235,202309,0,0,0,0,0,60,60
39236,202327,0,1000,0,0,0,60,60
39237,202328,0,1000,0,0,0,60,60
39238,185872,0,1000,0,0,0,60,60
39239,193518,0,3000,35045,0,0,60,60
39240,202349,0,1000,0,0,0,60,60
39241,202495,0,1000,0,0,0,60,60
39242,202496,0,1000,0,0,0,60,60
39243,202352,0,0,0,0,0,60,60
39244,202353,0,1000,0,0,0,60,60
39246,202302,0,0,0,0,0,60,60
39247,202359,0,1000,39248,0,0,60,60
39248,202360,0,1000,0,0,0,60,60
39249,192056,0,1000,0,0,0,60,60
39250,191516,0,1000,0,0,0,60,60
39251,202373,0,500,37492,0,0,60,60
39252,202377,0,0,39253,0,2,60,60
39253,202378,0,1000,39254,0,0,60,60
39254,202379,0,1000,39255,0,0,60,60
39255,202380,0,0,0,0,0,60,60
39256,202395,0,0,39257,0,1,60,60
39257,202396,0,0,0,0,0,60,60
39258,202397,0,0,39259,0,1,60,60
39259,202398,0,0,0,0,0,60,60
39260,202399,0,0,39261,0,1,60,60
39261,202400,0,0,0,0,0,60,60
39262,202401,0,0,39263,0,1,60,60
39263,202403,0,0,0,0,0,60,60
39264,202404,0,0,39265,0,1,60,60
39265,202405,0,0,0,0,0,60,60
39266,202406,0,0,39268,0,1,60,60
39267,202408,0,0,0,0,0,60,60
39268,202407,0,0,39267,0,0,60,60
39269,202409,0,0,39270,0,1,60,60
39270,202410,0,0,0,0,0,60,60
39271,202411,0,0,39272,0,1,60,60
39272,202412,0,0,39284,0,0,60,60
39273,202414,0,0,39274,0,1,60,60
39274,202415,0,0,39275,0,0,60,60
39275,202416,0,0,0,0,0,60,60
39276,202417,0,0,39277,0,1,60,60
39277,202418,0,0,0,0,0,60,60
39278,202419,0,0,39279,0,1,60,60
39279,202420,0,0,0,0,0,60,60
39280,202421,0,0,39281,0,1,60,60
39281,202422,0,0,0,0,0,60,60
39282,191511,0,0,0,0,0,60,60
39283,191519,0,0,0,0,0,60,60
39284,202413,0,0,0,0,1,60,60
39285,202441,0,1000,0,0,0,60,60
39286,202447,0,3000,0,0,0,60,60
39287,202457,0,0,39288,0,4,60,60
39288,202460,0,0,0,0,1,60,60
39289,202469,0,1000,0,0,0,60,60
39290,202492,0,1000,0,0,0,60,60
39291,202493,0,1000,0,0,0,60,60
39292,202497,0,1000,0,0,0,60,60
39293,202507,0,1000,39294,0,0,60,60
39294,202508,0,1000,0,0,2,60,60
39295,202509,0,1000,0,0,0,60,60
39297,202517,0,0,0,0,0,60,60
39298,202518,0,0,0,0,0,60,60
39299,202519,0,0,0,0,0,60,60
39300,202520,0,0,0,0,0,60,60
39301,202521,0,1000,0,0,0,60,60
39302,202522,0,1000,0,0,0,60,60
39303,202528,0,0,0,0,0,60,60
39304,194401,0,1000,35453,0,0,60,60
39305,194426,0,1000,39306,0,0,60,60
39306,194427,0,1000,39307,0,0,60,60
39307,194428,0,1000,0,0,0,60,60
39308,194425,0,1000,35458,0,0,60,60
39309,202527,0,1500,39310,0,0,60,60
39310,199423,0,0,0,0,0,60,60
39311,202525,0,1500,39312,0,0,60,60
39312,199424,0,0,0,0,0,60,60
39313,202546,0,1000,0,0,0,60,60
39314,202548,0,1000,0,0,0,60,60
39315,202556,0,1000,39316,0,0,60,60
39316,202557,0,1000,0,0,0,60,60
39317,202535,0,2000,39318,0,0,60,60
39318,202536,0,2000,0,0,0,60,60
39319,191360,0,5000,39320,0,0,60,60
39320,202627,0,1000,0,0,0,60,60
39321,202565,0,0,0,0,0,60,60
39322,202567,0,0,0,0,0,60,60
39323,202575,0,4000,39324,0,0,60,60
39324,202576,0,6000,0,0,0,60,60
39325,184040,0,0,39326,0,0,60,60
39326,196655,0,0,0,0,0,60,60
39327,196657,0,0,0,0,0,60,60
39328,202580,0,1000,35738,0,4,60,60
39330,202582,0,6000,0,0,0,60,60
39331,184283,0,0,0,0,0,60,60
39332,184286,0,0,0,0,0,60,60
39333,184287,0,0,0,0,0,60,60
39334,200830,0,1000,0,0,0,60,60
39335,0,0,2000,33713,0,0,60,60
39336,202588,0,3000,0,0,0,60,60
39337,196724,0,0,39338,0,0,60,60
39338,199192,0,0,39339,0,0,60,60
39339,196725,0,0,39340,0,0,60,60
39340,196726,0,0,39341,0,0,60,60
39341,196727,0,0,39342,0,0,60,60
39342,196729,0,0,39343,0,0,60,60
39343,196731,0,0,39344,0,0,60,60
39344,196732,0,0,39345,0,0,60,60
39345,196739,0,0,39346,0,0,60,60
39346,196738,0,0,0,0,0,60,60
39347,191426,0,1000,0,0,0,60,60
39348,200834,0,1000,0,0,0,60,60
39349,200838,0,1000,0,0,0,60,60
39350,200842,0,1000,0,0,0,60,60
39351,200847,0,1000,0,0,0,60,60
39352,202599,0,3000,39353,0,0,60,60
39353,202600,0,0,0,0,0,60,60
39354,202551,0,1000,39355,0,0,60,60
39355,202552,0,1000,39356,0,0,60,60
39356,202553,0,1000,39357,0,0,60,60
39357,202554,0,1000,0,0,0,60,60
39358,202602,0,1000,0,0,0,60,60
39359,202613,0,1000,37066,0,0,60,60
39360,193444,0,3000,0,0,0,60,60
39362,202614,0,0,0,0,0,60,60
39363,202324,0,0,39364,0,0,60,60
39364,202325,0,0,39365,0,0,60,60
39365,202326,0,0,39366,0,0,60,60
39366,202329,0,0,39367,0,0,60,60
39367,202330,0,0,39368,0,0,60,60
39368,202331,0,0,0,0,0,60,60
39369,201060,0,0,38493,0,0,60,60
39374,0,0,4000,39376,0,0,60,60
39376,202615,0,0,39377,0,0,60,60
39377,202618,0,0,39378,0,0,60,60
39378,202619,0,1000,0,0,0,60,60
39379,202620,0,0,38530,0,0,60,60
39380,202623,0,1000,39381,0,0,60,60
39381,202624,0,1000,39382,0,0,60,60
39382,202625,0,0,0,0,0,60,60
39383,202626,0,0,0,0,0,60,60
39386,202634,0,1000,0,0,0,60,60
39387,202654,0,1000,0,0,0,60,60
39393,0,0,1000,39394,0,0,60,60
39394,200875,0,1000,0,0,4,60,60
39395,202662,0,1000,0,0,0,60,60
39396,202663,0,1000,0,0,4,60,60
39400,202690,0,1000,39401,0,0,60,60
39401,202691,0,1000,39403,0,0,60,60
39402,202692,0,1000,0,0,0,60,60
39403,202693,0,1000,39402,0,0,60,60
39404,202696,0,3000,39405,0,0,60,60
39405,202694,0,1000,0,0,0,60,60
39406,202697,0,1000,0,0,0,60,60
39407,202698,0,1000,0,0,0,60,60
39408,188720,0,0,0,0,0,60,60
39409,202701,0,0,39410,0,1,60,60
39410,202706,0,1000,39411,0,1,60,60
39411,202709,0,1000,39879,0,1,60,60
39412,202727,0,0,39431,0,0,60,60
39413,202443,0,1000,39414,0,0,60,60
39414,202445,0,1000,39422,0,0,60,60
39415,202651,0,1000,0,0,0,60,60
39416,202446,0,1000,39417,0,0,60,60
39417,202448,0,1000,39418,0,0,60,60
39418,202652,0,0,0,0,0,60,60
39419,202733,0,1000,39420,0,0,60,60
39420,202734,0,1000,39421,0,0,60,60
39421,202735,0,1000,0,0,0,60,60
39422,202737,0,1000,39415,0,0,60,60
39423,202741,0,1000,0,0,0,60,60
39424,202453,0,0,0,0,0,60,60
39425,202454,0,0,0,0,0,60,60
39426,202752,0,1000,0,0,0,60,60
39427,202755,0,1000,0,0,0,60,60
39428,202756,0,2000,39429,0,0,60,60
39429,202757,0,2000,39430,0,0,60,60
39430,202758,0,0,0,0,0,60,60
39431,202765,0,0,0,0,0,60,60
39432,202759,0,2000,39458,0,0,60,60
39433,202760,0,3000,39434,0,0,60,60
39434,202761,0,3000,39435,0,0,60,60
39435,202767,0,3000,39460,0,0,60,60
39436,202762,0,0,39437,0,0,60,60
39437,202763,0,0,39438,0,0,60,60
39438,202764,0,0,0,0,0,60,60
39439,202766,0,0,0,0,0,60,60
39440,200469,0,0,0,0,0,60,60
39441,202768,0,0,39442,0,0,60,60
39442,202769,0,0,39443,0,0,60,60
39443,202770,0,0,39444,0,0,60,60
39444,202771,0,0,39445,0,0,60,60
39445,202772,0,3000,39446,0,0,60,60
39446,202773,0,3000,39447,0,0,60,60
39447,202774,0,3000,39448,0,0,60,60
39448,202775,0,3000,0,0,0,60,60
39449,202455,0,4000,39450,0,0,60,60
39450,202456,0,0,0,0,0,60,60
39451,202463,0,500,39452,0,0,60,60
39452,202776,0,500,40182,0,0,60,60
39453,202778,0,1000,39454,0,0,60,60
39454,202779,0,1000,39455,0,0,60,60
39455,202780,0,1000,0,0,0,60,60
39456,202464,0,500,39457,0,0,60,60
39457,202777,0,500,40184,0,0,60,60
39458,202789,0,2000,39459,0,0,60,60
39459,202790,0,3000,39433,0,0,60,60
39460,202762,0,2000,39461,0,0,60,60
39461,202763,0,0,0,0,0,60,60
39462,202792,0,0,37853,0,0,60,60
39463,202793,0,1000,0,0,0,60,60
39464,180073,0,1000,0,0,0,60,60
39465,202794,0,1000,0,0,0,60,60
39466,180075,0,1000,0,0,0,60,60
39467,202794,0,1000,0,0,0,60,60
39468,186554,0,1000,0,0,0,60,60
39469,202795,0,1000,39470,0,0,60,60
39470,202796,0,1000,39471,0,0,60,60
39471,202797,0,0,39472,0,0,60,60
39472,202798,0,0,39473,0,2,60,60
39473,202799,0,2000,39474,0,0,60,60
39474,202800,0,1000,39475,0,0,60,60
39475,202804,0,2000,39476,0,0,60,60
39476,202801,0,1000,39477,0,0,60,60
39477,202802,0,2000,39478,0,0,60,60
39478,202803,0,0,0,0,0,60,60
39479,202806,0,0,39480,0,0,60,60
39480,202807,0,0,0,0,0,60,60
39481,202814,0,0,39482,0,0,60,60
39482,202815,0,0,0,0,0,60,60
39484,202809,0,1000,0,0,0,60,60
39485,202811,0,1000,0,0,0,60,60
39486,202812,0,1000,39487,0,1,60,60
39487,202813,0,1000,0,0,0,60,60
39488,202854,0,0,39489,0,0,60,60
39489,202861,0,0,39494,0,0,60,60
39490,180323,0,1000,0,0,0,60,60
39494,202862,0,0,39495,0,0,60,60
39495,202863,0,0,0,0,0,60,60
39496,202864,0,0,39497,0,0,60,60
39497,202866,0,0,39498,0,0,60,60
39498,202867,0,2000,39499,0,0,60,60
39499,202868,0,0,0,0,0,60,60
39500,202865,0,0,0,0,0,60,60
39501,202893,0,1000,0,0,0,60,60
39502,202919,0,1000,0,0,0,60,60
39504,202926,0,0,39505,0,0,60,60
39505,202927,0,0,39506,0,0,60,60
39506,202928,0,0,0,0,0,60,60
39507,202929,0,0,39508,0,0,60,60
39508,202930,0,0,39509,0,0,60,60
39509,202931,0,0,39510,0,0,60,60
39510,202932,0,0,39511,0,0,60,60
39511,202933,0,0,0,0,0,60,60
39512,202864,0,0,39513,0,0,60,60
39513,202866,0,0,0,0,0,60,60
39514,202965,0,0,39515,0,0,60,60
39515,202966,0,0,39516,0,0,60,60
39516,202967,0,0,39517,0,0,60,60
39517,202968,0,0,39518,0,0,60,60
39518,202969,0,0,39519,0,0,60,60
39519,202970,0,0,39520,0,0,60,60
39520,202972,0,1000,39521,0,0,60,60
39521,202973,0,1000,39522,0,0,60,60
39522,202974,0,0,39523,0,0,60,60
39523,202975,0,0,39524,0,2,60,60
39524,202971,0,0,0,0,0,60,60
39525,0,0,2000,39514,0,0,60,60
39526,202976,0,1000,0,0,0,60,60
39528,192978,0,0,39529,0,1,60,60
39529,192980,0,0,39530,0,1,60,60
39530,192984,0,0,39531,0,1,60,60
39531,202978,0,0,39532,0,0,60,60
39532,202979,0,0,39533,0,0,60,60
39533,202980,0,0,39534,0,0,60,60
39534,202981,0,0,39535,0,0,60,60
39535,202983,0,0,39536,0,0,60,60
39536,202982,0,0,39537,0,0,60,60
39537,202977,0,0,39538,0,0,60,60
39538,202984,0,0,0,0,1,60,60
39539,202985,0,1000,0,0,0,60,60
39540,193094,0,0,34990,0,1,60,60
39541,0,0,0,33666,0,0,60,60
39542,203005,0,1000,39543,0,0,60,60
39543,203006,0,1000,39544,0,0,60,60
39544,203007,0,1000,39545,0,0,60,60
39545,203008,0,1000,39766,0,0,60,60
39546,203009,0,1000,0,0,0,60,60
39547,199167,0,0,0,0,0,60,60
39548,203022,0,0,0,0,0,60,60
39549,203036,0,1000,0,0,0,60,60
39550,203035,0,1000,39551,0,1,60,60
39551,203037,0,1000,39552,0,0,60,60
39552,203038,0,1000,0,0,0,60,60
39553,192955,0,0,0,0,4,60,60
39554,203049,0,1000,0,0,0,60,60
39555,203050,0,1000,39556,0,0,60,60
39556,203051,0,1000,39557,0,0,60,60
39557,203052,0,1000,39558,0,0,60,60
39558,203053,0,1000,39559,0,0,60,60
39559,203054,0,1000,39560,0,0,60,60
39560,203055,0,1000,0,0,0,60,60
39561,203058,0,1000,39562,0,0,60,60
39562,203059,0,1000,39563,0,0,60,60
39563,203060,0,1000,0,0,0,60,60
39564,203064,0,1000,39565,0,0,60,60
39565,203065,0,1000,39582,0,0,60,60
39567,203067,0,1000,39568,0,0,60,60
39568,203068,0,1000,39587,0,0,60,60
39570,203070,0,1000,39571,0,0,60,60
39571,203073,0,0,0,0,0,60,60
39572,203074,0,2000,39573,0,0,60,60
39573,203075,0,1000,39574,0,0,60,60
39574,203076,0,3000,39575,0,1,60,60
39575,203077,0,1000,39576,0,0,60,60
39576,203078,0,0,39577,0,0,60,60
39577,203079,0,0,39578,0,2,60,60
39578,203080,0,2000,39579,0,0,60,60
39579,203081,0,2000,39580,0,0,60,60
39580,203082,0,1000,39581,0,2,60,60
39581,203083,0,0,0,0,0,60,60
39582,203066,0,1000,0,0,0,60,60
39583,195136,0,0,39584,0,0,60,60
39584,195137,0,0,39585,0,0,60,60
39585,195138,0,0,39586,0,0,60,60
39586,200630,0,0,0,0,0,60,60
39587,203069,0,1000,39570,0,0,60,60
39588,203087,0,0,39589,0,0,60,60
39589,203088,0,0,39590,0,0,60,60
39590,203089,0,1000,39591,0,0,60,60
39591,0,0,0,0,0,0,60,60
39592,203096,0,0,39593,0,0,60,60
39593,203097,0,0,0,0,0,60,60
39594,183881,0,1000,39595,0,0,60,60
39595,203094,0,1000,39596,0,0,60,60
39596,203095,0,1000,39597,0,0,60,60
39597,203098,0,1000,39598,0,0,60,60
39598,203100,0,1000,0,0,0,60,60
39599,199172,0,1000,39600,0,0,60,60
39600,197251,0,0,0,0,0,60,60
39601,199169,0,0,0,0,0,60,60
39602,199170,0,0,0,0,0,60,60
39603,199171,0,0,0,0,0,60,60
39604,197255,0,0,39605,0,0,60,60
39605,197268,0,0,0,0,0,60,60
39606,203103,0,500,39607,0,0,60,60
39607,203104,0,500,39608,0,0,60,60
39608,203105,0,500,0,0,0,60,60
39609,203107,0,1000,0,0,0,60,60
39610,203158,0,500,39611,0,0,60,60
39611,203159,0,500,39612,0,0,60,60
39612,203161,0,500,39656,0,0,60,60
39613,203108,0,1000,39614,0,0,60,60
39614,203109,0,1000,0,0,0,60,60
39615,203087,0,0,39616,0,0,60,60
39616,203088,0,0,39617,0,0,60,60
39617,203089,0,1000,39618,0,0,60,60
39618,0,0,0,0,0,0,60,60
39619,203087,0,0,39620,0,0,60,60
39620,203088,0,0,39621,0,0,60,60
39621,203089,0,1000,39622,0,0,60,60
39622,0,0,0,0,0,0,60,60
39623,203087,0,0,39624,0,0,60,60
39624,203088,0,0,39625,0,0,60,60
39625,203089,0,1000,39626,0,0,60,60
39626,0,0,0,0,0,0,60,60
39627,199164,0,0,39628,0,0,60,60
39628,199165,0,0,39629,0,0,60,60
39629,199166,0,0,0,0,0,60,60
39630,195130,0,0,35869,0,0,60,60
39631,203119,0,1000,0,0,0,60,60
39632,203120,0,1000,0,0,0,60,60
39633,179925,0,1000,0,0,0,60,60
39634,203125,0,1000,0,0,0,60,60
39635,201170,0,0,39636,0,4,60,60
39636,203126,0,0,0,0,1,60,60
39637,203127,0,1000,39643,0,0,60,60
39638,203128,0,0,0,0,0,60,60
39639,201171,0,0,39640,0,4,60,60
39640,203130,0,0,39641,0,1,60,60
39641,203131,0,0,0,0,1,60,60
39642,203129,0,0,0,0,0,60,60
39643,203134,0,1000,39644,0,0,60,60
39644,203132,0,1000,0,0,0,60,60
39645,201183,0,0,39646,0,4,60,60
39646,203133,0,0,39647,0,1,60,60
39647,203136,0,0,0,0,1,60,60
39648,201168,0,0,39649,0,4,60,60
39649,203137,0,0,0,0,1,60,60
39650,196146,0,1000,39651,0,0,60,60
39651,203028,0,1000,39772,0,0,60,60
39652,203147,0,1000,39653,0,0,60,60
39653,203141,0,1000,39654,0,0,60,60
39654,203143,0,1000,39655,0,0,60,60
39655,203145,0,1000,0,0,0,60,60
39656,203162,0,500,39657,0,0,60,60
39657,203165,0,500,39658,0,0,60,60
39658,203170,0,500,0,0,0,60,60
39659,203172,0,1000,0,0,0,60,60
39660,203173,0,1000,0,0,0,60,60
39661,203180,0,0,0,0,0,60,60
39662,183927,0,0,39664,0,0,60,60
39664,203139,0,0,39665,0,0,60,60
39665,203140,0,0,39666,0,0,60,60
39666,203151,0,0,39667,0,0,60,60
39667,203153,0,0,39668,0,0,60,60
39668,203154,0,0,39669,0,0,60,60
39669,203156,0,0,39670,0,0,60,60
39670,203157,0,0,0,0,0,60,60
39671,0,0,0,36078,0,0,60,60
39672,203183,0,1000,0,0,0,60,60
39673,203184,0,1000,0,0,0,60,60
39674,203181,0,1000,39675,0,0,60,60
39675,203182,0,1000,0,0,0,60,60
39676,203185,0,0,39677,0,2,60,60
39677,203186,0,1000,39678,0,0,60,60
39678,203187,0,1000,0,0,0,60,60
39679,203188,0,0,39680,0,2,60,60
39680,203189,0,0,39681,0,0,60,60
39681,203190,0,0,39682,0,0,60,60
39682,203191,0,0,0,0,0,60,60
39683,203192,0,0,39684,0,2,60,60
39684,203193,0,0,39685,0,0,60,60
39685,203196,0,0,39686,0,0,60,60
39686,203197,0,0,39687,0,0,60,60
39687,203198,0,0,39688,0,0,60,60
39688,203199,0,0,0,0,0,60,60
39689,203200,0,0,39690,0,2,60,60
39690,203201,0,0,39691,0,0,60,60
39691,203202,0,0,39692,0,0,60,60
39692,203203,0,0,39693,0,0,60,60
39693,203204,0,0,39694,0,0,60,60
39694,203205,0,0,0,0,0,60,60
39697,203206,0,500,39698,0,0,60,60
39698,203207,0,500,39699,0,0,60,60
39699,203208,0,500,39700,0,0,60,60
39700,203209,0,500,39701,0,0,60,60
39701,203210,0,500,39702,0,0,60,60
39702,203211,0,500,0,0,0,60,60
39703,203212,0,1000,39704,0,0,60,60
39704,203213,0,0,39705,0,0,60,60
39705,203214,0,0,39706,0,0,60,60
39706,203215,0,0,39707,0,0,60,60
39707,203216,0,0,39708,0,0,60,60
39708,203217,0,0,39709,0,0,60,60
39709,203218,0,1000,0,0,0,60,60
39711,203220,0,1000,0,0,0,60,60
39712,196191,0,1000,39713,0,1,60,60
39713,203029,0,1000,0,0,0,60,60
39714,203239,0,1000,0,0,0,60,60
39715,203240,0,1000,0,0,0,60,60
39716,203245,0,0,0,0,0,60,60
39717,187338,0,0,0,0,0,60,60
39718,196334,0,1000,0,0,0,60,60
39719,191576,0,1000,0,0,0,60,60
39720,203246,0,1000,37041,0,0,60,60
39721,203247,0,1000,0,0,0,60,60
39722,203250,0,1000,39723,0,0,60,60
39723,203251,0,1000,39724,0,0,60,60
39724,203252,0,1000,0,0,0,60,60
39725,0,0,3000,39726,0,0,60,60
39726,203249,0,1000,40073,0,1,60,60
39727,203254,0,4000,0,0,0,60,60
39728,203255,0,4000,0,0,0,60,60
39729,203248,0,1000,0,0,0,60,60
39730,203265,0,4000,0,0,0,60,60
39731,202746,0,0,39732,0,0,60,60
39732,202747,0,0,39733,0,0,60,60
39733,203135,0,0,39734,0,0,60,60
39734,202750,0,0,39735,0,0,60,60
39735,202749,0,0,39736,0,0,60,60
39736,202751,0,0,39737,0,0,60,60
39737,202753,0,0,39738,0,0,60,60
39738,202754,0,0,0,0,0,60,60
39739,196055,0,0,39740,0,0,60,60
39740,196056,0,0,39741,0,0,60,60
39741,196057,0,0,39742,0,0,60,60
39742,196066,0,0,39743,0,0,60,60
39743,196067,0,0,39744,0,0,60,60
39744,196062,0,0,0,0,0,60,60
39745,203290,0,1000,0,0,0,60,60
39746,203291,0,1000,0,0,0,60,60
39747,203298,0,4000,0,0,0,60,60
39748,203352,0,0,0,0,1,60,60
39749,203353,0,0,0,0,1,60,60
39750,203272,0,0,39751,0,0,60,60
39751,203273,0,0,39752,0,0,60,60
39752,203274,0,0,39753,0,0,60,60
39753,203275,0,0,39754,0,0,60,60
39754,203276,0,0,39755,0,0,60,60
39755,203278,0,0,39756,0,0,60,60
39756,203280,0,0,39757,0,0,60,60
39757,203281,0,0,39758,0,0,60,60
39758,203283,0,0,39759,0,0,60,60
39759,203286,0,0,39760,0,0,60,60
39760,203287,0,0,39761,0,0,60,60
39761,203288,0,0,0,0,0,60,60
39762,203364,0,1000,0,0,0,60,60
39763,203365,0,1000,0,0,0,60,60
39764,203366,0,1000,0,0,0,60,60
39765,203367,0,1000,0,0,0,60,60
39766,203395,0,1000,39546,0,0,60,60
39767,203396,0,0,0,0,0,60,60
39768,202558,0,0,0,0,0,60,60
39770,203397,0,0,0,0,0,60,60
39771,203401,0,0,0,0,0,60,60
39772,203402,0,1000,39773,0,0,60,60
39773,203403,0,0,0,0,0,60,60
39774,203436,0,0,39775,0,0,60,60
39775,203437,0,0,0,0,0,60,60
39776,203408,0,500,39777,0,0,60,60
39777,203409,0,500,39779,0,0,60,60
39778,203410,0,500,39780,0,0,60,60
39779,203420,0,500,41557,0,0,60,60
39780,203411,0,500,39781,0,0,60,60
39781,203412,0,500,0,0,0,60,60
39783,203414,0,0,39784,0,0,60,60
39784,203415,0,0,41599,0,0,60,60
39785,203416,0,0,39786,0,0,60,60
39786,203417,0,1000,39787,0,0,60,60
39787,203418,0,0,39788,0,0,60,60
39788,203419,0,0,0,0,0,60,60
39789,203421,0,0,39790,0,0,60,60
39790,203422,0,0,39791,0,0,60,60
39791,203423,0,0,39792,0,0,60,60
39792,203424,0,0,39793,0,0,60,60
39793,203425,0,0,39794,0,0,60,60
39794,203426,0,0,39795,0,0,60,60
39795,203427,0,0,41625,0,0,60,60
39796,203428,0,0,39797,0,0,60,60
39797,203429,0,0,39798,0,0,60,60
39798,203430,0,0,39799,0,0,60,60
39799,203431,0,0,39800,0,0,60,60
39800,203432,0,0,39801,0,0,60,60
39801,203433,0,0,39802,0,0,60,60
39802,203434,0,0,39803,0,0,60,60
39803,203435,0,0,0,0,0,60,60
39804,203446,0,1000,38541,0,0,60,60
39805,203447,0,0,0,0,0,60,60
39806,203453,0,0,39807,0,0,60,60
39807,203454,0,0,0,0,0,60,60
39808,203457,0,0,39809,0,0,60,60
39809,203458,0,0,0,0,0,60,60
39810,203469,0,0,39811,0,0,60,60
39811,203470,0,1000,39812,0,0,60,60
39812,203471,0,0,39813,0,0,60,60
39813,203472,0,0,0,0,0,60,60
39814,203500,0,4000,0,0,0,60,60
39815,203512,0,1000,0,0,0,60,60
39816,203500,0,4000,0,0,0,60,60
39817,203540,0,2000,39815,0,0,60,60
39818,203536,0,1000,39819,0,0,60,60
39819,203537,0,1000,39820,0,0,60,60
39820,203538,0,0,0,0,0,60,60
39821,203547,0,1000,0,0,0,60,60
39822,203590,0,0,0,0,0,60,60
39825,203612,0,0,35758,0,4,60,60
39826,203611,0,0,38986,0,4,60,60
39827,203355,0,0,39828,0,0,60,60
39828,203356,0,0,39829,0,0,60,60
39829,203483,0,0,39830,0,0,60,60
39830,203393,0,0,0,0,0,60,60
39831,203609,0,500,39832,0,0,60,60
39832,203610,0,500,36424,0,0,60,60
39833,203608,0,250,36425,0,0,60,60
39834,203619,0,500,39835,0,0,60,60
39835,201473,0,500,39836,0,0,60,60
39836,203620,0,500,39837,0,0,60,60
39837,203481,0,500,39838,0,0,60,60
39838,203621,0,500,39839,0,0,60,60
39839,203622,0,250,39840,0,0,60,60
39840,203623,0,250,39841,0,0,60,60
39841,203624,0,250,39842,0,0,60,60
39842,203625,0,0,0,0,0,60,60
39843,194070,0,1000,39844,0,0,60,60
39844,194073,0,1000,39845,0,0,60,60
39845,194074,0,1000,39846,0,0,60,60
39846,194077,0,1000,39865,0,0,60,60
39847,203937,0,1000,39860,0,0,60,60
39848,0,0,500,39849,0,0,60,60
39849,0,0,500,39850,0,0,60,60
39850,0,0,4000,39864,0,0,60,60
39851,0,0,0,39859,0,0,60,60
39852,0,0,1500,39843,0,0,60,60
39853,202195,0,0,39854,0,0,60,60
39854,202198,0,0,39855,0,0,60,60
39855,202199,0,0,0,0,0,60,60
39856,0,0,500,39851,0,0,60,60
39857,0,0,500,39852,0,0,60,60
39858,0,0,500,39857,0,0,60,60
39859,0,0,500,39858,0,0,60,60
39860,0,0,0,39866,0,0,60,60
39861,203630,0,1000,39862,0,0,60,60
39862,203631,0,1000,39863,0,0,60,60
39863,203632,0,1000,0,0,0,60,60
39864,0,0,4000,39861,0,0,60,60
39865,0,0,0,40083,0,0,60,60
39866,0,0,0,39878,0,0,60,60
39867,203637,0,0,0,0,1,60,60
39868,201933,0,1000,39869,0,0,60,60
39869,203026,0,1000,39870,0,0,60,60
39870,203027,0,1000,0,0,0,60,60
39871,201942,0,1000,39872,0,0,60,60
39872,203562,0,1000,39873,0,0,60,60
39873,203563,0,1000,39875,0,0,60,60
39874,203564,0,1000,40186,0,0,60,60
39875,203565,0,1000,39874,0,0,60,60
39876,203639,0,1000,0,0,0,60,60
39877,203640,0,1000,0,0,0,60,60
39878,0,0,0,39848,0,0,60,60
39879,203638,0,1000,39867,0,4,60,60
39880,202203,0,0,39881,0,0,60,60
39881,202204,0,0,39882,0,0,60,60
39882,202205,0,0,39883,0,0,60,60
39883,202206,0,0,39884,0,0,60,60
39884,202207,0,0,39885,0,0,60,60
39885,202208,0,0,0,0,0,60,60
39886,202210,0,0,39887,0,0,60,60
39887,202211,0,0,39888,0,0,60,60
39888,202212,0,0,0,0,0,60,60
39889,0,0,1000,39890,0,0,60,60
39890,202816,0,1000,0,0,4,60,60
39891,0,0,1000,39892,0,0,60,60
39892,202817,0,1000,0,0,4,60,60
39893,202006,0,0,39894,0,0,60,60
39894,202007,0,0,39895,0,0,60,60
39895,202008,0,0,39896,0,0,60,60
39896,202009,0,0,39897,0,0,60,60
39897,202010,0,0,39898,0,0,60,60
39898,202011,0,0,39899,0,0,60,60
39899,202012,0,0,39900,0,0,60,60
39900,202013,0,0,39901,0,0,60,60
39901,202014,0,0,39902,0,0,60,60
39902,202015,0,0,0,0,0,60,60
39903,0,0,1000,39904,0,0,60,60
39904,202880,0,1000,0,0,4,60,60
39905,201997,0,0,39906,0,0,60,60
39906,201998,0,0,39907,0,0,60,60
39907,202000,0,0,39908,0,0,60,60
39908,202001,0,0,0,0,0,60,60
39909,0,0,1000,39910,0,0,60,60
39910,202881,0,1000,0,0,4,60,60
39911,0,0,1000,39912,0,0,60,60
39912,203658,0,1000,0,0,4,60,60
39913,0,0,1000,39914,0,0,60,60
39914,203659,0,1000,0,0,4,60,60
39915,0,0,1000,39916,0,0,60,60
39916,203660,0,1000,0,0,4,60,60
39917,202002,0,0,39918,0,0,60,60
39918,202003,0,0,39919,0,0,60,60
39919,202004,0,0,39920,0,0,60,60
39920,202005,0,0,0,0,0,60,60
39921,0,0,1000,39922,0,0,60,60
39922,202852,0,0,0,0,0,60,60
39923,0,0,1000,39924,0,0,60,60
39924,202888,0,0,0,0,0,60,60
39925,0,0,1000,39926,0,0,60,60
39926,202810,0,0,0,0,0,60,60
39927,0,0,1000,39928,0,0,60,60
39928,202892,0,0,0,0,0,60,60
39929,0,0,1000,39930,0,0,60,60
39930,202841,0,0,0,0,0,60,60
39931,0,0,1000,39932,0,0,60,60
39932,203667,0,0,0,0,0,60,60
39933,0,0,1000,39934,0,0,60,60
39934,202842,0,0,0,0,0,60,60
39935,0,0,1000,39936,0,0,60,60
39936,203668,0,0,0,0,0,60,60
39937,0,0,1000,39938,0,0,60,60
39938,202843,0,0,0,0,0,60,60
39939,0,0,1000,39940,0,0,60,60
39940,203698,0,0,0,0,0,60,60
39941,0,0,1000,39942,0,0,60,60
39942,202844,0,0,0,0,0,60,60
39943,0,0,1000,39944,0,0,60,60
39944,202995,0,0,0,0,0,60,60
39945,0,0,1000,39946,0,0,60,60
39946,202845,0,0,0,0,0,60,60
39947,0,0,1000,39948,0,0,60,60
39948,203669,0,0,0,0,0,60,60
39949,203705,0,1000,0,0,0,60,60
39951,0,0,1000,39952,0,0,60,60
39952,202846,0,0,0,0,0,60,60
39953,0,0,1000,39954,0,0,60,60
39954,203700,0,0,0,0,0,60,60
39955,0,0,1000,39956,0,0,60,60
39956,202847,0,0,0,0,0,60,60
39957,0,0,1000,39958,0,0,60,60
39958,203703,0,0,0,0,0,60,60
39959,0,0,1000,39960,0,0,60,60
39960,202848,0,0,0,0,0,60,60
39961,0,0,1000,39962,0,0,60,60
39962,202885,0,0,0,0,0,60,60
39963,203160,0,0,39964,0,0,60,60
39964,203163,0,0,39965,0,0,60,60
39965,203164,0,0,39966,0,0,60,60
39966,203166,0,0,39967,0,0,60,60
39967,203167,0,0,39968,0,0,60,60
39968,203168,0,0,39969,0,0,60,60
39969,203169,0,0,39970,0,0,60,60
39970,203171,0,0,0,0,0,60,60
39971,0,0,1000,39972,0,0,60,60
39972,202840,0,0,0,0,0,60,60
39973,0,0,1000,39974,0,0,60,60
39974,202883,0,0,0,0,0,60,60
39975,0,0,1000,39976,0,0,60,60
39976,202849,0,0,0,0,0,60,60
39977,0,0,1000,39978,0,0,60,60
39978,203670,0,0,0,0,0,60,60
39979,0,0,1000,39980,0,0,60,60
39980,202850,0,0,0,0,0,60,60
39981,0,0,1000,39982,0,0,60,60
39982,202886,0,0,0,0,0,60,60
39983,0,0,1000,39984,0,0,60,60
39984,202851,0,0,0,0,0,60,60
39985,0,0,1000,39986,0,0,60,60
39986,203674,0,0,0,0,0,60,60
39987,0,0,1000,39988,0,0,60,60
39988,203676,0,0,0,0,0,60,60
39989,0,0,1000,39990,0,0,60,60
39990,203679,0,0,0,0,0,60,60
39991,0,0,1000,39992,0,0,60,60
39992,203680,0,0,0,0,0,60,60
39993,0,0,1000,39994,0,0,60,60
39994,203677,0,0,0,0,0,60,60
39996,199179,0,1000,39997,0,0,60,60
39997,199177,0,1000,39998,0,0,60,60
39998,199178,0,1000,40188,0,0,60,60
39999,203741,0,1000,40909,0,0,60,60
40000,203761,0,0,40001,0,0,60,60
40001,203762,0,0,40002,0,0,60,60
40002,203763,0,0,40003,0,0,60,60
40003,203764,0,0,0,0,0,60,60
40004,203770,0,4000,0,0,0,60,60
40005,0,0,3000,0,0,0,60,60
40006,203781,0,1000,0,0,0,60,60
40007,202213,0,0,40008,0,0,60,60
40008,202214,0,0,0,0,0,60,60
40009,202215,0,5000,40010,0,0,60,60
40010,202216,0,2000,40011,0,0,60,60
40011,202217,0,0,0,0,0,60,60
40012,0,0,1000,40013,0,0,60,60
40013,202820,0,0,0,0,0,60,60
40014,0,0,1000,40015,0,0,60,60
40015,202821,0,0,0,0,0,60,60
40016,0,0,1000,40017,0,0,60,60
40017,202822,0,0,0,0,0,60,60
40018,0,0,1000,40019,0,0,60,60
40019,202820,0,0,0,0,0,60,60
40020,0,0,1000,40021,0,0,60,60
40021,202821,0,0,0,0,0,60,60
40022,0,0,1000,40023,0,0,60,60
40023,202822,0,0,0,0,0,60,60
40024,0,0,1000,40025,0,0,60,60
40025,203664,0,0,0,0,0,60,60
40026,0,0,1000,40027,0,0,60,60
40027,203665,0,0,0,0,0,60,60
40028,0,0,1000,40029,0,0,60,60
40029,203666,0,0,0,0,0,60,60
40030,0,0,1000,40031,0,0,60,60
40031,202827,0,0,0,0,0,60,60
40032,0,0,1000,40033,0,0,60,60
40033,203661,0,0,0,0,0,60,60
40034,0,0,1000,40035,0,0,60,60
40035,202828,0,0,0,0,0,60,60
40036,0,0,1000,40037,0,0,60,60
40037,203662,0,0,0,0,0,60,60
40038,0,0,1000,40039,0,0,60,60
40039,202826,0,0,0,0,0,60,60
40040,0,0,1000,40041,0,0,60,60
40041,203663,0,0,0,0,0,60,60
40042,203727,0,0,0,0,1,60,60
40043,0,0,1000,40044,0,0,60,60
40044,202853,0,0,0,0,0,60,60
40045,0,0,1000,40046,0,0,60,60
40046,202856,0,0,0,0,0,60,60
40047,0,0,1000,40048,0,0,60,60
40048,202889,0,0,0,0,0,60,60
40049,0,0,1000,40050,0,0,60,60
40050,203686,0,0,0,0,0,60,60
40051,0,0,1000,40052,0,0,60,60
40052,203687,0,0,0,0,0,60,60
40053,0,0,1000,40054,0,0,60,60
40054,203688,0,0,0,0,0,60,60
40055,0,0,1000,40056,0,0,60,60
40056,202858,0,0,0,0,0,60,60
40057,0,0,1000,40058,0,0,60,60
40058,203682,0,0,0,0,0,60,60
40059,0,0,1000,40060,0,0,60,60
40060,202857,0,0,0,0,0,60,60
40061,0,0,1000,40062,0,0,60,60
40062,203683,0,0,0,0,0,60,60
40063,0,0,1000,40064,0,0,60,60
40064,202859,0,0,0,0,0,60,60
40065,0,0,1000,40066,0,0,60,60
40066,203684,0,0,0,0,0,60,60
40067,203795,0,1000,41655,0,0,60,60
40068,203846,0,0,0,0,0,60,60
40069,203845,0,0,0,0,0,60,60
40070,203863,0,3000,40071,0,4,60,60
40071,203223,0,4000,0,0,0,60,60
40072,202356,0,-1000,30429,0,0,60,60
40073,203889,0,1000,0,0,1,60,60
40077,188944,0,0,33856,0,0,60,60
40078,188937,0,0,0,0,0,60,60
40079,0,0,1000,38827,0,0,60,60
40080,202357,0,1000,36491,0,0,60,60
40081,203900,0,1000,0,0,0,60,60
40083,194078,0,0,39847,0,0,60,60
40084,193841,0,0,0,11995,0,60,60
40085,194599,0,0,0,11995,0,60,60
40086,193938,0,0,0,0,0,60,60
40087,193940,0,0,0,0,0,60,60
40088,201222,0,0,40089,0,0,60,60
40089,201223,0,0,40090,0,0,60,60
40090,201224,0,0,40091,0,0,60,60
40091,201225,0,0,40092,0,0,60,60
40092,203890,0,0,40093,0,0,60,60
40093,201226,0,0,40094,0,0,60,60
40094,201227,0,0,40095,0,0,60,60
40095,201228,0,0,40096,0,0,60,60
40096,201229,0,0,0,0,0,60,60
40097,203912,0,0,40098,0,0,60,60
40098,203913,0,0,40099,0,0,60,60
40099,203915,0,0,0,0,0,60,60
40100,203987,0,0,40101,0,0,60,60
40101,203988,0,0,40102,0,0,60,60
40102,203989,0,0,40103,0,0,60,60
40103,203990,0,0,0,0,0,60,60
40104,196336,0,1000,0,0,0,60,60
40105,196333,0,1000,0,0,0,60,60
40107,203992,0,0,40108,0,0,60,60
40108,203993,0,0,0,0,0,60,60
40109,203995,0,0,40110,0,0,60,60
40110,203996,0,0,0,0,0,60,60
40111,203999,0,0,40112,0,0,60,60
40112,204000,0,0,0,0,0,60,60
40113,204069,0,1000,40114,0,0,60,60
40114,204070,0,0,0,0,0,60,60
40115,202781,0,1000,40116,0,0,60,60
40116,202782,0,1000,40117,0,0,60,60
40117,202783,0,1000,40118,0,0,60,60
40118,202784,0,1000,40119,0,0,60,60
40119,202785,0,1000,40120,0,0,60,60
40120,202786,0,1000,0,0,0,60,60
40121,203473,0,1000,40122,0,0,60,60
40122,203474,0,1000,40123,0,0,60,60
40123,203475,0,0,40124,0,0,60,60
40124,203476,0,1000,40125,0,0,60,60
40125,203477,0,1000,40126,0,0,60,60
40126,203478,0,1000,0,0,0,60,60
40127,204071,0,1000,40128,0,0,60,60
40128,204072,0,1000,40129,0,0,60,60
40129,204073,0,1000,0,0,0,60,60
40130,204074,0,1000,40131,0,0,60,60
40131,204075,0,1000,0,0,0,60,60
40132,204076,0,1000,40133,0,0,60,60
40133,204077,0,1000,40134,0,0,60,60
40134,204078,0,1000,0,0,0,60,60
40135,202229,0,0,40136,0,0,60,60
40136,202230,0,0,0,0,0,60,60
40137,202232,0,0,0,0,0,60,60
40138,203689,0,1000,0,0,0,60,60
40139,203690,0,1000,0,0,0,60,60
40140,203691,0,1000,0,0,0,60,60
40141,191293,0,1000,0,0,0,60,60
40142,198493,0,0,40143,0,0,60,60
40143,198494,0,0,40144,0,0,60,60
40144,198495,0,0,0,0,0,60,60
40145,203824,0,0,37151,0,0,60,60
40146,194799,0,2000,0,0,0,60,60
40147,203773,0,0,40148,0,0,60,60
40148,203774,0,0,40149,0,0,60,60
40149,203775,0,0,40150,0,0,60,60
40150,203776,0,0,40151,0,0,60,60
40151,203777,0,0,40152,0,0,60,60
40152,203778,0,0,40153,0,0,60,60
40153,203779,0,0,0,0,0,60,60
40154,188591,0,1000,0,0,4,60,60
40155,188592,0,1000,0,0,4,60,60
40156,204114,0,0,40157,0,0,60,60
40157,204122,0,0,0,0,0,60,60
40160,203693,0,0,0,0,0,60,60
40163,204129,0,0,40164,0,0,60,60
40164,204130,0,0,0,0,0,60,60
40165,203694,0,0,0,0,1,60,60
40166,196412,0,500,40167,0,0,60,60
40167,203480,0,500,40168,0,0,60,60
40168,196413,0,500,40169,0,0,60,60
40169,196414,0,500,40170,0,0,60,60
40170,196415,0,0,0,0,0,60,60
40171,204132,0,500,40166,0,0,60,60
40172,203695,0,0,40173,0,0,60,60
40173,203696,0,0,0,0,0,60,60
40174,204137,0,500,40175,0,0,60,60
40175,204138,0,0,0,0,0,60,60
40176,204152,0,0,40177,0,0,60,60
40177,204113,0,0,0,0,0,60,60
40178,0,0,3000,40179,0,0,60,60
40179,203498,0,1000,0,0,1,60,60
40181,204155,0,1000,0,0,0,60,60
40182,204158,0,500,40183,0,0,60,60
40183,204159,0,500,0,0,0,60,60
40184,204156,0,500,40185,0,0,60,60
40185,204157,0,500,0,0,0,60,60
40186,204174,0,1000,0,0,0,60,60
40187,200030,0,1000,0,0,0,60,60
40188,204185,0,1000,0,0,0,60,60
40189,201397,0,500,40190,0,0,60,60
40190,201398,0,500,40191,0,0,60,60
40191,201399,0,500,40192,0,0,60,60
40192,201400,0,500,40193,0,0,60,60
40193,201401,0,500,40194,0,0,60,60
40194,201402,0,500,40195,0,0,60,60
40195,201403,0,500,40196,0,0,60,60
40196,201404,0,500,0,0,0,60,60
40197,203357,0,500,40198,0,0,60,60
40198,203358,0,500,40199,0,0,60,60
40199,203359,0,500,40200,0,0,60,60
40200,203360,0,500,40201,0,0,60,60
40201,203361,0,500,40202,0,0,60,60
40202,203362,0,500,40203,0,0,60,60
40203,203363,0,0,0,0,0,60,60
40204,202234,0,0,40205,0,0,60,60
40205,202235,0,0,0,0,1,60,60
40206,203697,0,1000,40207,0,0,60,60
40207,203699,0,0,40208,0,0,60,60
40208,203702,0,0,40209,0,0,60,60
40209,203704,0,0,0,0,0,60,60
40210,203758,0,3000,0,0,0,60,60
40211,204238,0,0,40212,0,0,60,60
40212,204239,0,3000,40213,0,0,60,60
40213,204240,0,1000,40214,0,0,60,60
40214,204241,0,1000,40215,0,0,60,60
40215,204242,0,0,0,0,0,60,60
40216,202243,0,0,40217,0,0,60,60
40217,202240,0,0,40218,0,0,60,60
40218,202241,0,0,0,0,0,60,60
40219,204308,0,1000,40220,0,0,60,60
40220,204309,0,0,40221,0,0,60,60
40221,204310,0,0,40222,0,0,60,60
40222,204311,0,0,0,0,0,60,60
40223,204197,0,-1000,40224,0,0,60,60
40224,204199,0,1000,0,0,1,60,60
40225,203527,0,1000,0,0,0,60,60
40226,202239,0,1000,0,0,0,60,60
40227,204344,0,0,0,0,0,60,60
40228,204355,0,2000,38687,0,0,60,60
40229,203600,0,0,0,0,0,60,60
40231,203602,0,0,0,0,0,60,60
40232,186726,0,1000,0,0,0,60,60
40233,204395,0,0,40234,0,0,60,60
40234,204396,0,0,40235,0,0,60,60
40235,204397,0,0,40236,0,0,60,60
40236,204398,0,0,40237,0,0,60,60
40237,204399,0,0,40238,0,0,60,60
40238,204400,0,0,40239,0,0,60,60
40239,204401,0,0,40240,0,0,60,60
40240,204402,0,0,40241,0,0,60,60
40241,204403,0,0,40242,0,0,60,60
40242,204404,0,0,40243,0,0,60,60
40243,204405,0,0,0,0,0,60,60
40244,197715,0,1000,0,0,4,60,60
40245,197714,0,1000,0,0,4,60,60
40246,197695,0,1000,0,0,4,60,60
40247,197694,0,1000,0,0,4,60,60
40248,197699,0,1000,0,0,4,60,60
40249,197698,0,1000,0,0,4,60,60
40250,197704,0,1000,0,0,4,60,60
40251,197705,0,1000,0,0,4,60,60
40252,204219,0,1000,40253,0,0,60,60
40253,204221,0,1000,40254,0,0,60,60
40254,204220,0,1000,40255,0,0,60,60
40255,204222,0,1000,0,0,0,60,60
40256,197147,0,0,40257,0,0,60,60
40257,198730,0,0,40258,0,0,60,60
40258,198763,0,0,40259,0,0,60,60
40259,197148,0,0,40260,0,0,60,60
40260,198764,0,0,40261,0,0,60,60
40261,197149,0,0,40262,0,0,60,60
40262,197150,0,0,40263,0,0,60,60
40263,197151,0,0,40264,0,0,60,60
40264,197152,0,0,40265,0,0,60,60
40265,197153,0,0,40266,0,0,60,60
40266,198731,0,0,40267,0,0,60,60
40267,198765,0,0,40268,0,0,60,60
40268,197154,0,0,40269,0,0,60,60
40269,198732,0,0,40270,0,0,60,60
40270,197155,0,0,40271,0,0,60,60
40271,197156,0,0,40272,0,0,60,60
40272,197157,0,0,0,0,0,60,60
40273,203922,0,0,40274,0,0,60,60
40274,203929,0,2000,40275,0,0,60,60
40275,203965,0,0,0,0,0,60,60
40276,201075,0,1000,40277,0,0,60,60
40277,204224,0,1000,40278,0,0,60,60
40278,204225,0,1000,0,0,0,60,60
40279,193485,0,2000,40280,0,0,60,60
40280,193497,0,2000,40281,0,0,60,60
40281,193498,0,2000,40282,0,0,60,60
40282,193499,0,0,0,0,0,60,60
40283,194982,0,2000,40284,0,0,60,60
40284,194983,0,2000,40285,0,0,60,60
40285,194984,0,2000,40286,0,0,60,60
40286,194985,0,0,0,0,0,60,60
40287,194991,0,2000,40288,0,0,60,60
40288,194992,0,2000,40289,0,0,60,60
40289,194993,0,2000,40290,0,0,60,60
40290,194994,0,2000,40291,0,0,60,60
40291,194995,0,0,0,0,0,60,60
40292,203930,0,2000,40293,0,0,60,60
40293,203931,0,2000,40294,0,0,60,60
40294,203933,0,2000,40295,0,0,60,60
40295,203934,0,0,0,0,0,60,60
40296,203947,0,2000,40297,0,0,60,60
40297,203948,0,2000,40298,0,0,60,60
40298,203955,0,2000,40299,0,0,60,60
40299,203956,0,0,0,0,0,60,60
40300,203957,0,2000,40301,0,0,60,60
40301,203958,0,2000,40302,0,0,60,60
40302,203959,0,2000,40303,0,0,60,60
40303,203960,0,0,0,0,0,60,60
40304,203604,0,4000,40305,0,0,60,60
40305,203605,0,0,0,0,0,60,60
40306,201074,0,1000,40307,0,0,60,60
40307,204223,0,1000,40308,0,0,60,60
40308,204227,0,1000,40309,0,0,60,60
40309,204226,0,1000,0,0,0,60,60
40310,198815,0,500,37491,0,0,60,60
40311,203691,0,1000,0,0,0,60,60
40312,203690,0,1000,0,0,0,60,60
40313,203689,0,1000,0,0,0,60,60
40314,203628,0,1000,40315,0,1,60,60
40315,203629,0,0,0,0,1,60,60
40316,203707,0,0,40317,0,0,60,60
40317,203708,0,0,40318,0,0,60,60
40318,203709,0,0,0,0,0,60,60
40319,203903,0,1000,0,0,0,60,60
40320,203908,0,1000,0,0,0,60,60
40321,203910,0,1000,0,0,0,60,60
40322,203911,0,1000,0,0,0,60,60
40323,203914,0,1000,0,0,0,60,60
40325,203744,0,0,0,0,0,60,60
40326,204497,0,0,0,0,0,60,60
40327,203731,0,0,0,0,0,60,60
40328,203730,0,0,0,0,0,60,60
40329,203732,0,0,40330,0,0,60,60
40330,203733,0,0,40331,0,0,60,60
40331,203734,0,0,0,0,0,60,60
40332,203606,0,0,0,0,0,60,60
40333,203743,0,1000,35726,0,0,60,60
40334,204510,0,0,0,0,0,60,60
40335,204509,0,0,40334,0,0,60,60
40336,204508,0,0,40335,0,0,60,60
40337,204511,0,0,40338,0,0,60,60
40338,204512,0,0,0,0,0,60,60
40339,204513,0,0,40340,0,0,60,60
40340,204514,0,0,0,0,0,60,60
40341,204515,0,0,40342,0,0,60,60
40342,204516,0,0,0,0,0,60,60
40343,203745,0,1000,40344,0,0,60,60
40344,203746,0,1000,40345,0,0,60,60
40345,203747,0,1000,40346,0,0,60,60
40346,203748,0,1000,40347,0,0,60,60
40347,203749,0,1000,0,0,0,60,60
40348,203754,0,1000,40349,0,0,60,60
40349,203755,0,1000,40350,0,0,60,60
40350,203756,0,1000,0,0,0,60,60
40351,203758,0,1000,0,0,0,60,60
40352,198705,0,0,40353,0,1,60,60
40353,203884,0,0,0,0,1,60,60
40354,203883,0,0,40355,0,1,60,60
40355,203885,0,0,0,0,1,60,60
40356,200865,0,0,0,0,0,60,60
40357,204527,0,0,0,0,0,60,60
40358,204528,0,0,0,0,0,60,60
40359,188672,0,1000,40360,0,0,60,60
40360,191399,0,1000,40361,0,0,60,60
40361,188673,0,1000,40362,0,0,60,60
40362,188681,0,0,0,0,1,60,60
40363,191404,0,0,40365,0,0,60,60
40365,203633,0,0,0,0,0,60,60
40366,204529,0,2000,40367,0,0,60,60
40367,204530,0,2000,40368,0,0,60,60
40368,204531,0,2000,40369,0,0,60,60
40369,204532,0,2000,40370,0,0,60,60
40370,204533,0,2000,40371,0,0,60,60
40371,204534,0,0,0,0,0,60,60
40372,203858,0,0,0,0,0,60,60
40373,203857,0,0,0,0,0,60,60
40374,199380,0,0,40375,0,0,60,60
40375,199382,0,0,0,0,0,60,60
40376,204576,0,0,0,0,1,60,60
40377,202045,0,0,40442,0,0,60,60
40378,202048,0,0,40379,0,0,60,60
40379,202050,0,0,40380,0,0,60,60
40380,202051,0,0,0,0,0,60,60
40381,197601,0,5000,40382,0,0,60,60
40382,197602,0,3000,40383,0,0,60,60
40383,197701,0,3000,0,0,0,60,60
40385,0,0,1000,40386,0,0,60,60
40386,204246,0,1000,40387,0,0,60,60
40387,204247,0,1000,0,0,0,60,60
40389,204557,0,1000,40390,0,0,60,60
40390,204558,0,0,0,0,0,60,60
40391,204578,0,2000,40392,0,0,60,60
40392,204579,0,0,0,0,0,60,60
40393,203647,0,1000,41360,0,1,60,60
40395,203648,0,0,0,0,1,60,60
40399,204349,0,0,40400,0,0,60,60
40400,204587,0,0,40401,0,0,60,60
40401,204588,0,0,0,0,0,60,60
40402,191579,0,0,40403,0,1,60,60
40403,191578,0,0,0,0,1,60,60
40404,203652,0,1000,40405,0,1,60,60
40405,196314,0,0,40406,0,1,60,60
40406,187632,0,0,0,0,1,60,60
40407,204345,0,1000,40408,0,0,60,60
40408,204590,0,0,0,0,0,60,60
40409,204495,0,0,40410,0,0,60,60
40410,203498,0,0,40411,0,0,60,60
40411,204496,0,0,40412,0,0,60,60
40412,204601,0,0,0,0,0,60,60
40413,178806,0,0,40414,7696,4,60,60
40414,204602,0,0,40415,0,1,60,60
40415,204603,0,0,0,0,1,60,60
40416,0,0,3000,0,0,0,60,60
40417,204501,0,1000,40418,0,0,60,60
40418,203496,0,0,40419,0,0,60,60
40419,203507,0,0,40420,0,0,60,60
40420,203508,0,0,40421,0,0,60,60
40421,204502,0,1000,0,0,0,60,60
40423,203501,0,0,40424,0,0,60,60
40424,203759,0,1000,40425,0,0,60,60
40425,203760,0,0,0,0,0,60,60
40426,204499,0,1000,40428,0,0,60,60
40428,204500,0,1000,0,0,0,60,60
40433,203618,0,0,40434,0,0,60,60
40434,203616,0,0,0,0,0,60,60
40435,203757,0,0,40423,0,0,60,60
40436,203711,0,0,40437,0,0,60,60
40437,203712,0,0,40438,0,0,60,60
40438,203713,0,0,40439,0,0,60,60
40439,203714,0,0,40440,0,0,60,60
40440,203715,0,0,40441,0,0,60,60
40441,203716,0,0,0,0,0,60,60
40442,204605,0,0,40378,0,0,60,60
40443,197828,0,1000,40444,0,0,60,60
40444,198032,0,1000,0,0,0,60,60
40445,204609,0,2000,40446,0,0,60,60
40446,204610,0,0,0,0,0,60,60
40447,204611,0,1000,40448,0,0,60,60
40448,204612,0,1000,40449,0,0,60,60
40449,204613,0,0,0,0,0,60,60
40450,204614,0,1000,40451,0,0,60,60
40451,204615,0,1000,40452,0,0,60,60
40452,204616,0,0,0,0,0,60,60
40453,204617,0,1000,40454,0,0,60,60
40454,204618,0,1000,40455,0,0,60,60
40455,204621,0,0,0,0,0,60,60
40456,203346,0,1000,40457,0,0,60,60
40457,203347,0,0,0,0,0,60,60
40458,204626,0,1000,0,0,0,60,60
40459,191911,0,0,0,0,1,60,60
40460,204316,0,0,40461,0,1,60,60
40461,204632,0,0,0,0,1,60,60
40462,191365,0,0,40463,0,4,60,60
40463,204638,0,0,40464,0,1,60,60
40464,204639,0,0,0,0,1,60,60
40465,186858,0,0,40466,0,4,60,60
40466,204640,0,0,40467,0,1,60,60
40467,204641,0,0,0,0,1,60,60
40468,204642,0,0,39810,0,0,60,60
40469,204248,0,1000,40470,0,0,60,60
40470,204249,0,1000,40471,0,0,60,60
40471,204250,0,1000,40472,0,0,60,60
40472,204251,0,1000,0,0,0,60,60
40473,204643,0,1000,0,0,0,60,60
40474,201486,0,250,40475,0,0,60,60
40475,201487,0,0,40476,0,0,60,60
40476,201488,0,250,40477,0,0,60,60
40477,201489,0,500,40478,0,0,60,60
40478,201490,0,500,40479,0,0,60,60
40479,203607,0,500,0,0,0,60,60
40480,203919,0,1250,40481,0,0,60,60
40481,201572,0,1000,0,0,0,60,60
40482,204200,0,1000,40483,0,0,60,60
40483,204644,0,1000,40484,0,0,60,60
40484,204645,0,1000,40485,0,0,60,60
40485,204646,0,1000,40486,0,0,60,60
40486,204647,0,2000,40487,0,0,60,60
40487,204648,0,1000,40488,0,0,60,60
40488,204649,0,0,40489,0,0,60,60
40489,204650,0,1000,40490,0,0,60,60
40490,204651,0,0,40491,0,0,60,60
40491,204652,0,1000,40492,0,0,60,60
40492,204653,0,0,0,0,0,60,60
40493,204663,0,1000,0,0,2,60,60
40494,204665,0,1000,0,0,0,60,60
40495,204666,0,2000,40496,0,0,60,60
40496,204667,0,0,0,0,0,60,60
40500,204672,0,1000,40501,0,0,60,60
40501,204673,0,1000,40502,0,0,60,60
40502,204674,0,0,0,0,0,60,60
40503,196218,0,1000,40504,0,1,60,60
40504,196230,0,1000,0,0,1,60,60
40505,204675,0,1000,40506,0,0,60,60
40506,204676,0,1000,40507,0,0,60,60
40507,204674,0,0,0,0,0,60,60
40508,204671,0,0,0,0,0,60,60
40509,204677,0,1000,0,0,0,60,60
40512,204686,0,1000,0,0,2,60,60
40513,189947,0,0,40514,0,4,60,60
40514,204694,0,0,40515,0,1,60,60
40515,204695,0,0,0,0,1,60,60
40516,0,139689,1000,40513,0,0,60,60
40517,204252,0,1000,40518,0,0,60,60
40518,204253,0,0,40519,0,0,60,60
40519,204254,0,0,40520,0,0,60,60
40520,204255,0,0,40521,0,0,60,60
40521,204256,0,1000,40522,0,0,60,60
40522,204257,0,0,0,0,0,60,60
40523,204700,0,0,40524,0,0,60,60
40524,204701,0,0,0,0,2,60,60
40525,204703,0,0,40526,0,0,60,60
40526,204701,0,0,0,0,2,60,60
40528,0,0,1000,40517,0,0,60,60
40529,191329,0,0,40530,0,4,60,60
40530,204704,0,0,40531,0,1,60,60
40531,204705,0,0,0,0,1,60,60
40533,202248,0,1000,40534,0,0,60,60
40534,202249,0,1250,40535,0,0,60,60
40535,202250,0,1250,40536,0,0,60,60
40536,202251,0,0,0,0,0,60,60
40538,204258,0,1000,40539,0,0,60,60
40539,204259,0,0,0,0,0,60,60
40540,204708,0,1000,0,0,2,60,60
40541,204709,0,1000,0,0,2,60,60
40542,204710,0,1000,0,0,2,60,60
40544,203653,0,0,40545,0,0,60,60
40545,203654,0,0,0,0,0,60,60
40546,203657,0,0,40547,0,0,60,60
40547,187356,0,0,40548,0,0,60,60
40548,188682,0,0,40549,0,1,60,60
40549,191931,0,0,40550,0,0,60,60
40550,187353,0,0,40551,0,0,60,60
40551,204216,0,0,40552,0,0,60,60
40552,204217,0,0,0,0,0,60,60
40553,203851,0,1000,0,0,0,60,60
40554,203852,0,1000,0,0,0,60,60
40555,202307,0,0,40556,0,1,60,60
40556,202310,0,0,40730,0,1,60,60
40558,202312,0,0,40559,0,1,60,60
40559,202313,0,0,40560,0,1,60,60
40560,202314,0,0,40561,0,1,60,60
40561,202315,0,0,0,0,1,60,60
40562,204699,0,2000,40563,0,0,60,60
40563,204702,0,1000,0,0,0,60,60
40564,204746,0,0,0,0,0,60,60
40565,204749,0,1000,0,0,2,60,60
40566,204750,0,1000,0,0,0,60,60
40567,203973,0,1000,0,0,0,60,60
40568,204773,0,1000,0,0,0,60,60
40569,204737,0,0,40570,0,0,60,60
40570,204742,0,0,40571,0,0,60,60
40571,204741,0,0,40572,0,0,60,60
40572,204744,0,0,0,0,0,60,60
40573,203979,0,1000,0,0,0,60,60
40574,204781,0,0,0,0,0,60,60
40575,198773,0,0,37461,0,0,60,60
40576,204080,0,0,0,0,0,60,60
40577,204793,0,0,0,0,0,60,60
40578,197043,0,0,40579,0,0,60,60
40579,197044,0,0,0,0,0,60,60
40580,197057,0,0,0,0,0,60,60
40581,204263,0,1000,40589,0,0,60,60
40582,204275,0,1000,0,0,0,60,60
40583,204265,0,1000,40584,0,0,60,60
40584,204266,0,1000,40591,0,0,60,60
40585,204268,0,1000,40586,0,0,60,60
40586,204270,0,1000,40593,0,0,60,60
40587,204272,0,1000,40588,0,0,60,60
40588,204273,0,1000,40595,0,0,60,60
40589,204264,0,1000,40590,0,0,60,60
40590,204274,0,1000,40582,0,0,60,60
40591,204274,0,1000,40592,0,0,60,60
40592,204275,0,1000,0,0,0,60,60
40593,204274,0,1000,40594,0,0,60,60
40594,204275,0,1000,0,0,0,60,60
40595,204274,0,1000,40596,0,0,60,60
40596,204275,0,1000,0,0,0,60,60
40597,204276,0,1000,40598,0,0,60,60
40598,204277,0,0,0,0,0,60,60
40599,202257,0,0,40600,0,0,60,60
40600,202258,0,0,40601,0,0,60,60
40601,202259,0,0,40602,0,0,60,60
40602,197358,0,0,40603,0,1,60,60
40603,197782,0,0,40604,0,1,60,60
40604,202260,0,0,0,0,0,60,60
40605,0,0,1000,39413,0,0,60,60
40606,204823,0,1000,0,0,0,60,60
40607,196322,0,1000,40608,0,0,60,60
40608,187342,0,0,40610,0,0,60,60
40610,187344,0,1000,40611,0,0,60,60
40611,204604,0,0,0,0,0,60,60
40613,196436,0,0,40617,0,0,60,60
40617,196437,0,0,40618,0,0,60,60
40618,196438,0,0,40619,0,0,60,60
40619,196439,0,0,0,0,0,60,60
40620,196327,0,1000,40621,0,0,60,60
40621,196330,0,0,40622,0,0,60,60
40622,196331,0,0,40623,0,0,60,60
40623,196332,0,0,0,0,0,60,60
40624,204279,0,1000,0,0,0,60,60
40625,203980,0,1000,0,0,0,60,60
40626,197047,0,0,40627,0,0,60,60
40627,197048,0,0,40628,0,0,60,60
40628,197049,0,0,0,0,0,60,60
40629,197050,0,0,0,0,0,60,60
40630,202261,0,0,40631,0,0,60,60
40631,202262,0,0,0,0,0,60,60
40632,204794,0,1000,0,0,0,60,60
40633,204795,0,1000,40634,0,0,60,60
40634,204798,0,1000,0,0,0,60,60
40635,204799,0,1000,0,0,0,60,60
40636,203484,0,0,40637,0,0,60,60
40637,203485,0,0,40638,0,0,60,60
40638,203486,0,0,40639,0,0,60,60
40639,203487,0,0,40640,0,0,60,60
40640,203488,0,0,40641,0,0,60,60
40641,203489,0,0,40642,0,0,60,60
40642,203490,0,0,40643,0,0,60,60
40643,203491,0,0,40644,0,0,60,60
40644,203492,0,0,40645,0,0,60,60
40645,203493,0,0,40646,0,0,60,60
40646,203494,0,0,40647,0,0,60,60
40647,203495,0,0,0,0,0,60,60
40648,204850,0,0,40649,0,0,60,60
40649,204851,0,0,40650,0,0,60,60
40650,204852,0,0,0,0,0,60,60
40651,204862,0,0,40652,0,0,60,60
40652,204863,0,0,0,0,0,60,60
40656,204278,0,1000,40624,0,0,60,60
40657,202277,0,0,40658,0,0,60,60
40658,202278,0,0,40659,0,0,60,60
40659,202279,0,0,0,0,0,60,60
40660,202305,0,5000,40661,0,1,60,60
40661,202306,0,0,0,0,1,60,60
40662,204280,0,1000,40663,0,0,60,60
40663,204281,0,1000,40664,0,0,60,60
40664,204282,0,1000,40665,0,0,60,60
40665,204283,0,1000,40666,0,0,60,60
40666,204284,0,1000,0,0,0,60,60
40667,204876,0,0,0,0,0,60,60
40668,203997,0,1000,40671,0,0,60,60
40670,204002,0,1000,0,0,0,60,60
40671,203998,0,1000,40670,0,0,60,60
40672,197051,0,0,40674,0,0,60,60
40674,197053,0,0,0,0,0,60,60
40676,197055,0,0,0,0,0,60,60
40677,204903,0,1000,0,0,2,60,60
40678,204003,0,0,0,0,0,60,60
40679,205046,0,5000,40680,0,0,60,60
40680,205047,0,5000,40681,0,0,60,60
40681,205048,0,5000,40682,0,0,60,60
40682,205049,0,5000,0,0,0,60,60
40683,0,0,2000,40684,0,0,60,60
40684,205050,0,0,40685,0,0,60,60
40685,205051,0,0,40686,0,0,60,60
40686,205052,0,0,0,0,1,60,60
40688,205059,0,1000,0,0,0,60,60
40689,204005,0,1000,0,0,0,60,60
40690,204063,0,0,0,0,0,60,60
40691,205062,0,0,0,0,0,60,60
40692,204064,0,1000,0,0,0,60,60
40693,204065,0,3000,40703,0,0,60,60
40694,204066,0,1000,40704,0,0,60,60
40695,204067,0,1000,40699,0,0,60,60
40696,205077,0,0,0,0,0,60,60
40697,205078,0,2000,40698,0,0,60,60
40698,205079,0,0,0,0,0,60,60
40699,204068,0,1000,0,0,0,60,60
40700,200818,0,1000,0,0,0,60,60
40701,200810,0,1000,0,0,0,60,60
40702,200826,0,1000,0,0,0,60,60
40703,205087,0,0,0,0,0,60,60
40704,205088,0,0,0,0,0,60,60
40705,203796,0,1000,0,0,1,60,60
40706,203797,0,0,0,0,0,60,60
40707,200814,0,5000,0,0,0,60,60
40708,184446,0,0,40709,0,0,60,60
40709,184448,0,0,40710,0,0,60,60
40710,184449,0,0,40711,0,0,60,60
40711,184451,0,0,40712,0,0,60,60
40712,194976,0,0,0,0,0,60,60
40713,203860,0,1000,0,0,0,60,60
40714,203859,0,1000,0,0,0,60,60
40715,204285,0,1000,40716,0,0,60,60
40716,204286,0,1000,40717,0,0,60,60
40717,204287,0,1000,0,0,0,60,60
40718,204288,0,1000,0,0,0,60,60
40720,204289,0,1000,40721,0,0,60,60
40721,204290,0,1000,0,0,0,60,60
40723,203798,0,1000,40724,0,0,60,60
40724,203799,0,0,0,0,0,60,60
40725,203805,0,2000,40726,0,0,60,60
40726,203812,0,2000,40727,0,0,60,60
40727,203813,0,2000,40728,0,0,60,60
40728,203819,0,0,0,0,0,60,60
40729,205103,0,1000,0,0,0,60,60
40730,202311,0,0,40558,0,1,60,60
40731,203826,0,2000,40732,0,0,60,60
40732,203827,0,2000,40733,0,0,60,60
40733,203828,0,2000,33920,0,0,60,60
40734,204299,0,1000,0,0,0,60,60
40735,204298,0,1000,0,0,0,60,60
40736,204297,0,1000,0,0,0,60,60
40737,204296,0,1000,0,0,0,60,60
40738,205135,0,1000,40792,0,0,60,60
40739,204300,0,1000,40740,0,0,60,60
40740,204302,0,1000,0,0,0,60,60
40741,204301,0,1000,0,0,0,60,60
40742,204303,0,1000,0,0,0,60,60
40743,204304,0,1000,40744,0,0,60,60
40744,204305,0,1000,0,0,0,60,60
40745,203833,0,2000,40746,0,4,60,60
40746,203834,0,0,0,0,4,60,60
40747,203835,0,2000,40748,0,4,60,60
40748,203836,0,2000,40749,0,4,60,60
40749,203837,0,0,0,0,0,60,60
40750,205148,0,1000,0,0,5,60,60
40751,197778,0,1000,0,0,0,60,60
40752,203935,0,1000,40791,0,0,60,60
40753,0,0,1000,40754,0,0,60,60
40754,203938,0,1000,40755,0,0,60,60
40755,203939,0,1000,40756,0,0,60,60
40756,203940,0,1000,40757,0,0,60,60
40757,203941,0,1000,0,0,0,60,60
40758,203942,0,1000,40759,0,0,60,60
40759,203943,0,1000,0,0,0,60,60
40760,197779,0,1000,0,0,0,60,60
40766,192596,0,0,40767,0,0,60,60
40767,192787,0,0,40768,0,0,60,60
40768,202158,0,0,40769,0,0,60,60
40769,202162,0,0,40770,0,0,60,60
40770,202166,0,0,41261,0,0,60,60
40771,192597,0,0,40772,0,0,60,60
40772,192786,0,0,40773,0,0,60,60
40773,202157,0,0,40774,0,0,60,60
40774,202161,0,0,40775,0,0,60,60
40775,202165,0,0,41267,0,0,60,60
40776,192598,0,0,40777,0,0,60,60
40777,192785,0,0,40778,0,0,60,60
40778,202156,0,0,40779,0,0,60,60
40779,202160,0,0,40780,0,0,60,60
40780,202164,0,0,41270,0,0,60,60
40781,192599,0,0,40782,0,0,60,60
40782,192784,0,0,40783,0,0,60,60
40783,202155,0,0,40784,0,0,60,60
40784,202159,0,0,40785,0,0,60,60
40785,202163,0,0,41264,0,0,60,60
40786,205166,0,0,41277,0,0,60,60
40787,205167,0,0,41278,0,0,60,60
40788,205168,0,0,41279,0,0,60,60
40789,205169,0,0,41280,0,0,60,60
40790,205170,0,0,41281,0,0,60,60
40791,203936,0,1000,40753,0,0,60,60
40792,205179,0,1000,40793,0,5,60,60
40793,205180,0,1000,0,0,0,60,60
40794,203831,0,4000,40796,0,0,60,60
40795,203830,0,2000,40794,0,0,60,60
40796,205144,0,0,0,0,0,60,60
40797,0,0,1000,40795,0,0,60,60
40798,203838,0,0,0,0,0,60,60
40799,205173,0,3000,0,0,0,60,60
40803,205178,0,1000,0,0,5,60,60
40804,204306,0,1000,40805,0,0,60,60
40805,204307,0,1000,0,0,0,60,60
40806,205186,0,1000,0,0,5,60,60
40807,203839,0,2000,40808,0,4,60,60
40808,203840,0,0,0,0,4,60,60
40809,203841,0,2000,40810,0,0,60,60
40810,203840,0,2000,40811,0,0,60,60
40811,203843,0,2000,40812,0,0,60,60
40812,203844,0,0,0,0,0,60,60
40813,205187,0,1000,40814,0,0,60,60
40814,205188,0,1000,40815,0,0,60,60
40815,205189,0,1000,40816,0,0,60,60
40816,205184,0,1000,0,0,0,60,60
40817,191805,0,1000,0,0,1,60,60
40818,191806,0,1000,0,0,1,60,60
40819,205202,0,1000,0,0,0,60,60
40820,192027,0,1000,0,0,1,60,60
40821,205211,0,1000,0,0,0,60,60
40822,203847,0,1000,0,0,0,60,60
40823,203848,0,1000,0,0,0,60,60
40824,203847,0,1000,0,0,0,60,60
40825,203848,0,1000,0,0,0,60,60
40826,178768,0,1000,0,0,0,60,60
40827,196381,0,0,40828,0,0,60,60
40828,196382,0,0,0,0,0,60,60
40829,178974,0,1000,0,0,0,60,60
40830,178980,0,1000,0,0,0,60,60
40831,178981,0,1000,0,0,0,60,60
40832,203983,0,1000,0,0,0,60,60
40833,203984,0,1000,0,0,0,60,60
40834,178986,0,1000,0,0,0,60,60
40835,178987,0,1000,0,0,0,60,60
40836,178985,0,1000,0,0,0,60,60
40837,179038,0,1000,0,0,0,60,60
40838,179040,0,1000,0,0,0,60,60
40839,179041,0,1000,0,0,0,60,60
40840,205232,0,1000,0,0,2,60,60
40841,205233,0,1000,0,0,0,60,60
40842,205234,0,1000,0,0,0,60,60
40843,205235,0,1000,0,0,0,60,60
40844,205236,0,1000,0,0,0,60,60
40845,205237,0,1000,0,0,0,60,60
40846,205238,0,1000,40847,0,0,60,60
40847,205239,0,1000,0,0,0,60,60
40848,205240,0,1000,0,0,0,60,60
40849,205241,0,1000,0,0,0,60,60
40850,205243,0,0,0,0,0,60,60
40851,205245,0,1000,0,0,0,60,60
40852,205246,0,1000,0,0,0,60,60
40853,205247,0,1000,0,0,0,60,60
40854,205249,0,1000,0,0,0,60,60
40855,205250,0,1000,0,0,0,60,60
40856,205251,0,1000,0,0,0,60,60
40857,200776,0,0,40858,0,4,60,60
40858,205267,0,0,40859,0,1,60,60
40859,205268,0,0,0,0,1,60,60
40860,205269,0,1000,0,0,0,60,60
40861,205275,0,1000,0,0,0,60,60
40862,205278,0,1000,0,0,0,60,60
40863,205279,0,1000,0,0,0,60,60
40864,205280,0,1000,0,0,0,60,60
40865,205281,0,1000,0,0,0,60,60
40866,205282,0,1000,0,0,0,60,60
40867,205286,0,1000,0,0,0,60,60
40868,205292,0,1000,0,0,0,60,60
40869,201538,0,1000,40870,0,0,60,60
40870,205291,0,1000,0,0,0,60,60
40871,205293,0,1000,0,0,0,60,60
40872,205295,0,1000,0,0,0,60,60
40873,205296,0,1000,0,0,0,60,60
40874,205298,0,1000,0,0,0,60,60
40875,205301,0,1000,0,0,0,60,60
40876,205302,0,1000,0,0,0,60,60
40877,205303,0,1000,0,0,0,60,60
40878,205309,0,1000,0,0,0,60,60
40879,205311,0,1000,0,0,0,60,60
40880,205313,0,1000,0,0,0,60,60
40881,205314,0,1000,0,0,0,60,60
40882,205315,0,1000,0,0,0,60,60
40883,205316,0,1000,0,0,0,60,60
40884,205317,0,1000,0,0,0,60,60
40885,205318,0,1000,0,0,0,60,60
40886,205319,0,1000,0,0,0,60,60
40887,205320,0,1000,0,0,0,60,60
40888,205321,0,1000,0,0,0,60,60
40889,205322,0,1000,0,0,0,60,60
40890,205323,0,1000,0,0,0,60,60
40891,198710,0,1900,40892,0,1,60,60
40892,199017,0,1000,0,0,1,60,60
40894,198716,0,1000,0,0,1,60,60
40895,205343,0,1000,0,0,0,60,60
40896,205360,0,1000,0,0,0,60,60
40897,202485,0,1000,40898,0,0,60,60
40898,202486,0,1000,40899,0,0,60,60
40899,202487,0,1000,40900,0,0,60,60
40900,202488,0,1000,40901,0,0,60,60
40901,202489,0,0,0,0,0,60,60
40902,202484,0,0,0,0,0,60,60
40903,203832,0,0,40904,0,0,60,60
40904,202490,0,0,40905,0,0,60,60
40905,201595,0,0,0,0,0,60,60
40906,181134,0,1000,0,0,0,60,60
40907,198194,0,0,40908,0,0,60,60
40908,198214,0,0,0,0,0,60,60
40909,205424,0,0,0,0,0,60,60
40910,205425,0,1000,40911,0,0,60,60
40911,205426,0,1000,40912,0,0,60,60
40912,205427,0,0,0,0,0,60,60
40913,205440,0,1000,40914,0,0,60,60
40914,205441,0,1000,0,0,0,60,60
40915,0,0,2000,40913,0,0,60,60
40916,205442,0,0,0,0,0,60,60
40917,203966,0,1000,0,0,0,60,60
40918,205457,0,3000,34305,0,0,60,60
40919,187567,0,1000,40920,0,0,60,60
40920,203891,0,0,0,0,0,60,60
40921,203893,0,0,0,0,0,60,60
40922,205470,0,1000,40938,0,0,60,60
40923,203895,0,0,40924,0,0,60,60
40924,203896,0,0,40936,0,0,60,60
40925,194513,0,5000,40926,0,0,60,60
40926,194515,0,5000,40927,0,0,60,60
40927,200070,0,5000,40928,0,0,60,60
40928,194516,0,5000,40929,0,0,60,60
40929,200071,0,5000,40930,0,0,60,60
40930,194517,0,0,0,0,0,60,60
40931,205495,0,1000,0,0,0,60,60
40932,0,0,2000,40933,0,0,60,60
40933,205496,0,1000,0,0,0,60,60
40934,194514,0,1000,40935,0,0,60,60
40935,203899,0,0,0,0,0,60,60
40936,205505,0,1000,0,0,2,60,60
40937,205519,0,1000,0,0,0,60,60
40938,205520,0,1000,40939,0,0,60,60
40939,205521,0,1000,40940,0,0,60,60
40940,205522,0,1000,0,0,0,60,60
40941,203406,0,1000,40942,0,0,60,60
40942,203407,0,0,0,0,0,60,60
40951,205552,0,1000,0,0,0,60,60
40952,201983,0,0,0,0,0,60,60
40953,205120,0,1000,0,0,0,60,60
40954,205121,0,1000,0,0,0,60,60
40955,205558,0,4000,40956,0,0,60,60
40956,205559,0,4000,40957,0,0,60,60
40957,205560,0,4000,40958,0,0,60,60
40958,205561,0,4000,0,0,0,60,60
40959,204244,0,1000,40960,0,0,60,60
40960,204245,0,1000,0,0,0,60,60
40961,205562,0,5000,40966,0,0,60,60
40962,205564,0,5000,40965,0,0,60,60
40963,205565,0,1000,0,0,0,60,60
40964,205563,0,1000,0,0,0,60,60
40965,205565,0,1000,0,0,0,60,60
40966,205563,0,1000,0,0,0,60,60
40967,0,0,2000,40962,0,0,60,60
40968,0,0,2000,40961,0,0,60,60
40969,201965,0,0,0,0,0,60,60
40970,205586,0,1000,0,0,0,60,60
40971,205587,0,1000,0,0,0,60,60
40972,205590,0,1000,0,0,0,60,60
40973,205591,0,1000,0,0,0,60,60
40974,205360,0,1000,0,0,0,60,60
40975,205627,0,1000,0,0,0,60,60
40976,197056,0,0,40980,0,0,60,60
40980,197060,0,0,40981,0,0,60,60
40981,197061,0,0,40982,0,0,60,60
40982,197062,0,0,40983,0,0,60,60
40983,197063,0,0,40984,0,0,60,60
40984,197064,0,0,40985,0,0,60,60
40985,197065,0,0,0,0,0,60,60
40986,205671,0,1000,0,0,0,60,60
40987,205672,0,1000,0,0,0,60,60
40988,205673,0,1000,0,0,0,60,60
40989,201966,0,0,0,0,0,60,60
40990,201974,0,0,0,0,0,60,60
40991,205674,0,1000,0,0,0,60,60
40992,203626,0,0,0,0,0,60,60
40993,205685,0,1000,0,0,0,60,60
40994,205686,0,1000,0,0,0,60,60
40995,205679,0,1000,0,0,0,60,60
40997,0,0,0,36861,0,0,60,60
40998,195486,0,1000,40999,0,0,60,60
40999,195487,0,1000,41000,0,0,60,60
41000,195488,0,0,0,0,0,60,60
41001,191056,0,1000,41002,0,0,60,60
41002,198563,0,0,0,0,0,60,60
41003,191057,0,1000,41004,0,0,60,60
41004,198564,0,0,0,0,0,60,60
41005,191058,0,1000,41006,0,0,60,60
41006,198565,0,0,0,0,0,60,60
41007,205776,0,1000,41008,0,0,60,60
41008,205777,0,1000,0,0,0,60,60
41009,200977,0,1000,0,0,0,60,60
41010,193420,0,1000,0,0,0,60,60
41011,200219,0,1000,0,0,0,60,60
41012,200970,0,1000,0,0,0,60,60
41013,200987,0,1000,0,0,0,60,60
41014,205788,0,1000,41015,0,0,60,60
41015,205789,0,1000,0,0,0,60,60
41016,205790,0,1000,41017,0,0,60,60
41017,205777,0,1000,0,0,0,60,60
41018,205793,0,1000,41019,0,0,60,60
41019,205794,0,1000,0,0,0,60,60
41020,205876,0,0,0,0,3,60,60
41021,205918,0,2000,41022,0,0,60,60
41022,205919,0,0,0,0,0,60,60
41023,205925,0,3000,0,0,2,60,60
41024,205938,0,1000,0,0,0,60,60
41025,205939,0,0,41026,0,0,60,60
41026,205940,0,0,41027,0,0,60,60
41027,205941,0,1000,41030,0,0,60,60
41028,205942,0,0,41029,0,1,60,60
41029,205944,0,0,0,0,1,60,60
41030,205946,0,2000,41028,0,0,60,60
41031,205948,0,1000,41032,0,0,60,60
41032,205949,0,1000,41033,0,0,60,60
41033,205950,0,1000,0,0,0,60,60
41034,205966,0,0,0,0,3,60,60
41035,205972,0,1000,0,0,0,60,60
41036,191910,0,1000,0,0,0,60,60
41037,185447,0,8000,41038,0,0,60,60
41038,206075,0,10000,0,0,0,60,60
41039,206082,0,0,41040,0,0,60,60
41040,206083,0,5000,41041,0,0,60,60
41041,206084,0,5000,0,0,0,60,60
41042,206091,0,0,0,0,0,60,60
41043,206098,0,2000,41044,0,0,60,60
41044,206099,0,0,0,0,0,60,60
41045,206100,0,2000,41046,0,0,60,60
41046,206101,0,0,0,0,0,60,60
41047,206104,0,2000,41048,0,0,60,60
41048,206105,0,0,0,0,0,60,60
41049,206107,0,2000,41050,0,0,60,60
41050,206108,0,0,0,0,0,60,60
41051,206111,0,0,41052,0,0,60,60
41052,206112,0,0,41053,0,0,60,60
41053,206113,0,0,0,0,0,60,60
41054,206114,0,0,0,0,0,60,60
41055,206116,0,0,41058,0,0,60,60
41056,206115,0,0,41055,0,0,60,60
41057,206118,0,0,41060,0,0,60,60
41058,206117,0,0,41057,0,0,60,60
41059,206120,0,0,0,0,0,60,60
41060,206119,0,0,41059,0,0,60,60
41061,206121,0,7000,41062,0,0,60,60
41062,206123,0,8000,0,0,0,60,60
41063,206122,0,1000,41064,0,0,60,60
41064,206124,0,1000,41065,0,0,60,60
41065,206125,0,1000,0,0,0,60,60
41066,206126,0,9000,41067,0,0,60,60
41067,206128,0,6000,0,0,0,60,60
41068,206139,0,0,41069,0,0,60,60
41069,206140,0,0,41070,0,0,60,60
41070,206141,0,0,41071,0,0,60,60
41071,206142,0,0,0,0,0,60,60
41072,206143,0,0,41073,0,0,60,60
41073,206144,0,0,0,0,0,60,60
41074,206152,0,0,41075,0,0,60,60
41075,206154,0,0,41076,0,0,60,60
41076,206153,0,0,0,0,0,60,60
41077,206297,0,0,41078,0,0,60,60
41078,206298,0,0,41079,0,0,60,60
41079,206299,0,0,0,0,0,60,60
41080,206303,0,1000,0,0,0,60,60
41081,206304,0,1000,0,0,0,60,60
41085,206305,0,0,41086,0,0,60,60
41086,206306,0,0,41087,0,0,60,60
41087,206307,0,0,0,0,0,60,60
41091,206311,0,0,41092,0,0,60,60
41092,206312,0,0,41093,0,0,60,60
41093,206313,0,0,0,0,0,60,60
41094,206316,0,1000,0,0,0,60,60
41095,206317,0,0,41096,0,0,60,60
41096,206318,0,0,41097,0,0,60,60
41097,206319,0,0,0,0,0,60,60
41098,206322,0,1000,0,0,0,60,60
41099,206345,0,1000,41100,0,0,60,60
41100,206346,0,1000,0,0,0,60,60
41101,206352,0,1000,41102,0,0,60,60
41102,206353,0,1000,41103,0,0,60,60
41103,206354,0,1000,41104,0,0,60,60
41104,206355,0,1000,0,0,0,60,60
41105,206357,0,0,41106,0,0,60,60
41106,206358,0,0,41107,0,0,60,60
41107,206362,0,0,0,0,0,60,60
41108,206359,0,1000,0,0,0,60,60
41109,206364,0,1000,0,0,0,60,60
41110,206365,0,0,41111,0,0,60,60
41111,206367,0,0,41112,0,0,60,60
41112,206366,0,0,0,0,0,60,60
41113,206371,0,0,0,0,0,60,60
41114,206372,0,0,41115,0,0,60,60
41115,206373,0,0,41116,0,0,60,60
41116,206374,0,0,0,0,0,60,60
41117,205086,0,0,41118,0,0,60,60
41118,206384,0,0,0,0,0,60,60
41119,206380,0,0,41120,0,0,60,60
41120,206381,0,0,41121,0,0,60,60
41121,206382,0,0,41122,0,0,60,60
41122,206383,0,0,41123,0,0,60,60
41123,206386,0,0,41124,0,0,60,60
41124,206387,0,0,0,0,0,60,60
41125,206394,0,1000,41126,0,0,60,60
41126,206395,0,1000,41127,0,0,60,60
41127,206396,0,1000,41129,0,0,60,60
41129,206398,0,1000,0,0,2,60,60
41130,206400,0,1000,41131,0,0,60,60
41131,206399,0,1000,0,0,0,60,60
41132,206401,0,1000,41134,0,0,60,60
41133,206402,0,1000,0,0,0,60,60
41134,206406,0,1000,41133,0,0,60,60
41135,206404,0,1000,41136,0,0,60,60
41136,206405,0,1000,0,0,0,60,60
41137,206407,0,1000,0,0,0,60,60
41138,206408,0,0,41139,0,0,60,60
41139,206409,0,0,41140,0,0,60,60
41140,206410,0,0,0,0,0,60,60
41141,206417,0,1000,0,0,0,60,60
41142,206418,0,0,41143,0,0,60,60
41143,206419,0,0,41144,0,0,60,60
41144,206420,0,0,0,0,0,60,60
41145,206424,0,1000,0,0,0,60,60
41146,206425,0,0,41147,0,0,60,60
41147,206426,0,0,41148,0,0,60,60
41148,206427,0,0,0,0,0,60,60
41149,206431,0,0,41150,0,0,60,60
41150,206432,0,0,41151,0,0,60,60
41151,206433,0,0,0,0,0,60,60
41152,206438,0,4000,41153,0,0,60,60
41153,206437,0,2000,41154,0,0,60,60
41154,206439,0,0,0,0,0,60,60
41155,206440,0,1000,41156,0,0,60,60
41156,206441,0,1000,0,0,0,60,60
41157,206442,0,1000,41158,0,0,60,60
41158,206443,0,1000,41159,0,0,60,60
41159,206444,0,1000,0,0,2,60,60
41160,206452,0,1000,41161,0,0,60,60
41161,206453,0,1000,0,0,0,60,60
41162,198542,0,1000,35678,0,0,60,60
41163,206456,0,1000,41164,0,0,60,60
41164,206457,0,1000,41165,0,0,60,60
41165,206458,0,1000,0,0,0,60,60
41166,193289,0,1000,0,0,0,60,60
41167,193286,0,1000,0,0,0,60,60
41168,193285,0,1000,0,0,0,60,60
41169,193287,0,1000,0,0,0,60,60
41170,193291,0,1000,0,0,0,60,60
41171,193292,0,1000,0,0,0,60,60
41172,193290,0,1000,0,0,0,60,60
41173,193295,0,1000,0,0,0,60,60
41174,193288,0,1000,0,0,0,60,60
41175,193296,0,1000,0,0,0,60,60
41176,196249,0,1000,0,0,0,60,60
41177,193293,0,1000,0,0,0,60,60
41178,193294,0,1000,0,0,0,60,60
41179,202167,0,3000,41180,0,0,60,60
41180,206459,0,2000,41181,0,0,60,60
41181,206460,0,2000,41182,0,0,60,60
41182,206461,0,1000,41183,0,0,60,60
41183,206462,0,1000,41184,0,2,60,60
41184,206463,0,2000,41185,0,0,60,60
41185,206466,0,0,0,0,0,60,60
41186,206464,0,1000,41187,0,0,60,60
41187,206465,0,1000,0,0,0,60,60
41188,206467,0,1000,41189,0,0,60,60
41189,206468,0,1000,41190,0,0,60,60
41190,206469,0,1000,0,0,0,60,60
41191,206470,0,1000,41192,0,0,60,60
41192,206471,0,1000,41193,0,0,60,60
41193,206472,0,1000,41194,0,0,60,60
41194,206473,0,1000,0,0,0,60,60
41195,206474,0,1000,41196,0,0,60,60
41196,206475,0,1000,41197,0,0,60,60
41197,206476,0,1000,41198,0,0,60,60
41198,206477,0,1000,41199,0,0,60,60
41199,206478,0,1000,41200,0,0,60,60
41200,206479,0,1000,0,0,0,60,60
41201,202665,0,0,0,0,0,60,60
41202,206486,0,0,41203,0,0,60,60
41203,206487,0,0,41204,0,0,60,60
41204,202667,0,0,0,0,0,60,60
41205,202698,0,0,41206,0,0,60,60
41206,206488,0,0,0,0,0,60,60
41208,206491,0,0,0,0,0,60,60
41209,206489,0,0,41210,0,0,60,60
41210,206490,0,0,0,0,0,60,60
41211,205699,0,1000,0,0,0,60,60
41212,206492,0,0,0,0,0,60,60
41213,206496,0,0,0,0,0,60,60
41214,206507,0,1000,0,0,0,60,60
41215,206508,0,0,41216,0,2,60,60
41216,206509,0,0,41217,0,0,60,60
41217,206510,0,0,41218,0,0,60,60
41218,206511,0,0,0,0,0,60,60
41219,0,0,1000,35850,0,0,60,60
41220,206518,0,1000,41221,0,0,60,60
41221,206535,0,1000,41222,0,0,60,60
41222,206536,0,1000,41223,0,0,60,60
41223,206537,0,1000,0,0,0,60,60
41224,0,0,3000,41225,0,0,60,60
41225,205833,0,2000,41226,0,0,60,60
41226,205834,0,2000,41227,0,0,60,60
41227,205835,0,2000,41228,0,0,60,60
41228,205836,0,4000,41229,0,0,60,60
41229,205837,0,2000,41230,0,0,60,60
41230,205838,0,2000,41231,0,0,60,60
41231,205839,0,2000,41232,0,0,60,60
41232,205840,0,4000,41233,0,0,60,60
41233,205841,0,2000,41234,0,0,60,60
41234,205842,0,2000,41235,0,0,60,60
41235,205843,0,2000,41236,0,0,60,60
41236,205844,0,4000,41237,0,0,60,60
41237,205845,0,2000,41238,0,0,60,60
41238,205846,0,2000,0,0,0,60,60
41242,196403,0,1000,0,0,0,60,60
41243,190140,0,1000,0,0,1,60,60
41244,199325,0,0,0,0,0,60,60
41245,0,0,0,37648,0,0,60,60
41247,0,0,0,7391,0,0,60,60
41249,0,0,0,7386,0,0,60,60
41250,0,0,0,0,0,0,60,60
41251,188637,0,0,0,0,0,60,60
41252,178763,0,0,0,0,0,60,60
41253,206558,0,1000,41254,0,0,60,60
41254,206559,0,1000,41255,0,0,60,60
41255,206560,0,1000,0,0,0,60,60
41256,178769,0,0,0,0,0,60,60
41257,206565,0,1000,41258,0,0,60,60
41258,206566,0,1000,41259,0,0,60,60
41259,206567,0,1000,41260,0,0,60,60
41260,206568,0,0,0,0,0,60,60
41261,205955,0,0,41262,0,0,60,60
41262,205960,0,0,41263,0,0,60,60
41263,205965,0,0,0,0,0,60,60
41264,205952,0,0,41265,0,0,60,60
41265,205957,0,0,41266,0,0,60,60
41266,205962,0,0,0,0,0,60,60
41267,205954,0,0,41268,0,0,60,60
41268,205959,0,0,41269,0,0,60,60
41269,205964,0,0,0,0,0,60,60
41270,205953,0,0,41271,0,0,60,60
41271,205958,0,0,41272,0,0,60,60
41272,205963,0,0,0,0,0,60,60
41273,203706,0,1000,0,0,0,60,60
41274,205951,0,0,41282,0,0,60,60
41275,205956,0,0,41283,0,0,60,60
41276,205961,0,0,41284,0,0,60,60
41277,0,0,0,40787,0,0,60,60
41278,0,0,0,40788,0,0,60,60
41279,0,0,0,40789,0,0,60,60
41280,0,0,0,40790,0,0,60,60
41281,0,0,0,41274,0,0,60,60
41282,0,0,0,41275,0,0,60,60
41283,0,0,0,41276,0,0,60,60
41284,0,0,0,0,0,0,60,60
41285,206155,0,0,0,0,0,60,60
41286,206156,0,0,0,0,0,60,60
41287,206157,0,0,0,0,0,60,60
41288,197448,0,-1000,41289,0,1,60,60
41289,202317,0,0,41291,0,1,60,60
41291,202319,0,0,41292,0,1,60,60
41292,202320,0,0,41293,0,1,60,60
41293,202321,0,1000,41294,0,1,60,60
41294,202322,0,-1000,41295,0,1,60,60
41295,202323,0,2000,41296,0,1,60,60
41296,202324,0,1000,41297,0,0,60,60
41297,202325,0,1000,41298,0,0,60,60
41298,202326,0,1000,41299,0,0,60,60
41299,202329,0,1000,41300,0,0,60,60
41300,202330,0,1000,41301,0,0,60,60
41301,202331,0,1000,0,0,0,60,60
41302,0,0,0,41303,0,0,60,60
41303,0,0,0,36118,0,0,60,60
41304,0,0,0,17982,0,0,60,60
41305,117660,0,1000,41306,0,0,60,60
41306,118161,0,1000,41307,0,0,60,60
41307,0,0,0,41308,0,0,60,60
41308,109400,0,0,41309,0,0,60,60
41309,118159,0,0,41310,0,0,60,60
41310,0,0,0,0,0,0,60,60
41311,203927,0,0,0,0,0,60,60
41312,203928,0,0,0,0,0,60,60
41313,203926,0,0,0,0,0,60,60
41314,203924,0,0,0,0,0,60,60
41315,203923,0,0,0,0,0,60,60
41316,202837,0,0,0,0,0,60,60
41317,202836,0,0,0,0,0,60,60
41318,110197,0,1000,41319,0,0,60,60
41319,118183,0,1000,41320,0,0,60,60
41320,117670,0,1000,41321,0,0,60,60
41321,118182,0,1000,41336,0,0,60,60
41323,110198,0,1000,41324,0,0,60,60
41324,118181,0,1000,0,0,0,60,60
41325,201545,0,1000,41326,0,0,60,60
41326,201547,0,1000,41327,0,0,60,60
41327,201548,0,1000,41328,0,0,60,60
41328,201551,0,1000,41329,0,0,60,60
41329,201552,0,1000,41330,0,0,60,60
41330,201553,0,1000,41331,0,0,60,60
41331,201554,0,1000,0,0,0,60,60
41332,202835,0,0,0,0,0,60,60
41333,202834,0,0,0,0,0,60,60
41334,202830,0,0,0,0,0,60,60
41335,203921,0,0,0,0,0,60,60
41336,0,0,0,41323,0,0,60,60
41337,188801,0,1000,41338,0,0,60,60
41338,188802,0,2000,33790,0,0,60,60
41339,0,0,0,36852,0,0,60,60
41340,206603,0,1000,0,0,0,60,60
41341,0,0,500,41340,0,0,60,60
41342,206604,0,1000,41343,0,0,60,60
41343,206605,0,0,0,0,2,60,60
41344,203266,0,1000,41345,0,0,60,60
41345,203330,0,1000,41346,0,0,60,60
41346,203331,0,1000,41347,0,0,60,60
41347,203332,0,1000,41348,0,0,60,60
41348,203333,0,1000,0,0,0,60,60
41349,199904,0,4000,41350,0,0,60,60
41350,199905,0,0,0,0,0,60,60
41351,0,0,10000,41349,0,0,60,60
41352,0,0,500,36079,0,0,60,60
41353,187970,0,0,0,0,0,60,60
41354,191503,0,0,41355,0,1,60,60
41355,191505,0,0,0,0,1,60,60
41356,203784,0,0,0,0,0,60,60
41357,203785,0,0,0,0,0,60,60
41358,203646,0,0,0,0,1,60,60
41359,203649,0,1000,34338,0,0,60,60
41360,191504,0,0,40395,0,1,60,60
41361,0,0,1000,41362,0,4,60,60
41362,199289,0,0,0,0,4,60,60
41363,0,0,1000,41364,0,4,60,60
41364,199290,0,0,0,0,4,60,60
41365,0,0,1000,41366,0,4,60,60
41366,199292,0,0,0,0,4,60,60
41367,0,0,1000,41368,0,4,60,60
41368,199293,0,0,0,0,4,60,60
41369,0,0,1000,41370,0,4,60,60
41370,199294,0,0,0,0,4,60,60
41371,199323,0,1000,0,0,0,60,60
41373,202474,0,1000,0,0,0,60,60
41374,0,0,1000,41373,0,0,60,60
41375,0,0,0,33652,0,0,60,60
41376,206692,0,1000,0,0,0,60,60
41377,206713,0,1000,0,0,2,60,60
41378,180793,0,0,0,0,0,60,60
41379,180794,0,0,0,0,0,60,60
41380,180795,0,0,0,0,0,60,60
41381,188017,0,1000,41382,0,0,60,60
41382,188019,0,1000,41383,0,0,60,60
41383,196609,0,4000,41384,0,0,60,60
41384,196610,0,1000,0,0,0,60,60
41385,203447,0,0,0,0,0,60,60
41386,199100,0,1000,41387,0,0,60,60
41387,199101,0,0,0,0,0,60,60
41388,199102,0,1000,41389,0,0,60,60
41389,199103,0,0,0,0,0,60,60
41390,199104,0,1000,41391,0,0,60,60
41391,199105,0,0,0,0,0,60,60
41392,199106,0,1000,41393,0,0,60,60
41393,199107,0,0,0,0,0,60,60
41394,199108,0,1000,41395,0,0,60,60
41395,199109,0,0,0,0,0,60,60
41396,198033,0,1000,0,0,0,60,60
41397,195292,0,500,0,0,4,60,60
41398,178607,0,1000,37027,0,1,60,60
41399,195563,0,0,0,0,0,60,60
41400,195272,0,1000,41401,0,0,60,60
41401,195273,0,1000,41402,0,0,60,60
41402,195274,0,1000,41403,0,0,60,60
41403,195275,0,1000,41404,0,0,60,60
41404,195276,0,0,0,0,0,60,60
41405,206889,0,1000,0,0,4,60,60
41406,0,0,2000,37634,0,0,60,60
41407,205166,0,0,0,0,0,60,60
41425,205167,0,0,0,0,0,60,60
41443,205168,0,0,0,0,0,60,60
41461,205169,0,0,0,0,0,60,60
41481,205951,0,0,0,0,0,60,60
41495,205170,0,0,0,0,0,60,60
41515,205956,0,0,0,0,0,60,60
41533,205961,0,0,0,0,0,60,60
41535,189699,0,1000,37338,0,1,60,60
41536,0,139689,1000,37446,0,0,60,60
41537,188041,0,5000,40705,0,0,60,60
41539,0,0,2000,38809,0,0,60,60
41540,198154,0,1000,0,0,0,60,60
41541,190961,0,1000,0,0,0,60,60
41542,205048,0,0,41543,0,0,60,60
41543,205046,0,6000,41544,0,0,60,60
41544,205049,0,6000,0,0,0,60,60
41545,198229,0,1000,0,0,0,60,60
41546,206929,0,0,41547,0,0,60,60
41547,206930,0,0,41548,0,0,60,60
41548,206931,0,0,0,0,0,60,60
41549,202831,0,0,0,0,0,60,60
41550,203920,0,0,0,0,0,60,60
41551,202818,0,0,0,0,0,60,60
41552,202819,0,0,0,0,0,60,60
41553,202829,0,0,0,0,0,60,60
41554,202833,0,0,0,0,0,60,60
41555,202838,0,0,0,0,0,60,60
41556,202839,0,0,0,0,0,60,60
41557,0,0,0,39778,0,0,60,60
41558,0,0,0,0,0,0,60,60
41559,0,139689,1000,37002,0,0,60,60
41560,197674,0,0,41561,0,1,60,60
41561,197675,0,0,41562,0,1,60,60
41562,197676,0,0,0,0,1,60,60
41563,0,139689,1000,39287,0,0,60,60
41564,0,139689,1000,39645,0,0,60,60
41565,0,139689,1000,39639,0,0,60,60
41566,0,139689,1000,39635,0,0,60,60
41567,0,139689,1000,39648,0,0,60,60
41568,0,139689,1000,40413,0,0,60,60
41569,0,139689,1000,40462,0,0,60,60
41570,0,139689,1000,40465,0,0,60,60
41571,0,139689,1000,40529,0,0,60,60
41572,0,139689,1000,40857,0,0,60,60
41573,0,139991,1000,37995,0,0,60,60
41574,0,139991,1000,38921,0,0,60,60
41575,0,139991,1000,39081,0,0,60,60
41576,0,139991,1000,38917,0,0,60,60
41577,0,139991,1000,39079,0,0,60,60
41578,0,139991,1000,38913,0,0,60,60
41579,0,139991,2000,39042,0,0,60,60
41580,0,139991,1000,38909,0,0,60,60
41581,0,139991,1000,39040,0,0,60,60
41582,0,139991,1000,38907,0,0,60,60
41583,195783,0,2000,41584,0,0,60,60
41584,195770,0,0,0,0,1,60,60
41585,0,0,3000,41586,0,0,60,60
41586,206948,0,1000,0,0,0,60,60
41587,0,0,3000,34975,0,0,60,60
41588,200680,0,0,41589,0,1,60,60
41589,200681,0,0,0,0,1,60,60
41590,200678,0,0,41591,0,1,60,60
41591,200679,0,0,0,0,1,60,60
41592,205134,0,1000,0,0,1,60,60
41593,205188,0,1000,0,0,1,60,60
41594,205184,0,1000,0,0,1,60,60
41595,205135,0,1000,0,0,1,60,60
41596,205134,0,1000,0,0,1,60,60
41597,206606,0,1000,41598,0,5,60,60
41598,206615,0,0,0,0,5,60,60
41599,0,0,0,39785,0,0,60,60
41600,206608,0,1000,41601,0,5,60,60
41601,206617,0,0,0,0,5,60,60
41602,206610,0,1000,41603,0,5,60,60
41603,206619,0,0,0,0,5,60,60
41604,206612,0,1000,41605,0,5,60,60
41605,206622,0,0,0,0,5,60,60
41606,206613,0,1000,41607,0,5,60,60
41607,206623,0,0,0,0,5,60,60
41608,179993,0,1000,0,0,0,60,60
41609,206626,0,1000,41610,0,5,60,60
41610,206629,0,0,0,0,5,60,60
41611,206614,0,0,41612,0,5,60,60
41612,206607,0,1000,0,0,5,60,60
41613,206616,0,0,41614,0,5,60,60
41614,206609,0,1000,0,0,5,60,60
41615,206618,0,0,41616,0,5,60,60
41616,206611,0,1000,0,0,5,60,60
41617,206620,0,0,41618,0,5,60,60
41618,206624,0,1000,0,0,5,60,60
41619,206621,0,0,41620,0,5,60,60
41620,206625,0,1000,0,0,5,60,60
41621,206628,0,0,41622,0,5,60,60
41622,206627,0,1000,0,0,5,60,60
41625,0,0,0,41558,0,0,60,60
41626,0,140224,1000,38108,0,0,60,60
41627,0,140224,1000,39553,0,0,60,60
41628,0,140224,1000,37391,0,0,60,60
41629,200992,0,1000,0,0,4,60,60
41630,206984,0,5000,0,0,0,60,60
41631,0,0,3000,37725,0,0,60,60
41632,206995,0,1000,0,0,0,60,60
41633,206999,0,1000,41634,0,0,60,60
41634,207000,0,0,0,0,0,60,60
41635,207006,0,0,41636,0,0,60,60
41636,207007,0,0,0,0,0,60,60
41637,201485,0,500,40474,0,0,60,60
41638,207002,0,1000,41639,0,0,60,60
41639,207003,0,1000,41640,0,0,60,60
41640,207065,0,1000,41641,0,0,60,60
41641,207005,0,1000,0,0,0,60,60
41642,207007,0,6000,41643,0,0,60,60
41643,207006,0,1000,41644,0,0,60,60
41644,207009,0,2000,41687,0,0,60,60
41645,207008,0,1000,0,0,0,60,60
41646,207087,0,1000,41645,0,0,60,60
41648,207105,0,1000,0,0,0,60,60
41650,207104,0,1000,0,0,0,60,60
41651,207107,0,1000,41652,0,0,60,60
41652,207108,0,0,0,0,0,60,60
41653,188832,0,0,0,0,0,60,60
41654,0,0,1000,41653,0,0,60,60
41655,207109,0,0,41656,0,0,60,60
41656,207110,0,0,0,0,0,60,60
41657,0,0,8000,36440,0,0,60,60
41658,0,0,2000,36458,0,0,60,60
41659,0,0,1000,36457,0,0,60,60
41665,207167,0,1000,0,0,0,60,60
41666,207168,0,1000,0,0,0,60,60
41667,203788,0,1000,41668,0,0,60,60
41668,203736,0,1000,41669,0,0,60,60
41669,203789,0,1000,41670,0,0,60,60
41670,203738,0,0,0,0,0,60,60
41671,203791,0,0,41672,0,0,60,60
41672,203739,0,0,41673,0,0,60,60
41673,203740,0,0,0,0,0,60,60
41674,207206,0,0,41675,0,0,60,60
41675,207208,0,0,41676,0,0,60,60
41676,207209,0,0,41677,0,0,60,60
41677,207207,0,2000,41678,0,1,60,60
41678,207210,0,0,0,0,0,60,60
41679,207224,0,1000,0,0,0,60,60
41680,207225,0,1000,0,0,0,60,60
41681,207226,0,1000,0,0,0,60,60
41682,207227,0,1000,0,0,0,60,60
41683,207228,0,1000,0,0,0,60,60
41684,207229,0,1000,0,0,0,60,60
41685,207230,0,1000,0,0,0,60,60
41686,207231,0,1000,0,0,0,60,60
41687,207241,0,2000,41646,0,0,60,60
41688,202832,0,0,0,0,0,60,60
41689,0,0,5000,35558,0,0,60,60
41690,204356,0,2000,0,0,1,60,60
41691,207276,0,1000,41692,0,0,60,60
41692,207277,0,1000,41693,0,0,60,60
41693,207278,0,1000,41694,0,0,60,60
41694,207279,0,2000,41695,0,0,60,60
41695,207280,0,2000,41696,0,0,60,60
41696,207281,0,2000,0,0,0,60,60
41697,207282,0,1000,41698,0,0,60,60
41698,207283,0,2000,41699,0,0,60,60
41699,207284,0,1000,41700,0,0,60,60
41700,207285,0,2000,41701,0,0,60,60
41701,207286,0,1000,41702,0,0,60,60
41702,207287,0,1000,41703,0,0,60,60
41703,207288,0,1000,0,0,0,60,60
41704,0,0,2000,33480,0,0,60,60
41705,207357,0,0,41706,0,0,60,60
41706,207361,0,0,41707,0,0,60,60
41707,207369,0,0,41708,0,0,60,60
41708,207365,0,0,0,0,0,60,60
41709,207358,0,0,41710,0,0,60,60
41710,207362,0,0,41711,0,0,60,60
41711,207370,0,0,41712,0,0,60,60
41712,207366,0,0,0,0,0,60,60
41713,207359,0,0,41714,0,0,60,60
41714,207363,0,0,41715,0,0,60,60
41715,207371,0,0,41716,0,0,60,60
41716,207367,0,0,0,0,0,60,60
41717,207360,0,0,41718,0,0,60,60
41718,207364,0,0,41719,0,0,60,60
41719,207372,0,0,41720,0,0,60,60
41720,207368,0,0,0,0,0,60,60
41721,207324,0,0,41722,0,0,60,60
41722,207319,0,0,41723,0,0,60,60
41723,207332,0,0,41724,0,0,60,60
41724,207329,0,0,0,0,0,60,60
41729,207327,0,0,41730,0,0,60,60
41730,207321,0,0,41731,0,0,60,60
41731,207334,0,0,41732,0,0,60,60
41732,207331,0,0,0,0,0,60,60
41733,207328,0,0,41734,0,0,60,60
41734,207323,0,0,41735,0,0,60,60
41735,207335,0,0,41736,0,0,60,60
41736,207376,0,0,0,0,0,60,60
41737,207326,0,0,41738,0,0,60,60
41738,207320,0,0,41739,0,0,60,60
41739,207333,0,0,41740,0,0,60,60
41740,207330,0,0,0,0,0,60,60
41741,207348,0,0,41742,0,0,60,60
41742,207340,0,0,41743,0,0,60,60
41743,207356,0,0,41744,0,0,60,60
41744,207352,0,0,0,0,0,60,60
41745,207343,0,0,41746,0,0,60,60
41746,207342,0,0,41747,0,0,60,60
41747,207353,0,0,41748,0,0,60,60
41748,207349,0,0,0,0,0,60,60
41749,207345,0,0,41750,0,0,60,60
41750,207337,0,0,41751,0,0,60,60
41751,207354,0,0,41752,0,0,60,60
41752,207350,0,0,0,0,0,60,60
41753,207347,0,0,41754,0,0,60,60
41754,207339,0,0,41755,0,0,60,60
41755,207355,0,0,41756,0,0,60,60
41756,207351,0,0,0,0,0,60,60
41757,207295,0,0,41758,0,0,60,60
41758,207297,0,0,41759,0,0,60,60
41759,207294,0,0,41760,0,0,60,60
41760,207298,0,0,0,0,0,60,60
41761,207300,0,0,41762,0,0,60,60
41762,207301,0,0,41763,0,0,60,60
41763,207299,0,0,41764,0,0,60,60
41764,207302,0,0,0,0,0,60,60
41765,207304,0,0,41766,0,0,60,60
41766,207305,0,0,41767,0,0,60,60
41767,207303,0,0,41768,0,0,60,60
41768,207306,0,0,0,0,0,60,60
41769,207309,0,0,41770,0,0,60,60
41770,207311,0,0,41771,0,0,60,60
41771,207307,0,0,41772,0,0,60,60
41772,207313,0,0,0,0,0,60,60
41773,207310,0,0,41774,0,0,60,60
41774,207312,0,0,41775,0,0,60,60
41775,207308,0,0,41776,0,0,60,60
41776,207314,0,0,0,0,0,60,60
41777,207418,0,1000,0,0,0,60,60
41778,207419,0,1000,0,0,0,60,60
41781,207434,0,1000,0,0,0,60,60
41782,202277,0,0,41783,0,0,60,60
41783,202278,0,0,0,0,0,60,60
41785,0,0,1000,34178,0,0,60,60
41786,200441,0,0,0,0,0,60,60
41787,0,0,10000,39015,0,0,60,60
41788,0,0,5000,32441,0,0,60,60
41789,200592,0,1000,0,0,0,60,60
41796,201055,0,1000,41797,0,1,60,60
41797,201056,0,0,0,0,0,60,60
41798,0,0,3000,38668,0,0,60,60
41799,0,0,2000,41242,0,0,60,60
41800,199444,0,0,0,0,0,60,60
41801,202216,0,2000,41802,0,0,60,60
41802,202217,0,0,0,0,0,60,60
41803,199173,0,1000,0,0,0,60,60
41804,0,0,1000,30472,0,0,60,60
41805,0,0,1000,30478,0,0,60,60
41806,0,0,1000,30476,0,0,60,60
41807,200614,0,1000,0,0,0,60,60
41808,200615,0,1000,0,0,0,60,60
41809,199818,0,0,0,0,0,60,60
41810,199818,0,0,0,0,0,60,60
41811,199818,0,0,0,0,0,60,60
41814,0,0,0,0,0,0,60,60
41815,209303,0,500,43642,0,0,60,60
41817,207508,0,1000,41818,0,0,60,60
41818,207513,0,1000,41819,0,0,60,60
41819,207509,0,1000,41820,0,0,60,60
41820,207510,0,1000,41821,0,0,60,60
41821,207511,0,1000,41822,0,0,60,60
41822,207514,0,1000,41814,0,0,60,60
41823,207515,0,1000,41824,0,0,60,60
41824,207516,0,1000,41825,0,0,60,60
41825,207517,0,1000,0,0,0,60,60
41826,207521,0,1000,41827,0,0,60,60
41827,207522,0,1000,41828,0,0,60,60
41828,207523,0,1000,41829,0,0,60,60
41829,207524,0,1000,0,0,0,60,60
41830,0,0,2000,41823,0,0,60,60
41831,0,0,2000,41826,0,0,60,60
41832,207560,0,1000,41833,0,0,60,60
41833,207561,0,1000,41834,0,0,60,60
41834,207562,0,1000,41835,0,0,60,60
41835,207564,0,1000,41836,0,0,60,60
41836,207565,0,2000,41837,0,0,60,60
41837,207566,0,1000,0,0,0,60,60
41840,207579,0,0,41841,0,0,60,60
41841,207581,0,0,41852,0,0,60,60
41842,207577,0,0,41840,0,0,60,60
41843,207588,0,1000,0,0,0,60,60
41844,207589,0,1000,0,0,0,60,60
41845,207590,0,1000,0,0,0,60,60
41846,207591,0,1000,41847,0,0,60,60
41847,207593,0,0,0,0,0,60,60
41848,207595,0,1000,41849,0,0,60,60
41849,207596,0,0,0,0,0,60,60
41850,207598,0,1000,41851,0,0,60,60
41851,207599,0,1000,0,0,0,60,60
41852,207606,0,0,0,0,0,60,60
41854,207610,0,1000,41948,0,0,60,60
41855,207611,0,0,0,0,0,60,60
41856,207612,0,0,0,0,0,60,60
41857,207613,0,0,0,0,0,60,60
41858,207614,0,0,0,0,0,60,60
41859,207615,0,0,0,0,0,60,60
41860,207641,0,1000,45785,0,1,60,60
41861,207666,0,0,41878,0,0,60,60
41863,207650,0,0,0,0,0,60,60
41864,207651,0,1000,0,0,0,60,60
41865,207670,0,0,41881,0,0,60,60
41866,207663,0,0,41883,0,0,60,60
41868,207653,0,0,41869,0,0,60,60
41869,207654,0,0,41870,0,0,60,60
41870,207655,0,0,41871,0,0,60,60
41871,207656,0,0,0,0,0,60,60
41872,207657,0,1000,0,0,0,60,60
41874,207659,0,0,41875,0,0,60,60
41875,207660,0,0,0,0,0,60,60
41876,207661,0,0,0,0,0,60,60
41877,207662,0,0,0,0,0,60,60
41878,207667,0,0,41879,0,0,60,60
41879,207668,0,0,41880,0,0,60,60
41880,207669,0,0,0,0,0,60,60
41881,207671,0,0,41882,0,0,60,60
41882,207672,0,0,0,0,0,60,60
41883,207664,0,0,41884,0,0,60,60
41884,207665,0,0,0,0,0,60,60
41895,0,0,0,41832,0,0,60,60
41900,207687,0,1000,45767,0,0,60,60
41907,207715,0,0,41874,0,0,60,60
41908,207716,0,0,41909,0,0,60,60
41909,207717,0,0,41910,0,0,60,60
41910,207718,0,0,41912,0,0,60,60
41912,207719,0,0,41913,0,0,60,60
41913,207720,0,0,41914,0,0,60,60
41914,207721,0,0,41915,0,0,60,60
41915,207722,0,0,41916,0,0,60,60
41916,207723,0,0,0,0,3,60,60
41917,207725,0,1000,41918,0,0,60,60
41918,207726,0,1000,41919,0,0,60,60
41919,207727,0,1000,41949,0,0,60,60
41920,207741,0,1000,0,0,0,60,60
41922,207747,0,1000,41923,0,0,60,60
41923,207748,0,1000,41924,0,0,60,60
41924,207749,0,1000,41925,0,0,60,60
41925,207750,0,1000,45798,0,0,60,60
41929,207757,0,1000,41930,0,0,60,60
41930,207758,0,1000,41931,0,0,60,60
41931,207759,0,1000,0,0,0,60,60
41948,207800,0,1000,0,0,0,60,60
41949,207801,0,1000,45788,0,0,60,60
41950,207802,0,1000,0,0,0,60,60
41954,207809,0,1000,0,0,0,60,60
41955,207812,0,1000,0,0,0,60,60
41956,207813,0,1000,0,0,0,60,60
41957,207820,0,2000,0,0,0,60,60
41958,207837,0,1000,0,0,0,60,60
41960,207841,0,1000,0,0,1,60,60
41961,207956,0,1000,0,0,0,60,60
41962,207981,0,1000,0,0,0,60,60
41963,207982,0,1000,0,0,0,60,60
41964,207843,0,1000,0,0,0,60,60
41965,207844,0,1000,0,0,0,60,60
41966,0,0,5000,41964,0,5,60,60
41967,0,0,1500,41965,0,5,60,60
41968,0,0,0,41969,0,5,60,60
41969,207845,0,0,0,0,0,60,60
41971,207996,0,0,0,0,0,60,60
41972,207997,0,1000,0,0,0,60,60
41973,210381,0,1000,41972,0,0,60,60
41974,207999,0,1000,41991,0,0,60,60
41975,208000,0,0,0,0,0,60,60
41976,208001,0,0,0,0,0,60,60
41977,208002,0,0,0,0,0,60,60
41978,208003,0,0,0,0,0,60,60
41979,208004,0,0,0,0,0,60,60
41980,208005,0,0,41992,0,0,60,60
41981,208007,0,0,0,0,1,60,60
41982,208006,0,0,41981,0,0,60,60
41983,208008,0,0,41993,0,2,60,60
41984,208009,0,0,0,0,0,60,60
41985,208010,0,0,0,0,0,60,60
41986,208012,0,0,41987,0,0,60,60
41987,208011,0,0,0,0,0,60,60
41988,208013,0,0,0,0,0,60,60
41989,208014,0,0,0,0,0,60,60
41990,208015,0,0,0,0,0,60,60
41991,208016,0,0,0,0,0,60,60
41992,208018,0,0,0,0,2,60,60
41993,208019,0,0,0,0,0,60,60
42002,208068,0,1000,0,0,0,60,60
42003,208069,0,0,0,0,0,60,60
42008,208074,0,1000,0,0,0,60,60
42009,208075,0,1000,0,0,0,60,60
42010,208076,0,1000,0,0,0,60,60
42011,208077,0,1000,0,0,0,60,60
42013,208083,0,1000,0,0,0,60,60
42016,208081,0,1000,43149,0,0,60,60
42017,208082,0,1000,42016,0,4,60,60
42023,208091,0,1000,0,0,0,60,60
42024,210819,0,2000,0,0,0,60,60
42033,208108,0,0,42034,0,0,60,60
42034,208109,0,0,42035,0,0,60,60
42035,208111,0,0,42036,0,0,60,60
42036,208112,0,0,42039,0,0,60,60
42039,208115,0,0,0,0,0,60,60
42040,208118,0,2000,0,0,0,60,60
42041,208119,0,2000,0,0,0,60,60
42042,208116,0,0,42043,0,0,60,60
42043,208123,0,0,0,0,0,60,60
42044,208163,0,2000,0,0,0,60,60
42045,208167,0,1000,0,0,4,60,60
42050,208205,0,1000,0,0,0,60,60
42051,208209,0,1000,0,0,0,60,60
42052,208211,0,1000,0,0,0,60,60
42053,208192,0,1000,42054,0,1,60,60
42054,208256,0,1000,0,0,0,60,60
42055,0,0,3000,35557,0,0,60,60
42056,208262,0,0,42058,0,0,60,60
42058,208264,0,0,0,0,0,60,60
42059,208265,0,1000,0,0,0,60,60
42060,208266,0,1000,0,0,0,60,60
42063,208275,0,0,42064,0,0,60,60
42064,208287,0,0,42068,0,0,60,60
42068,208291,0,0,0,0,0,60,60
42070,208296,0,0,0,0,0,60,60
42072,208297,0,0,0,0,0,60,60
42073,208298,0,0,42074,0,0,60,60
42074,208299,0,0,42075,0,0,60,60
42075,208300,0,0,0,0,0,60,60
42076,208310,0,2000,42077,0,4,60,60
42077,208311,0,0,0,0,0,60,60
42078,208320,0,1000,42847,0,4,60,60
42079,208322,0,2000,42080,0,0,60,60
42080,208323,0,1000,42081,0,0,60,60
42081,208324,0,2000,42082,0,0,60,60
42082,208325,0,1000,42083,0,4,60,60
42083,208326,0,1000,42084,0,4,60,60
42084,208327,0,1000,42085,0,4,60,60
42085,208328,0,1000,43157,0,4,60,60
42086,208329,0,1000,0,0,4,60,60
42087,208341,0,2000,0,0,0,60,60
42091,208346,0,1000,42092,0,0,60,60
42092,208349,0,1000,0,0,0,60,60
42093,208345,0,0,42094,0,0,60,60
42094,208347,0,1000,42095,0,1,60,60
42095,208348,0,1000,43017,0,0,60,60
42096,208350,0,1000,0,0,0,60,60
42097,208355,0,1000,0,0,0,60,60
42098,207944,0,0,42099,0,0,60,60
42099,207945,0,0,42100,0,0,60,60
42100,207946,0,0,42101,0,0,60,60
42101,207947,0,0,42102,0,0,60,60
42102,207948,0,0,42103,0,0,60,60
42103,207949,0,0,42104,0,0,60,60
42104,207950,0,0,0,0,0,60,60
42105,207887,0,0,42106,0,0,60,60
42106,207888,0,0,42107,0,0,60,60
42107,207889,0,0,42108,0,0,60,60
42108,207890,0,0,42109,0,0,60,60
42109,207891,0,0,42110,0,0,60,60
42110,207892,0,0,42111,0,0,60,60
42111,207893,0,0,42112,0,0,60,60
42112,207894,0,0,42113,0,0,60,60
42113,207895,0,0,0,0,0,60,60
42114,208124,0,0,42115,0,0,60,60
42115,208125,0,0,42116,0,0,60,60
42116,208126,0,0,42117,0,0,60,60
42117,208127,0,0,42118,0,0,60,60
42118,208128,0,0,42119,0,0,60,60
42119,208129,0,0,0,0,0,60,60
42120,208145,0,0,42121,0,0,60,60
42121,208146,0,0,42122,0,0,60,60
42122,208147,0,0,42123,0,0,60,60
42123,208148,0,0,42124,0,0,60,60
42124,208149,0,0,42125,0,0,60,60
42125,208150,0,0,42126,0,0,60,60
42126,208151,0,0,42127,0,0,60,60
42127,208152,0,0,42128,0,0,60,60
42128,208153,0,0,42129,0,0,60,60
42129,208154,0,0,42130,0,0,60,60
42130,208155,0,0,0,0,0,60,60
42131,208130,0,0,42132,0,0,60,60
42132,208131,0,0,42133,0,0,60,60
42133,208132,0,0,42134,0,0,60,60
42134,208133,0,0,42135,0,0,60,60
42135,208134,0,0,42136,0,0,60,60
42136,208135,0,0,42137,0,0,60,60
42137,208136,0,0,42138,0,0,60,60
42138,208137,0,0,0,0,0,60,60
42139,207851,0,0,42140,0,0,60,60
42140,207852,0,0,42141,0,0,60,60
42141,207853,0,0,42142,0,0,60,60
42142,207854,0,0,42143,0,0,60,60
42143,207855,0,0,42144,0,0,60,60
42144,207856,0,0,42145,0,0,60,60
42145,207857,0,0,42146,0,0,60,60
42146,207858,0,0,42147,0,0,60,60
42147,207859,0,0,42148,0,0,60,60
42148,207860,0,0,42149,0,0,60,60
42149,207861,0,0,0,0,0,60,60
42150,208156,0,0,42151,0,0,60,60
42151,208157,0,0,42152,0,0,60,60
42152,208158,0,0,42153,0,0,60,60
42153,208159,0,0,42154,0,0,60,60
42154,208160,0,0,42155,0,0,60,60
42155,208161,0,0,42156,0,0,60,60
42156,208162,0,0,0,0,0,60,60
42157,207864,0,0,42158,0,0,60,60
42158,207865,0,0,42159,0,0,60,60
42159,207866,0,0,42160,0,0,60,60
42160,207867,0,0,42161,0,0,60,60
42161,207868,0,0,42162,0,0,60,60
42162,207869,0,0,42163,0,0,60,60
42163,207870,0,0,42164,0,0,60,60
42164,207871,0,0,42165,0,0,60,60
42165,207872,0,0,42166,0,0,60,60
42166,207873,0,0,0,0,0,60,60
42167,207896,0,0,42168,0,0,60,60
42168,207897,0,0,42169,0,0,60,60
42169,207898,0,0,42170,0,0,60,60
42170,207899,0,0,42171,0,0,60,60
42171,207900,0,0,42172,0,0,60,60
42172,207901,0,0,42173,0,0,60,60
42173,207902,0,0,0,0,0,60,60
42174,207874,0,0,42175,0,0,60,60
42175,207875,0,0,42176,0,0,60,60
42176,207876,0,0,42177,0,0,60,60
42177,207877,0,0,42178,0,0,60,60
42178,207878,0,0,42179,0,0,60,60
42179,207879,0,0,42180,0,0,60,60
42180,207880,0,0,42181,0,0,60,60
42181,207881,0,0,0,0,0,60,60
42182,208276,0,0,42183,0,0,60,60
42183,208277,0,0,42184,0,0,60,60
42184,208278,0,0,42185,0,0,60,60
42185,208279,0,0,42186,0,0,60,60
42186,208280,0,0,42187,0,0,60,60
42187,208281,0,0,42188,0,0,60,60
42188,208282,0,0,42189,0,0,60,60
42189,208283,0,0,42190,0,0,60,60
42190,208284,0,0,42191,0,0,60,60
42191,208285,0,0,42192,0,0,60,60
42192,208286,0,0,0,0,0,60,60
42193,208138,0,0,42194,0,0,60,60
42194,208139,0,0,42195,0,0,60,60
42195,208140,0,0,42196,0,0,60,60
42196,208141,0,0,42197,0,0,60,60
42197,208142,0,0,42198,0,0,60,60
42198,208143,0,0,0,0,0,60,60
42199,207929,0,0,42200,0,0,60,60
42200,207930,0,0,42201,0,0,60,60
42201,207931,0,0,42202,0,0,60,60
42202,207932,0,0,42203,0,0,60,60
42203,207933,0,0,42204,0,0,60,60
42204,207934,0,0,0,0,0,60,60
42205,207935,0,0,42206,0,0,60,60
42206,207936,0,0,42207,0,0,60,60
42207,207937,0,0,42208,0,0,60,60
42208,207938,0,0,42209,0,0,60,60
42209,207939,0,0,42210,0,0,60,60
42210,207940,0,0,42211,0,0,60,60
42211,207941,0,0,42212,0,0,60,60
42212,207942,0,0,42213,0,0,60,60
42213,207943,0,0,0,0,0,60,60
42214,208365,0,2000,42215,0,0,60,60
42215,208366,0,2000,42216,0,0,60,60
42216,208367,0,2000,42217,0,0,60,60
42217,208368,0,2000,0,0,0,60,60
42222,0,0,3000,42214,0,0,60,60
42223,208395,0,0,42224,0,0,60,60
42224,208396,0,0,42225,0,0,60,60
42225,208398,0,0,42226,0,0,60,60
42226,208399,0,0,0,0,0,60,60
42227,208373,0,3000,42229,0,0,60,60
42229,208375,0,2000,42231,0,0,60,60
42231,208378,0,1000,0,0,0,60,60
42233,0,0,1000,42234,0,0,60,60
42234,208428,0,1000,42235,0,4,60,60
42235,208429,0,1000,42237,0,0,60,60
42237,208431,0,1000,42238,0,4,60,60
42238,208432,0,2000,42239,0,0,60,60
42239,208433,0,0,42242,0,0,60,60
42242,208436,0,1000,0,0,0,60,60
42243,208490,0,1000,43000,0,0,60,60
42248,210518,0,1000,43012,0,0,60,60
42252,208516,0,0,42253,0,0,60,60
42253,208517,0,0,0,0,0,60,60
42254,208518,0,0,0,0,0,60,60
42255,208558,0,1000,0,0,0,60,60
42256,208477,0,1000,42257,0,0,60,60
42257,208478,0,1000,0,0,0,60,60
42259,208532,0,3000,42260,0,0,60,60
42260,208534,0,3000,42261,0,0,60,60
42261,208537,0,3000,42263,0,0,60,60
42263,208542,0,3000,42264,0,0,60,60
42264,208549,0,1000,0,0,0,60,60
42265,208595,0,1000,0,0,0,60,60
42266,208526,0,1000,42267,0,0,60,60
42267,208527,0,1000,42268,0,4,60,60
42268,208528,0,1000,42273,0,0,60,60
42273,208535,0,1000,42274,0,0,60,60
42274,208536,0,1000,42276,0,0,60,60
42276,208540,0,0,42277,0,0,60,60
42277,208541,0,0,0,0,0,60,60
42279,0,0,1000,42266,0,0,60,60
42280,0,0,1000,42281,0,0,60,60
42281,208544,0,1000,42288,0,4,60,60
42288,208565,0,1000,42289,0,0,60,60
42289,208566,0,1000,42290,0,0,60,60
42290,208568,0,1000,42291,0,0,60,60
42291,208569,0,1000,0,0,0,60,60
42292,208712,0,1000,42293,0,0,60,60
42293,208713,0,1000,42294,0,0,60,60
42294,208714,0,1000,0,0,0,60,60
42298,208465,0,1000,42299,0,0,60,60
42299,208466,0,1000,0,0,0,60,60
42303,208470,0,1000,42304,0,0,60,60
42304,208471,0,1000,0,0,0,60,60
42306,210968,0,1000,42307,0,0,60,60
42307,210969,0,1000,0,0,0,60,60
42309,208519,0,1000,42310,0,0,60,60
42310,208521,0,1000,0,0,0,60,60
42311,208783,0,1000,0,0,0,60,60
42312,208786,0,3000,0,0,0,60,60
42313,208792,0,0,42314,0,0,60,60
42314,208801,0,0,0,0,0,60,60
42316,208803,0,0,42317,0,0,60,60
42317,208805,0,0,42318,0,0,60,60
42318,208806,0,0,0,0,0,60,60
42321,208807,0,1000,42322,0,0,60,60
42322,208808,0,1000,42323,0,0,60,60
42323,208809,0,1000,0,0,0,60,60
42324,208814,0,500,42326,0,0,60,60
42326,208816,0,500,42327,0,0,60,60
42327,208817,0,500,43322,0,0,60,60
42328,208818,0,500,42331,0,0,60,60
42330,208820,0,0,42328,0,0,60,60
42331,208821,0,500,42332,0,0,60,60
42332,208822,0,0,0,0,0,60,60
42333,0,0,8000,42334,0,0,60,60
42334,208743,0,2000,42335,0,4,60,60
42335,208744,0,2000,42336,0,4,60,60
42336,208745,0,1000,42658,0,0,60,60
42338,208827,0,2000,42339,0,0,60,60
42339,208747,0,2000,42340,0,4,60,60
42340,208748,0,1000,0,0,0,60,60
42341,208830,0,1000,0,0,0,60,60
42350,208759,0,1000,42351,0,0,60,60
42351,208760,0,1000,42352,0,0,60,60
42352,208761,0,500,42353,0,0,60,60
42353,208762,0,0,0,0,0,60,60
42354,208841,0,1000,0,0,0,60,60
42355,208842,0,1000,42356,0,0,60,60
42356,208843,0,1000,42357,0,0,60,60
42357,208844,0,1000,42358,0,0,60,60
42358,208845,0,1000,43338,0,0,60,60
42359,208846,0,4000,42360,0,0,60,60
42360,208848,0,1000,42362,0,0,60,60
42361,208849,0,1000,42363,0,0,60,60
42362,208850,0,1000,42361,0,0,60,60
42363,208855,0,1000,0,0,0,60,60
42364,208868,0,1000,0,0,0,60,60
42365,208877,0,1000,42366,0,0,60,60
42366,208879,0,1000,42367,0,0,60,60
42367,208880,0,1000,0,0,0,60,60
42370,208926,0,1000,42371,0,0,60,60
42371,208927,0,0,42372,0,0,60,60
42372,208928,0,0,42373,0,0,60,60
42373,208929,0,0,42374,0,0,60,60
42374,208930,0,0,42376,0,0,60,60
42375,208939,0,1000,42758,0,0,60,60
42376,0,0,0,42375,0,0,60,60
42377,0,0,0,0,0,0,60,60
42382,0,0,1000,42370,0,0,60,60
42383,208957,0,1000,42384,0,1,60,60
42384,208955,0,1000,42385,0,1,60,60
42385,208965,0,1000,42386,0,0,60,60
42386,208963,0,1000,42387,0,0,60,60
42387,208966,0,1000,0,0,0,60,60
42390,208907,0,0,0,0,0,60,60
42391,208908,0,0,0,0,0,60,60
42392,208909,0,0,0,0,0,60,60
42393,209029,0,1000,42396,0,0,60,60
42395,209031,0,1000,42397,0,0,60,60
42396,209032,0,1000,42395,0,0,60,60
42397,209033,0,1000,0,0,0,60,60
42398,209068,0,1000,0,0,0,60,60
42399,209062,0,1000,42400,0,1,60,60
42400,209063,0,1000,42401,0,1,60,60
42401,209064,0,1000,42402,0,1,60,60
42402,209065,0,1000,42403,0,1,60,60
42403,209066,0,1000,0,0,1,60,60
42404,184601,0,0,42405,0,0,60,60
42405,190911,0,0,0,0,0,60,60
42406,209073,0,1000,0,0,0,60,60
42407,209081,0,1000,0,0,0,60,60
42409,209088,0,1000,43006,0,0,60,60
42410,208763,0,2000,42411,0,0,60,60
42411,208764,0,2000,42412,0,0,60,60
42412,208765,0,2000,42413,0,0,60,60
42413,208766,0,2000,42414,0,0,60,60
42414,208767,0,2000,42416,0,0,60,60
42416,208769,0,2000,42419,0,0,60,60
42419,208772,0,2000,42420,0,0,60,60
42420,208773,0,2000,42422,0,0,60,60
42422,208775,0,1000,42423,0,0,60,60
42423,208776,0,2000,42424,0,0,60,60
42424,208777,0,2000,0,0,0,60,60
42425,208889,0,1000,0,0,0,60,60
42428,209108,0,1000,42429,0,0,60,60
42429,209109,0,1000,0,0,0,60,60
42431,209107,0,0,43306,0,0,60,60
42435,209119,0,0,42436,0,0,60,60
42436,209120,0,0,0,0,0,60,60
42438,209110,0,1000,42439,0,0,60,60
42439,209111,0,1000,0,0,0,60,60
42442,209252,0,1000,42541,0,0,60,60
42444,209254,0,1000,0,0,0,60,60
42445,209153,0,1000,42446,0,0,60,60
42446,209154,0,1000,0,0,0,60,60
42447,209156,0,1000,43152,0,0,60,60
42448,209256,0,1000,42499,0,0,60,60
42449,209258,0,1000,0,0,0,60,60
42450,209269,0,1000,42451,0,0,60,60
42451,209270,0,1000,0,0,0,60,60
42452,209160,0,0,0,0,0,60,60
42453,209161,0,0,0,0,0,60,60
42457,209162,0,0,0,0,1,60,60
42458,209164,0,0,0,0,1,60,60
42459,209163,0,0,0,0,1,60,60
42460,209173,0,0,42461,0,1,60,60
42461,209174,0,0,0,0,1,60,60
42462,209193,0,1000,0,0,0,60,60
42463,208454,0,0,42464,0,0,60,60
42464,208455,0,0,42465,0,0,60,60
42465,208456,0,0,0,0,0,60,60
42466,208464,0,0,0,0,0,60,60
42467,208480,0,0,0,0,0,60,60
42468,208481,0,0,0,0,0,60,60
42469,208482,0,0,0,0,0,60,60
42470,208483,0,0,0,0,0,60,60
42471,208484,0,0,0,0,0,60,60
42472,209215,0,1000,42473,0,0,60,60
42473,209216,0,1000,42474,0,0,60,60
42474,209217,0,1000,42475,0,0,60,60
42475,209218,0,1000,42476,0,0,60,60
42476,209219,0,1000,0,0,0,60,60
42477,208452,0,1000,42478,0,0,60,60
42478,208453,0,0,0,0,0,60,60
42480,209303,0,0,42481,0,0,60,60
42481,209304,0,0,0,0,0,60,60
42486,209221,0,500,42493,0,0,60,60
42487,209227,0,0,0,0,0,60,60
42488,209225,0,0,42495,0,0,60,60
42489,209228,0,0,0,0,0,60,60
42490,209226,0,1000,0,0,0,60,60
42491,209222,0,0,42494,0,0,60,60
42492,209229,0,0,0,0,0,60,60
42493,209220,0,500,42487,0,0,60,60
42494,209224,0,0,42492,0,0,60,60
42495,209223,0,0,42489,0,0,60,60
42496,209233,0,1000,0,0,0,60,60
42497,209234,0,1000,0,0,0,60,60
42498,209235,0,1000,0,0,0,60,60
42499,209257,0,1000,42449,0,0,60,60
42500,209236,0,1000,42501,0,0,60,60
42501,209237,0,1000,42502,0,0,60,60
42502,209238,0,0,42503,0,0,60,60
42503,209239,0,0,42504,0,0,60,60
42504,209240,0,0,42505,0,0,60,60
42505,209241,0,0,42506,0,0,60,60
42506,209242,0,0,0,0,0,60,60
42507,209243,0,1000,42508,0,0,60,60
42508,209245,0,1000,42509,0,0,60,60
42509,209246,0,0,0,0,0,60,60
42510,208495,0,0,43429,0,0,60,60
42515,208600,0,0,42516,0,0,60,60
42516,208604,0,0,42518,0,0,60,60
42518,208610,0,0,42520,0,0,60,60
42520,208613,0,0,0,0,0,60,60
42523,208616,0,0,0,0,0,60,60
42525,208618,0,0,42526,0,0,60,60
42526,208619,0,0,0,0,0,60,60
42527,208620,0,0,42528,0,0,60,60
42528,208621,0,0,0,0,0,60,60
42531,208624,0,0,0,0,0,60,60
42538,208632,0,2400,42539,0,0,60,60
42539,208633,0,0,0,0,0,60,60
42540,208634,0,0,0,0,0,60,60
42541,209253,0,1000,42444,0,0,60,60
42542,209260,0,5000,42543,0,0,60,60
42543,209266,0,3000,42544,0,0,60,60
42544,209262,0,3000,0,0,0,60,60
42547,209271,0,1000,0,0,0,60,60
42548,208637,0,0,42550,0,0,60,60
42550,208659,0,0,42552,0,0,60,60
42552,208665,0,0,42553,0,0,60,60
42553,208672,0,0,0,0,0,60,60
42555,208674,0,0,42556,0,0,60,60
42556,208675,0,0,42557,0,0,60,60
42557,208676,0,0,0,0,0,60,60
42559,208785,0,0,0,0,0,60,60
42560,209278,0,2000,42561,0,0,60,60
42561,209279,0,2000,0,0,0,60,60
42562,209277,0,4000,0,0,0,60,60
42564,209282,0,1000,0,0,4,60,60
42565,209283,0,1000,0,0,4,60,60
42566,209287,0,1000,42879,0,0,60,60
42568,209296,0,1000,42570,0,0,60,60
42570,209297,0,1000,42571,0,0,60,60
42571,209299,0,1000,42572,0,0,60,60
42572,209300,0,1000,42573,0,0,60,60
42573,209301,0,1000,42574,0,0,60,60
42574,209302,0,1000,0,0,0,60,60
42575,209144,0,0,42576,0,0,60,60
42576,209145,0,0,42577,0,0,60,60
42577,209146,0,0,0,0,0,60,60
42578,209152,0,0,0,0,0,60,60
42581,209150,0,0,42582,0,0,60,60
42582,209155,0,0,42583,0,0,60,60
42583,0,0,4000,42584,0,0,60,60
42584,209176,0,0,0,0,0,60,60
42585,209151,0,0,43136,0,0,60,60
42586,209180,0,0,42587,0,0,60,60
42587,209181,0,0,42588,0,0,60,60
42588,0,0,4000,42589,0,0,60,60
42589,209183,0,0,0,0,0,60,60
42592,209198,0,0,42593,0,0,60,60
42593,209199,0,0,42594,0,0,60,60
42594,209200,0,0,42595,0,0,60,60
42595,0,0,4000,42596,0,0,60,60
42596,209201,0,0,0,0,0,60,60
42597,209106,0,0,0,0,0,60,60
42598,209937,0,1000,42599,0,0,60,60
42599,209322,0,1000,42600,0,0,60,60
42600,209323,0,1000,42601,0,0,60,60
42601,209324,0,0,0,0,0,60,60
42602,209629,0,1000,42603,0,0,60,60
42603,209272,0,1000,0,0,0,60,60
42610,209325,0,1000,42611,0,0,60,60
42611,209326,0,0,0,0,0,60,60
42612,209328,0,1000,42613,0,0,60,60
42613,209329,0,1000,0,0,0,60,60
42614,209331,0,1000,42880,0,0,60,60
42615,209332,0,1000,42881,0,0,60,60
42618,208363,0,4500,0,0,1,60,60
42620,203120,0,1000,42621,0,0,60,60
42621,190113,0,0,0,0,0,60,60
42622,208419,0,4500,0,0,1,60,60
42624,208832,0,4500,42625,0,1,60,60
42625,208831,0,0,0,0,1,60,60
42626,208749,0,2000,42627,0,4,60,60
42627,208750,0,2000,42629,0,4,60,60
42629,208752,0,2000,43244,0,4,60,60
42632,211068,0,2000,42633,0,4,60,60
42633,208758,0,2000,0,0,4,60,60
42634,209485,0,2000,0,0,0,60,60
42635,209486,0,2000,0,0,0,60,60
42636,209487,0,2000,0,0,0,60,60
42637,209488,0,2000,0,0,0,60,60
42638,209362,0,2000,42639,0,0,60,60
42639,209363,0,2000,42640,0,0,60,60
42640,209364,0,2000,42641,0,0,60,60
42641,209365,0,2000,42642,0,0,60,60
42642,209366,0,2000,0,0,0,60,60
42647,211029,0,0,0,0,0,60,60
42648,210866,0,500,42649,0,0,60,60
42649,210867,0,1000,42650,0,0,60,60
42650,210868,0,1000,0,0,0,60,60
42656,209380,0,0,42657,0,0,60,60
42657,209381,0,0,0,0,0,60,60
42658,0,0,25000,42626,0,0,60,60
42659,194794,0,9000,42660,0,1,60,60
42660,192957,0,3000,0,0,1,60,60
42661,180702,0,1000,0,0,0,60,60
42663,179896,0,1000,42664,0,0,60,60
42664,180045,0,0,0,0,0,60,60
42665,209420,0,1000,42666,0,0,60,60
42666,209421,0,1000,42668,0,0,60,60
42667,209422,0,1000,0,0,0,60,60
42668,209423,0,1000,42667,0,0,60,60
42669,209431,0,1000,0,0,0,60,60
42670,0,0,3000,42671,0,0,60,60
42671,194490,0,1000,0,0,0,60,60
42672,209512,0,0,42673,0,0,60,60
42673,209513,0,0,0,0,1,60,60
42674,209514,0,0,0,0,0,60,60
42675,209523,0,1000,0,0,0,60,60
42677,209524,0,1000,42680,0,0,60,60
42678,209525,0,1000,42679,0,0,60,60
42679,209526,0,1000,42681,0,0,60,60
42680,0,0,0,42678,0,0,60,60
42681,0,0,0,0,0,0,60,60
42682,209443,0,1000,0,0,0,60,60
42683,209446,0,1000,0,0,0,60,60
42684,209451,0,3000,0,0,0,60,60
42686,209458,0,1000,0,0,0,60,60
42687,209459,0,1000,0,0,0,60,60
42688,209464,0,1000,0,0,0,60,60
42689,209453,0,1000,0,0,0,60,60
42690,209454,0,1000,0,0,0,60,60
42691,209455,0,1000,0,0,0,60,60
42692,209447,0,1000,0,0,0,60,60
42693,209449,0,1000,0,0,0,60,60
42694,209450,0,1000,0,0,0,60,60
42697,209606,0,1000,0,0,0,60,60
42698,209582,0,1000,0,0,0,60,60
42699,209265,0,3000,42602,0,0,60,60
42700,209936,0,1000,0,0,0,60,60
42701,209689,0,0,42702,0,0,60,60
42702,191880,0,1000,0,0,0,60,60
42703,209637,0,1000,42704,0,0,60,60
42704,209638,0,1000,42705,0,0,60,60
42705,209639,0,1000,0,0,0,60,60
42707,209642,0,0,42708,0,0,60,60
42708,209644,0,0,0,0,0,60,60
42710,209646,0,1000,0,0,0,60,60
42711,209647,0,0,42712,0,0,60,60
42712,209648,0,0,42713,0,0,60,60
42713,209649,0,0,42714,0,0,60,60
42714,209650,0,0,42715,0,0,60,60
42715,209651,0,0,0,0,0,60,60
42716,209652,0,0,42717,0,0,60,60
42717,209653,0,0,42718,0,0,60,60
42718,209654,0,0,42719,0,0,60,60
42719,209655,0,0,0,0,0,60,60
42720,209660,0,1000,42721,0,0,60,60
42721,209661,0,1000,0,0,0,60,60
42722,209685,0,1000,42724,0,0,60,60
42724,209686,0,1000,0,0,0,60,60
42725,184847,0,0,0,0,0,60,60
42726,209692,0,1000,0,0,0,60,60
42732,209700,0,1000,42733,0,0,60,60
42733,209701,0,1000,0,0,0,60,60
42734,209702,0,1000,0,0,0,60,60
42735,209705,0,1000,42736,0,0,60,60
42736,209690,0,1000,0,0,0,60,60
42737,209707,0,1000,42738,0,0,60,60
42738,209708,0,1000,43435,0,0,60,60
42743,209712,0,0,0,0,0,60,60
42744,209780,0,0,42745,0,0,60,60
42745,209781,0,0,42755,0,0,60,60
42746,209782,0,0,42756,0,0,60,60
42747,209765,0,1000,42748,0,0,60,60
42748,209766,0,1000,0,0,0,60,60
42749,209770,0,1000,0,0,0,60,60
42750,0,0,1000,42753,0,0,60,60
42753,209773,0,0,42754,0,0,60,60
42754,209774,0,1000,0,0,0,60,60
42755,0,0,1000,42746,0,0,60,60
42756,209783,0,0,42757,0,0,60,60
42757,209778,0,0,0,0,0,60,60
42758,0,0,0,42759,0,0,60,60
42759,209808,0,1000,42377,0,0,60,60
42760,209802,0,1000,0,0,0,60,60
42761,209763,0,1000,0,0,0,60,60
42762,209801,0,1000,0,0,0,60,60
42763,209804,0,1000,0,0,0,60,60
42764,209803,0,1000,0,0,0,60,60
42765,209779,0,1000,0,0,0,60,60
42766,209776,0,1000,0,0,0,60,60
42767,209786,0,1000,0,0,0,60,60
42768,209768,0,1000,0,0,0,60,60
42769,209792,0,1000,0,0,0,60,60
42770,209762,0,1000,0,0,0,60,60
42772,190005,0,0,0,0,0,60,60
42773,192768,0,1000,42774,0,0,60,60
42774,186350,0,0,0,0,0,60,60
42775,185718,0,0,0,0,0,60,60
42776,209821,0,1000,0,0,0,60,60
42781,209825,0,1000,42782,0,0,60,60
42782,209826,0,1000,42783,0,0,60,60
42783,209827,0,3000,42794,0,0,60,60
42789,209822,0,1000,42790,0,0,60,60
42790,209823,0,1000,42781,0,0,60,60
42793,209861,0,1000,0,0,0,60,60
42794,209879,0,0,0,0,0,60,60
42795,209883,0,1000,42796,0,0,60,60
42796,209884,0,1000,0,0,0,60,60
42797,209892,0,1000,0,0,0,60,60
42798,209888,0,1000,42799,0,0,60,60
42799,209889,0,1000,42800,0,0,60,60
42800,209890,0,1000,0,0,0,60,60
42801,209880,0,1000,42803,0,0,60,60
42802,0,0,1000,42801,0,0,60,60
42803,209881,0,1000,42804,0,0,60,60
42804,209882,0,1000,42805,0,0,60,60
42805,209885,0,1000,42806,0,0,60,60
42806,209886,0,1000,42808,0,0,60,60
42807,209893,0,0,0,0,0,60,60
42808,0,0,0,42807,0,0,60,60
42809,209896,0,0,0,0,0,60,60
42810,209897,0,0,0,0,0,60,60
42811,209898,0,0,43597,0,0,60,60
42812,209899,0,1000,42813,0,0,60,60
42813,209900,0,1000,42814,0,0,60,60
42814,209901,0,1000,42815,0,0,60,60
42815,209903,0,0,0,0,0,60,60
42816,209908,0,500,42817,0,0,60,60
42817,209909,0,500,42818,0,0,60,60
42818,209910,0,0,0,0,0,60,60
42819,209633,0,1000,42820,0,0,60,60
42820,209935,0,1000,43430,0,0,60,60
42821,208351,0,1000,42822,0,0,60,60
42822,209939,0,1000,0,0,0,60,60
42824,209948,0,1000,42825,0,0,60,60
42825,209949,0,1000,42827,0,0,60,60
42827,209951,0,1000,42828,0,0,60,60
42828,209952,0,1000,42832,0,0,60,60
42829,209953,0,1000,42833,0,0,60,60
42830,209954,0,1000,42834,0,0,60,60
42831,209955,0,1000,0,0,0,60,60
42832,0,0,0,42829,0,0,60,60
42833,0,0,0,42830,0,0,60,60
42834,0,0,1000,42831,0,0,60,60
42835,209974,0,1000,0,0,0,60,60
42836,209978,0,1000,0,0,0,60,60
42838,209206,0,1000,42839,0,0,60,60
42839,209207,0,1000,42840,0,0,60,60
42840,209208,0,1000,42841,0,0,60,60
42841,209209,0,1000,42842,0,0,60,60
42842,209210,0,1000,0,0,0,60,60
42843,210004,0,1000,0,0,0,60,60
42844,210005,0,1000,0,0,1,60,60
42847,210012,0,1000,0,0,0,60,60
42848,210013,0,1000,42849,0,0,60,60
42849,210014,0,1000,42850,0,0,60,60
42850,210015,0,1000,0,0,0,60,60
42851,210016,0,1000,42852,0,0,60,60
42852,210017,0,1000,42853,0,0,60,60
42853,210018,0,1000,0,0,0,60,60
42854,210019,0,1000,0,0,0,60,60
42877,210027,0,1000,42878,0,4,60,60
42878,210028,0,1000,0,0,4,60,60
42879,210030,0,1000,42614,0,0,60,60
42880,210031,0,1000,42615,0,0,60,60
42881,210032,0,1000,42882,0,0,60,60
42882,210033,0,1000,42884,0,0,60,60
42884,210035,0,1000,42885,0,0,60,60
42885,210036,0,1000,42886,0,0,60,60
42886,210037,0,1000,42887,0,0,60,60
42887,210038,0,1000,0,0,0,60,60
42890,210042,0,1000,0,0,0,60,60
42891,210045,0,1000,42892,0,0,60,60
42892,210046,0,1000,0,0,0,60,60
42893,210047,0,1000,42894,0,0,60,60
42894,210048,0,1000,42895,0,0,60,60
42895,210049,0,1000,0,0,0,60,60
42896,210050,0,1000,42897,0,0,60,60
42897,210051,0,1000,0,0,0,60,60
42898,210052,0,1000,42899,0,0,60,60
42899,210053,0,1000,0,0,0,60,60
42900,210054,0,1000,42901,0,0,60,60
42901,210055,0,1000,42902,0,0,60,60
42902,210056,0,1000,42903,0,0,60,60
42903,210057,0,1000,0,0,0,60,60
42904,210058,0,1000,42905,0,0,60,60
42905,210059,0,1000,0,0,0,60,60
42906,210066,0,1000,0,0,0,60,60
42907,210068,0,1000,0,0,0,60,60
42908,209133,0,1000,0,0,0,60,60
42909,209979,0,1000,0,0,0,60,60
42911,210119,0,1000,0,0,1,60,60
42912,210121,0,1000,0,0,1,60,60
42913,209980,0,1000,0,0,0,60,60
42915,210126,0,1000,42916,0,0,60,60
42916,210535,0,0,0,0,0,60,60
42917,210158,0,1000,42918,0,0,60,60
42918,210159,0,1000,0,0,0,60,60
42920,210180,0,1000,42921,0,1,60,60
42921,210181,0,1000,0,0,1,60,60
42922,0,0,0,42920,0,0,60,60
42923,210190,0,1000,42924,0,1,60,60
42924,210191,0,1000,42925,0,1,60,60
42925,210193,0,1000,0,0,1,60,60
42926,210194,0,0,42927,0,0,60,60
42927,210195,0,0,42928,0,0,60,60
42928,210197,0,0,42929,0,0,60,60
42929,210198,0,0,42930,0,0,60,60
42930,210200,0,0,42931,0,0,60,60
42931,210202,0,0,42932,0,0,60,60
42932,210204,0,0,42933,0,0,60,60
42933,210205,0,0,0,0,0,60,60
42934,210210,0,1000,43321,0,0,60,60
42935,208071,0,0,43023,0,0,60,60
42936,208072,0,2000,0,0,0,60,60
42939,210212,0,1000,0,0,0,60,60
42940,0,0,1000,42941,0,0,60,60
42941,210189,0,0,0,0,0,60,60
42942,0,0,1000,42943,0,0,60,60
42943,210203,0,0,0,0,0,60,60
42944,0,0,1000,42945,0,0,60,60
42945,210206,0,0,0,0,0,60,60
42946,0,0,1000,42947,0,0,60,60
42947,210209,0,0,0,0,0,60,60
42948,210219,0,1000,42949,0,0,60,60
42949,210220,0,1000,42950,0,0,60,60
42950,210221,0,1000,42951,0,0,60,60
42951,210223,0,1000,42952,0,0,60,60
42952,210224,0,1000,42955,0,0,60,60
42955,210227,0,1000,42956,0,0,60,60
42956,210228,0,1000,42957,0,0,60,60
42957,210229,0,1000,0,0,0,60,60
42958,210259,0,1000,42959,0,0,60,60
42959,210260,0,1000,42960,0,0,60,60
42960,210267,0,1000,42961,0,0,60,60
42961,210268,0,1000,42962,0,0,60,60
42962,210269,0,1000,42963,0,0,60,60
42963,210270,0,1000,42964,0,0,60,60
42964,210272,0,1000,42965,0,0,60,60
42965,210273,0,1000,42966,0,0,60,60
42966,210274,0,1000,0,0,0,60,60
42967,210302,0,1000,0,0,0,60,60
42968,207998,0,1000,42967,0,0,60,60
42970,210332,0,1000,0,0,0,60,60
42973,210337,0,1000,0,0,0,60,60
42976,210372,0,1000,42977,0,0,60,60
42977,210374,0,1000,0,0,1,60,60
42978,210396,0,1000,42979,0,0,60,60
42979,210397,0,0,0,0,0,60,60
42980,210398,0,0,0,0,0,60,60
42981,210404,0,1000,42982,0,0,60,60
42982,210405,0,1000,42983,0,0,60,60
42983,210406,0,0,0,0,0,60,60
42984,210408,0,1000,42985,0,0,60,60
42985,210409,0,1000,42986,0,0,60,60
42986,210411,0,1000,42987,0,0,60,60
42987,210412,0,1000,42988,0,0,60,60
42988,210413,0,1000,42989,0,0,60,60
42989,210414,0,1000,42990,0,0,60,60
42990,210415,0,1000,0,0,0,60,60
42991,208823,0,0,42992,0,0,60,60
42992,208824,0,0,0,0,0,60,60
42993,208825,0,0,42994,0,0,60,60
42994,208863,0,0,42995,0,0,60,60
42995,208864,0,0,0,0,0,60,60
42996,0,0,5000,42637,0,0,60,60
43000,208498,0,0,0,0,0,60,60
43001,210520,0,1000,0,0,0,60,60
43002,210522,0,1000,0,0,0,60,60
43003,210521,0,1000,0,0,0,60,60
43004,208071,0,1000,0,0,0,60,60
43006,210527,0,1000,43007,0,0,60,60
43007,210528,0,0,0,0,0,60,60
43008,210474,0,1000,43010,0,0,60,60
43009,210476,0,1000,43008,0,0,60,60
43010,210513,0,1000,43011,0,0,60,60
43011,210514,0,1000,0,0,0,60,60
43012,208510,0,1000,0,0,0,60,60
43013,208451,0,0,0,0,0,60,60
43015,210599,0,1000,0,0,0,60,60
43016,210626,0,1000,0,0,0,60,60
43017,210631,0,0,0,0,0,60,60
43018,210632,0,0,0,0,0,60,60
43019,210536,0,0,0,0,0,60,60
43020,210129,0,1000,0,0,1,60,60
43021,210633,0,0,0,0,0,60,60
43022,0,0,1000,43021,0,0,60,60
43023,0,0,0,42936,0,0,60,60
43024,210416,0,1000,43025,0,0,60,60
43025,210418,0,1000,43026,0,0,60,60
43026,210420,0,4000,44214,0,0,60,60
43027,210422,0,1000,0,0,0,60,60
43028,210423,0,1000,43029,0,0,60,60
43029,210424,0,1000,43030,0,0,60,60
43030,210425,0,1000,43031,0,0,60,60
43031,210426,0,1000,43032,0,0,60,60
43032,210427,0,1000,43033,0,0,60,60
43033,210428,0,1000,0,0,0,60,60
43034,210496,0,1000,0,0,0,60,60
43036,210497,0,1000,0,0,0,60,60
43037,210403,0,1000,0,0,0,60,60
43038,210488,0,1000,0,0,0,60,60
43039,210489,0,1000,0,0,0,60,60
43040,210490,0,1000,0,0,0,60,60
43041,210491,0,1000,0,0,0,60,60
43042,210492,0,1000,0,0,0,60,60
43043,210493,0,1000,0,0,0,60,60
43044,210686,0,1000,44149,0,0,60,60
43045,208177,0,0,43046,0,0,60,60
43046,208179,0,0,43047,0,0,60,60
43047,208178,0,0,0,0,0,60,60
43048,210407,0,0,43049,0,0,60,60
43049,210417,0,0,43050,0,0,60,60
43050,210421,0,0,43051,0,0,60,60
43051,210629,0,0,43052,0,0,60,60
43052,210419,0,0,43053,0,0,60,60
43053,210127,0,0,0,0,0,60,60
43054,210706,0,1000,0,0,0,60,60
43055,210720,0,1000,0,0,0,60,60
43056,210722,0,1000,0,0,0,60,60
43057,210232,0,1000,43058,0,0,60,60
43058,210233,0,1000,0,0,0,60,60
43059,210595,0,1000,0,0,0,60,60
43060,210231,0,1000,0,0,0,60,60
43061,198362,0,0,0,0,0,60,60
43062,210600,0,1000,43063,0,0,60,60
43063,210601,0,1000,43064,0,0,60,60
43064,210602,0,1000,43065,0,0,60,60
43065,210603,0,1000,0,0,0,60,60
43066,210731,0,0,43067,0,0,60,60
43067,210732,0,0,43068,0,0,60,60
43068,210733,0,0,43069,0,0,60,60
43069,210734,0,0,0,0,0,60,60
43070,210737,0,0,43071,0,0,60,60
43071,210738,0,0,0,0,0,60,60
43072,210764,0,1000,43073,0,0,60,60
43073,210765,0,1000,43074,0,0,60,60
43074,210766,0,1000,43075,0,0,60,60
43075,210767,0,1000,43076,0,0,60,60
43076,210768,0,1000,43077,0,0,60,60
43077,210769,0,1000,43078,0,0,60,60
43078,210770,0,1000,0,0,2,60,60
43079,210775,0,1000,43080,0,0,60,60
43080,210776,0,1000,43081,0,0,60,60
43081,210777,0,1000,43082,0,0,60,60
43082,210778,0,1000,43083,0,0,60,60
43083,210779,0,1000,43084,0,0,60,60
43084,210780,0,1000,43085,0,0,60,60
43085,210781,0,1000,43086,0,0,60,60
43086,210782,0,1000,43087,0,0,60,60
43087,210783,0,1000,0,0,0,60,60
43088,210618,0,0,43089,0,0,60,60
43089,210619,0,0,0,0,0,60,60
43090,210620,0,0,43091,0,0,60,60
43091,210621,0,0,0,0,0,60,60
43093,210635,0,0,43094,0,0,60,60
43094,210636,0,0,0,0,0,60,60
43096,210641,0,0,43097,0,0,60,60
43097,210644,0,0,0,0,0,60,60
43098,210822,0,1000,43099,0,0,60,60
43099,210823,0,0,0,0,0,60,60
43100,208924,0,0,43102,0,0,60,60
43102,210826,0,0,0,0,0,60,60
43104,209958,0,1000,43105,0,0,60,60
43105,209959,0,0,0,0,0,60,60
43107,210872,0,1000,0,0,0,60,60
43109,209086,0,1000,43110,0,4,60,60
43110,208982,0,1000,0,0,1,60,60
43111,208500,0,2000,43434,0,0,60,60
43114,208522,0,0,43115,0,0,60,60
43115,208543,0,0,43116,0,0,60,60
43116,208545,0,0,43117,0,0,60,60
43117,208546,0,0,43118,0,0,60,60
43118,208547,0,0,0,0,0,60,60
43119,208550,0,0,43120,0,0,60,60
43120,208553,0,0,43121,0,0,60,60
43121,208554,0,0,43122,0,0,60,60
43122,208555,0,0,43123,0,0,60,60
43123,208556,0,0,43124,0,0,60,60
43124,210236,0,0,0,0,0,60,60
43127,208567,0,0,43128,0,0,60,60
43128,208570,0,0,43129,0,0,60,60
43129,208571,0,0,0,0,0,60,60
43130,208572,0,0,43131,0,0,60,60
43131,208573,0,0,43132,0,0,60,60
43132,208574,0,0,43133,0,0,60,60
43133,208575,0,0,0,0,0,60,60
43134,208585,0,0,0,0,0,60,60
43135,209235,0,1000,0,0,0,60,60
43136,210931,0,0,0,0,0,60,60
43137,210932,0,1000,43138,0,0,60,60
43138,210933,0,0,43139,0,0,60,60
43139,210934,0,0,0,0,0,60,60
43140,210935,0,0,43141,0,0,60,60
43141,210936,0,0,43142,0,0,60,60
43142,210937,0,0,0,0,0,60,60
43143,210938,0,1000,43144,0,0,60,60
43144,210939,0,1000,43145,0,0,60,60
43145,210940,0,1000,0,0,0,60,60
43146,208080,0,1000,43147,0,0,60,60
43147,208079,0,1000,0,0,0,60,60
43148,209944,0,1000,0,0,0,60,60
43149,209599,0,1000,43150,0,0,60,60
43150,209584,0,1000,43151,0,0,60,60
43151,209751,0,1000,0,0,0,60,60
43152,0,0,0,0,0,0,60,60
43153,210950,0,0,43154,0,0,60,60
43154,210951,0,0,0,0,0,60,60
43157,210955,0,1000,42086,0,4,60,60
43158,210965,0,1000,0,0,0,60,60
43159,0,0,1000,43160,0,0,60,60
43160,209114,0,1000,0,0,0,60,60
43161,210970,0,1000,43162,0,0,60,60
43162,210971,0,1000,43163,0,0,60,60
43163,210972,0,1000,43164,0,0,60,60
43164,210973,0,1000,43165,0,0,60,60
43165,210974,0,1000,43166,0,0,60,60
43166,210975,0,1000,0,0,0,60,60
43167,210839,0,2000,43168,0,0,60,60
43168,210841,0,0,0,0,0,60,60
43170,210995,0,0,43171,0,0,60,60
43171,210996,0,4000,0,0,0,60,60
43173,0,0,1000,43174,0,0,60,60
43174,211025,0,1000,43175,0,0,60,60
43175,211026,0,0,0,0,0,60,60
43176,211027,0,1000,43177,0,0,60,60
43177,211028,0,0,0,0,0,60,60
43178,211023,0,1000,43179,0,0,60,60
43179,211024,0,0,0,0,0,60,60
43180,210999,0,0,0,0,0,60,60
43181,211000,0,0,0,0,0,60,60
43182,211002,0,0,0,0,0,60,60
43183,211017,0,0,43184,0,0,60,60
43184,0,0,2000,43305,0,0,60,60
43186,211019,0,0,43188,0,0,60,60
43188,211021,0,0,0,0,0,60,60
43189,211022,0,0,0,0,0,60,60
43190,210653,0,0,43191,0,0,60,60
43191,210654,0,0,43192,0,0,60,60
43192,210655,0,0,43193,0,0,60,60
43193,210656,0,0,43194,0,0,60,60
43194,210657,0,0,43195,0,0,60,60
43195,210658,0,0,43196,0,0,60,60
43196,210659,0,0,0,0,0,60,60
43208,209713,0,0,43209,0,0,60,60
43209,209714,0,0,43210,0,0,60,60
43210,209716,0,0,43211,0,0,60,60
43211,209718,0,0,43212,0,0,60,60
43212,209719,0,0,43213,0,0,60,60
43213,209720,0,0,43214,0,0,60,60
43214,209722,0,0,43215,0,0,60,60
43215,209724,0,0,43216,0,0,60,60
43216,209726,0,0,43217,0,0,60,60
43217,209727,0,0,43218,0,0,60,60
43218,209728,0,0,43219,0,0,60,60
43219,209729,0,0,43220,0,0,60,60
43220,209730,0,0,43221,0,0,60,60
43221,209731,0,0,43222,0,0,60,60
43222,209734,0,0,43223,0,0,60,60
43223,209735,0,0,43224,0,0,60,60
43224,209737,0,0,43225,0,0,60,60
43225,209738,0,0,43226,0,0,60,60
43226,209740,0,0,43227,0,0,60,60
43227,209741,0,0,43228,0,0,60,60
43228,209743,0,0,0,0,0,60,60
43229,210687,0,0,43230,0,0,60,60
43230,210688,0,0,43231,0,0,60,60
43231,210689,0,0,43232,0,0,60,60
43232,210690,0,0,43233,0,0,60,60
43233,210691,0,0,43234,0,0,60,60
43234,210692,0,0,43235,0,0,60,60
43235,210693,0,0,43236,0,0,60,60
43236,210694,0,0,0,0,0,60,60
43237,211032,0,1000,43079,0,0,60,60
43238,211030,0,1000,43239,0,0,60,60
43239,211031,0,1000,0,0,0,60,60
43240,208473,0,1000,43241,0,0,60,60
43241,208474,0,1000,0,0,0,60,60
43242,208475,0,1000,43243,0,0,60,60
43243,208813,0,1000,0,0,0,60,60
43244,208756,0,2000,42632,0,4,60,60
43245,209902,0,1000,43246,0,0,60,60
43246,211077,0,1000,43247,0,0,60,60
43247,211081,0,1000,43248,0,0,60,60
43248,211082,0,0,0,0,0,60,60
43249,210025,0,0,43250,0,0,60,60
43250,210026,0,0,0,0,0,60,60
43254,211093,0,0,43255,0,0,60,60
43255,211094,0,0,43304,0,0,60,60
43256,210624,0,0,43257,0,0,60,60
43257,210022,0,500,43258,0,0,60,60
43258,0,0,0,0,0,0,60,60
43259,211116,0,1000,43261,0,0,60,60
43261,211114,0,1000,43262,0,0,60,60
43262,211115,0,1000,0,0,0,60,60
43263,210627,0,1000,43264,0,0,60,60
43264,210628,0,1000,0,0,0,60,60
43265,0,0,1000,43266,0,0,60,60
43266,211171,0,0,0,0,4,60,60
43267,211035,0,0,43270,0,0,60,60
43270,211038,0,0,43271,0,0,60,60
43271,211039,0,0,43272,0,1,60,60
43272,211040,0,0,0,0,0,60,60
43273,211041,0,0,43274,0,0,60,60
43274,211042,0,0,43275,0,0,60,60
43275,211043,0,0,43276,0,0,60,60
43276,211044,0,0,0,0,0,60,60
43277,211049,0,0,43278,0,0,60,60
43278,211050,0,0,0,0,0,60,60
43279,211051,0,0,43280,0,0,60,60
43280,211052,0,0,43281,0,0,60,60
43281,0,0,1000,43282,0,0,60,60
43282,211053,0,0,0,0,0,60,60
43283,211054,0,0,43284,0,0,60,60
43284,211055,0,0,43285,0,0,60,60
43285,0,0,4000,43286,0,0,60,60
43286,211056,0,0,0,0,0,60,60
43287,211057,0,0,43288,0,0,60,60
43288,211058,0,0,0,0,0,60,60
43289,211059,0,0,43290,0,0,60,60
43290,211060,0,0,43291,0,0,60,60
43291,211061,0,0,43292,0,0,60,60
43292,211062,0,0,0,0,0,60,60
43293,211253,0,0,0,0,0,60,60
43294,0,0,4000,42338,0,0,60,60
43295,211285,0,1000,0,0,1,60,60
43296,211286,0,1000,43297,0,0,60,60
43297,211287,0,1000,0,0,0,60,60
43298,211288,0,1000,43299,0,0,60,60
43299,211289,0,1000,0,0,0,60,60
43300,211292,0,1000,43301,0,0,60,60
43301,211293,0,1000,0,0,0,60,60
43302,211296,0,1000,43303,0,0,60,60
43303,211297,0,1000,0,0,0,60,60
43304,211092,0,0,0,0,0,60,60
43305,211018,0,0,43186,0,0,60,60
43306,209115,0,0,42435,0,0,60,60
43307,208381,0,0,43308,0,0,60,60
43308,208382,0,0,43309,0,0,60,60
43309,208403,0,0,43310,0,0,60,60
43310,208386,0,0,43311,0,0,60,60
43311,208387,0,0,0,0,0,60,60
43312,211063,0,0,43313,0,0,60,60
43313,211064,0,0,0,0,0,60,60
43314,210757,0,0,43315,0,0,60,60
43315,211240,0,0,43316,0,0,60,60
43316,210756,0,0,0,0,0,60,60
43317,209873,0,0,43318,0,0,60,60
43318,209876,0,0,43319,0,0,60,60
43319,209877,0,0,43320,0,0,60,60
43320,209878,0,0,0,0,0,60,60
43321,211310,0,1000,0,0,0,60,60
43322,208815,0,500,42330,0,0,60,60
43323,211143,0,1000,0,0,0,60,60
43324,209375,0,0,0,0,0,60,60
43325,211113,0,0,43326,0,0,60,60
43326,211336,0,0,43327,0,0,60,60
43327,210158,0,0,43328,0,0,60,60
43328,210159,0,0,43329,0,0,60,60
43329,211337,0,0,0,0,0,60,60
43330,210486,0,1000,43331,0,1,60,60
43331,210487,0,1000,0,0,0,60,60
43332,209647,0,0,43333,0,0,60,60
43333,209648,0,0,43334,0,0,60,60
43334,209977,0,0,43335,0,0,60,60
43335,209649,0,0,43336,0,0,60,60
43336,209650,0,0,43337,0,0,60,60
43337,209651,0,0,0,0,0,60,60
43338,211355,0,0,42359,0,0,60,60
43339,211357,0,0,0,0,0,60,60
43340,211349,0,0,0,0,0,60,60
43341,210849,0,1000,43342,0,0,60,60
43342,210852,0,0,0,0,0,60,60
43343,210709,0,0,43344,0,0,60,60
43344,210710,0,0,43345,0,0,60,60
43345,210711,0,0,43346,0,0,60,60
43346,210712,0,0,43347,0,0,60,60
43347,210713,0,0,43348,0,0,60,60
43348,210714,0,0,43349,0,0,60,60
43349,210715,0,0,43350,0,0,60,60
43350,210716,0,0,43351,0,0,60,60
43351,210717,0,0,43352,0,0,60,60
43352,210718,0,0,0,0,0,60,60
43353,210772,0,0,43354,0,0,60,60
43354,211016,0,0,0,0,0,60,60
43355,208763,0,0,43356,0,0,60,60
43356,208764,0,0,43357,0,0,60,60
43357,208765,0,0,43358,0,0,60,60
43358,208766,0,0,43359,0,0,60,60
43359,208767,0,0,43360,0,0,60,60
43360,208769,0,0,43361,0,0,60,60
43361,211377,0,0,43362,0,0,60,60
43362,208772,0,0,43363,0,0,60,60
43363,211376,0,0,43364,0,0,60,60
43364,208773,0,0,43365,0,0,60,60
43365,211375,0,0,43366,0,0,60,60
43366,208775,0,0,43367,0,0,60,60
43367,208776,0,0,43368,0,0,60,60
43368,211374,0,0,43369,0,0,60,60
43369,208777,0,0,0,0,0,60,60
43370,210661,0,0,43414,0,0,60,60
43371,209456,0,0,43415,0,0,60,60
43372,210662,0,0,43373,0,0,60,60
43373,210918,0,0,43374,0,0,60,60
43374,210663,0,0,43416,0,0,60,60
43375,210664,0,0,43417,0,0,60,60
43376,210023,0,0,43385,0,0,60,60
43377,210024,0,0,0,0,0,60,60
43378,211381,0,0,43379,0,0,60,60
43379,211382,0,0,0,0,0,60,60
43381,211141,0,1000,43382,0,0,60,60
43382,211142,0,1000,0,0,0,60,60
43383,210856,0,2000,43384,0,0,60,60
43384,210861,0,0,0,0,0,60,60
43385,211383,0,0,43377,0,0,60,60
43386,211394,0,0,43387,0,0,60,60
43387,211395,0,0,43388,0,0,60,60
43388,211396,0,0,0,0,0,60,60
43389,211398,0,0,43390,0,0,60,60
43390,211399,0,0,0,0,0,60,60
43391,211401,0,0,43392,0,0,60,60
43392,211402,0,0,0,0,0,60,60
43393,211404,0,0,43394,0,0,60,60
43394,211405,0,0,0,0,0,60,60
43395,211407,0,0,43396,0,0,60,60
43396,211408,0,0,0,0,0,60,60
43397,211410,0,0,43398,0,0,60,60
43398,211411,0,0,0,0,0,60,60
43401,209307,0,0,43402,0,0,60,60
43402,210213,0,0,0,0,0,60,60
43409,208493,0,0,43413,0,0,60,60
43413,208494,0,0,0,0,0,60,60
43414,211385,0,0,43371,0,0,60,60
43415,211386,0,0,43372,0,0,60,60
43416,211389,0,0,43375,0,0,60,60
43417,211388,0,0,0,0,0,60,60
43418,211413,0,0,43419,0,0,60,60
43419,211414,0,0,0,0,0,60,60
43420,210896,0,2000,43421,0,0,60,60
43421,210897,0,2000,43422,0,0,60,60
43422,209479,0,0,0,0,0,60,60
43423,210865,0,1000,43424,0,0,60,60
43424,210887,0,1000,43425,0,0,60,60
43425,210888,0,1000,43426,0,0,60,60
43426,210889,0,1000,43427,0,0,60,60
43427,210890,0,1000,43428,0,0,60,60
43428,211144,0,0,0,0,0,60,60
43429,210215,0,0,42559,0,0,60,60
43430,211457,0,0,42700,0,0,60,60
43431,208500,0,0,43433,0,0,60,60
43432,208501,0,0,0,0,0,60,60
43433,208502,0,0,43432,0,1,60,60
43434,208501,0,0,0,0,0,60,60
43435,211468,0,0,0,0,0,60,60
43436,208616,0,1000,0,0,0,60,60
43441,208623,0,0,0,0,0,60,60
43442,210837,0,0,43443,0,0,60,60
43443,210838,0,0,43444,0,0,60,60
43444,210840,0,0,43445,0,0,60,60
43445,210842,0,0,43446,0,0,60,60
43446,210843,0,0,43447,0,0,60,60
43447,210844,0,0,43448,0,0,60,60
43448,210845,0,0,43449,0,0,60,60
43449,210846,0,0,43450,0,0,60,60
43450,210847,0,0,43451,0,0,60,60
43451,210848,0,0,0,0,0,60,60
43452,210831,0,0,43453,0,0,60,60
43453,210832,0,0,43454,0,0,60,60
43454,210833,0,0,43455,0,0,60,60
43455,210834,0,0,43456,0,0,60,60
43456,210835,0,0,43457,0,0,60,60
43457,210836,0,0,0,0,0,60,60
43458,210784,0,0,43459,0,0,60,60
43459,210786,0,0,43460,0,0,60,60
43460,210787,0,0,43461,0,0,60,60
43461,210788,0,0,0,0,0,60,60
43462,210537,0,0,43463,0,0,60,60
43463,210538,0,0,43464,0,0,60,60
43464,210539,0,0,43465,0,0,60,60
43465,210540,0,0,43466,0,0,60,60
43466,210541,0,0,43467,0,0,60,60
43467,210543,0,0,43468,0,0,60,60
43468,210544,0,0,0,0,0,60,60
43469,210566,0,1000,0,0,1,60,60
43477,208625,0,0,0,0,0,60,60
43478,211220,0,1000,0,0,2,60,60
43479,211226,0,5000,0,0,0,60,60
43480,208627,0,0,43481,0,0,60,60
43481,208628,0,0,43482,0,0,60,60
43482,208629,0,0,43484,0,0,60,60
43484,208631,0,0,0,0,1,60,60
43487,210208,0,0,43488,0,0,60,60
43488,211478,0,0,43489,0,0,60,60
43489,211479,0,0,0,0,0,60,60
43490,210789,0,250,44038,0,0,60,60
43492,210791,0,0,43493,0,0,60,60
43493,210792,0,0,43494,0,0,60,60
43494,210793,0,250,43495,0,0,60,60
43495,210794,0,0,44039,0,0,60,60
43497,210799,0,0,43498,0,0,60,60
43498,211275,0,0,43499,0,0,60,60
43499,210800,0,0,43500,0,0,60,60
43500,210801,0,0,43501,0,0,60,60
43501,210802,0,0,43502,0,0,60,60
43502,210803,0,0,43503,0,0,60,60
43503,210804,0,0,43504,0,0,60,60
43504,210805,0,0,43505,0,0,60,60
43505,210806,0,0,43506,0,0,60,60
43506,210807,0,0,43507,0,0,60,60
43507,210808,0,0,43508,0,0,60,60
43508,210809,0,0,43509,0,0,60,60
43509,210810,0,0,0,0,0,60,60
43510,209432,0,1000,43511,0,0,60,60
43511,209433,0,500,43512,0,0,60,60
43512,209434,0,1000,43513,0,0,60,60
43513,209435,0,1000,43514,0,0,60,60
43514,209436,0,1000,43515,0,0,60,60
43515,209437,0,1000,43516,0,0,60,60
43516,209438,0,1500,43517,0,0,60,60
43517,209439,0,1000,43518,0,0,60,60
43518,209440,0,500,43519,0,0,60,60
43519,209441,0,1000,43520,0,0,60,60
43520,209442,0,1000,43521,0,0,60,60
43521,209444,0,1000,43522,0,0,60,60
43522,209445,0,0,0,0,0,60,60
43523,210850,0,0,43524,0,0,60,60
43524,210851,0,0,43525,0,0,60,60
43525,210853,0,0,43526,0,0,60,60
43526,210854,0,0,43527,0,0,60,60
43527,210855,0,0,43528,0,0,60,60
43528,210857,0,0,43529,0,0,60,60
43529,210858,0,0,43530,0,0,60,60
43530,210859,0,0,43531,0,0,60,60
43531,210860,0,0,43532,0,0,60,60
43532,210862,0,0,0,0,0,60,60
43533,209600,0,0,43534,0,0,60,60
43534,209601,0,0,43535,0,0,60,60
43535,210869,0,0,43536,0,0,60,60
43536,210871,0,0,43537,0,0,60,60
43537,209603,0,0,43538,0,0,60,60
43538,209602,0,0,43539,0,0,60,60
43539,209604,0,0,43540,0,0,60,60
43540,209605,0,0,0,0,0,60,60
43541,210874,0,0,43542,0,0,60,60
43542,210875,0,0,43543,0,0,60,60
43543,210876,0,0,43544,0,0,60,60
43544,210877,0,0,43545,0,0,60,60
43545,210878,0,0,43546,0,0,60,60
43546,210879,0,0,43547,0,0,60,60
43547,210880,0,0,43548,0,0,60,60
43548,210881,0,0,43549,0,0,60,60
43549,210882,0,0,0,0,0,60,60
43550,211230,0,5000,0,0,0,60,60
43551,211492,0,0,43552,0,0,60,60
43552,211493,0,0,43553,0,0,60,60
43553,211494,0,0,43554,0,0,60,60
43554,211495,0,0,43555,0,0,60,60
43555,211496,0,0,43556,0,0,60,60
43556,211497,0,0,43557,0,0,60,60
43557,211498,0,0,43558,0,0,60,60
43558,211500,0,0,0,0,0,60,60
43559,211235,0,5000,0,0,0,60,60
43560,211238,0,5000,0,0,0,60,60
43561,210919,0,0,43562,0,0,60,60
43562,210920,0,0,43563,0,0,60,60
43563,210921,0,0,43564,0,0,60,60
43564,210922,0,200,43565,0,0,60,60
43565,210923,0,0,43566,0,0,60,60
43566,210924,0,0,43567,0,0,60,60
43567,210925,0,0,43568,0,0,60,60
43568,210926,0,0,0,0,0,60,60
43569,210665,0,500,43570,0,0,60,60
43570,210666,0,500,43571,0,0,60,60
43571,210667,0,0,43572,0,0,60,60
43572,210669,0,500,43573,0,0,60,60
43573,210670,0,500,43574,0,0,60,60
43574,210673,0,500,43575,0,0,60,60
43575,210674,0,500,43576,0,0,60,60
43576,210675,0,500,43577,0,0,60,60
43577,210676,0,500,0,0,0,60,60
43578,211223,0,1000,0,0,0,60,60
43579,211232,0,5000,0,0,0,60,60
43580,211217,0,5000,0,0,0,60,60
43581,210814,0,0,43582,0,0,60,60
43582,211529,0,0,43583,0,0,60,60
43583,211530,0,0,43584,0,0,60,60
43584,211531,0,0,43585,0,0,60,60
43585,211532,0,0,43586,0,0,60,60
43586,211533,0,0,43587,0,0,60,60
43587,211534,0,0,43588,0,0,60,60
43588,210816,0,0,43589,0,0,60,60
43589,210817,0,0,43590,0,0,60,60
43590,210818,0,0,0,0,0,60,60
43591,0,0,4000,43592,0,0,60,60
43592,211539,0,1000,0,0,0,60,60
43593,210891,0,0,0,0,0,60,60
43594,210892,0,0,0,0,0,60,60
43595,210893,0,0,0,0,0,60,60
43596,210894,0,0,0,0,0,60,60
43597,210739,0,0,43598,0,0,60,60
43598,210740,0,0,43599,0,0,60,60
43599,210741,0,0,43600,0,0,60,60
43600,210742,0,0,43601,0,0,60,60
43601,210743,0,0,43602,0,0,60,60
43602,210744,0,0,43603,0,0,60,60
43603,210745,0,0,43604,0,0,60,60
43604,210746,0,0,43605,0,0,60,60
43605,210747,0,0,43606,0,0,60,60
43606,210748,0,0,0,0,0,60,60
43607,210749,0,0,43608,0,0,60,60
43608,210751,0,0,43609,0,0,60,60
43609,210752,0,0,43610,0,0,60,60
43610,210754,0,0,43611,0,0,60,60
43611,210755,0,0,0,0,1,60,60
43620,211460,0,0,43622,0,0,60,60
43621,211461,0,0,43623,0,0,60,60
43622,211541,0,0,43621,0,0,60,60
43623,211462,0,0,0,0,0,60,60
43624,211542,0,0,43625,0,0,60,60
43625,211543,0,0,43626,0,0,60,60
43626,211544,0,0,43627,0,0,60,60
43627,211545,0,0,43628,0,0,60,60
43628,211546,0,0,43629,0,0,60,60
43629,211547,0,0,43630,0,0,60,60
43630,211548,0,0,43631,0,0,60,60
43631,211549,0,0,0,0,0,60,60
43632,211577,0,1000,0,0,1,60,60
43633,211578,0,1000,0,0,0,60,60
43634,211072,0,0,43635,0,0,60,60
43635,211073,0,0,43636,0,0,60,60
43636,211074,0,0,43637,0,0,60,60
43637,211075,0,0,43638,0,2,60,60
43638,211076,0,0,0,0,0,60,60
43639,211619,0,1000,0,0,4,60,60
43640,211620,0,1000,0,0,4,60,60
43642,209304,0,0,0,0,0,60,60
43643,211689,0,1000,0,0,2,60,60
43644,209307,0,2000,43645,0,0,60,60
43645,210213,0,2000,43646,0,0,60,60
43646,210214,0,0,0,0,0,60,60
43647,207572,0,0,43648,0,0,60,60
43648,208051,0,0,43649,0,0,60,60
43649,207573,0,0,0,0,0,60,60
43661,191738,0,1000,0,0,0,60,60
43662,211707,0,1000,43663,0,0,60,60
43663,211708,0,1000,43664,0,0,60,60
43664,211709,0,1000,43665,0,0,60,60
43665,211710,0,1000,43666,0,0,60,60
43666,211711,0,1000,43667,0,0,60,60
43667,211712,0,1000,43668,0,0,60,60
43668,211713,0,1000,0,0,0,60,60
43669,207609,0,0,43670,0,0,60,60
43670,207630,0,2000,43671,0,0,60,60
43671,207631,0,2000,43672,0,0,60,60
43672,208067,0,0,0,0,0,60,60
43673,211714,0,1000,43676,0,0,60,60
43676,211717,0,1000,43677,0,0,60,60
43677,211718,0,1000,43678,0,0,60,60
43678,211719,0,1000,43679,0,2,60,60
43679,211720,0,1000,43680,0,0,60,60
43680,211721,0,1000,43681,0,2,60,60
43681,211722,0,1000,0,0,0,60,60
43682,211724,0,1000,43683,0,0,60,60
43683,211725,0,1000,43684,0,0,60,60
43684,211726,0,1000,43685,0,0,60,60
43685,211727,0,1000,43686,0,0,60,60
43686,211728,0,1000,43687,0,0,60,60
43687,211729,0,1000,0,0,0,60,60
43688,0,0,1000,43689,0,0,60,60
43689,211621,0,1000,0,0,0,60,60
43690,211622,0,500,43691,0,0,60,60
43691,211623,0,500,0,0,0,60,60
43692,211730,0,1000,43693,0,0,60,60
43693,211731,0,1000,43694,0,0,60,60
43694,211732,0,1000,43695,0,0,60,60
43695,211733,0,1000,43696,0,0,60,60
43696,211734,0,1000,43697,0,0,60,60
43697,211735,0,1000,43698,0,0,60,60
43698,211736,0,1000,43699,0,0,60,60
43699,211737,0,3000,43700,0,0,60,60
43700,211738,0,1000,0,0,0,60,60
43701,210436,0,1000,43702,0,0,60,60
43702,210437,0,1000,43703,0,0,60,60
43703,210438,0,1000,0,0,0,60,60
43706,211739,0,1000,43708,0,0,60,60
43707,211741,0,1000,0,0,2,60,60
43708,211740,0,1000,43707,0,0,60,60
43709,211742,0,1000,43710,0,0,60,60
43710,211743,0,1000,43711,0,0,60,60
43711,211744,0,1000,43712,0,0,60,60
43712,211745,0,1000,43715,0,0,60,60
43715,211748,0,1000,43716,0,0,60,60
43716,211749,0,1000,43717,0,2,60,60
43717,211750,0,1000,43718,0,0,60,60
43718,211751,0,1000,0,0,0,60,60
43719,211752,0,1000,43720,0,0,60,60
43720,211753,0,1000,43721,0,0,60,60
43721,211754,0,1000,43722,0,0,60,60
43722,211755,0,1000,43723,0,0,60,60
43723,211756,0,1000,43724,0,0,60,60
43724,211757,0,1000,43725,0,0,60,60
43725,211758,0,1000,43726,0,0,60,60
43726,211759,0,1000,0,0,0,60,60
43727,211624,0,500,43728,0,0,60,60
43728,211628,0,1500,44976,0,0,60,60
43729,211626,0,500,45299,0,0,60,60
43730,211625,0,500,44977,0,0,60,60
43731,211629,0,500,0,0,0,60,60
43732,210439,0,1000,43733,0,0,60,60
43733,210440,0,1000,0,0,0,60,60
43734,211794,0,1000,43735,0,0,60,60
43735,211795,0,1000,43736,0,0,60,60
43736,211796,0,1000,43737,0,0,60,60
43737,211797,0,1000,43738,0,0,60,60
43738,211798,0,1000,43739,0,0,60,60
43739,211799,0,1000,43740,0,0,60,60
43740,211800,0,1000,43741,0,0,60,60
43741,211801,0,1000,0,0,0,60,60
43742,211802,0,1000,43743,0,0,60,60
43743,211803,0,5000,43744,0,0,60,60
43744,211804,0,1000,43745,0,0,60,60
43745,211805,0,1000,0,0,0,60,60
43746,211814,0,1000,43747,0,0,60,60
43747,211815,0,1000,43748,0,0,60,60
43748,211816,0,1000,43749,0,0,60,60
43749,211817,0,1000,43750,0,0,60,60
43750,211818,0,1000,43751,0,0,60,60
43751,211819,0,1000,43752,0,0,60,60
43752,211820,0,1000,43753,0,0,60,60
43753,211821,0,1000,43754,0,0,60,60
43754,211822,0,1000,0,0,0,60,60
43755,211823,0,1000,43756,0,0,60,60
43756,211824,0,1000,43757,0,0,60,60
43757,211825,0,1000,43758,0,0,60,60
43758,211826,0,1000,43759,0,0,60,60
43759,211827,0,1000,43761,0,0,60,60
43761,211829,0,1000,43762,0,0,60,60
43762,211830,0,1000,0,0,0,60,60
43764,211632,0,500,43765,0,0,60,60
43765,211633,0,2800,43766,0,0,60,60
43766,211634,0,500,43767,0,0,60,60
43767,211635,0,500,43768,0,0,60,60
43768,211636,0,500,0,0,0,60,60
43769,0,0,0,43770,0,0,60,60
43770,0,0,0,43771,0,0,60,60
43771,0,0,0,43772,0,0,60,60
43772,0,0,0,43773,0,0,60,60
43773,0,0,0,43774,0,0,60,60
43774,0,0,0,43775,0,0,60,60
43775,0,0,0,43776,0,0,60,60
43776,0,0,0,43777,0,0,60,60
43777,0,0,0,43778,0,0,60,60
43778,0,0,0,0,0,0,60,60
43789,211837,0,1000,43790,0,0,60,60
43790,211838,0,1000,43793,0,0,60,60
43793,211841,0,1000,43794,0,0,60,60
43794,211842,0,1000,43795,0,0,60,60
43795,211843,0,1000,43796,0,0,60,60
43796,211844,0,1000,0,0,0,60,60
43797,211845,0,1000,43798,0,0,60,60
43798,211846,0,1000,43799,0,0,60,60
43799,211847,0,1000,43800,0,0,60,60
43800,211848,0,1000,43801,0,0,60,60
43801,211849,0,1000,43802,0,0,60,60
43802,211850,0,1000,43803,0,0,60,60
43803,211851,0,1000,0,0,0,60,60
43804,210773,0,1000,43805,0,0,60,60
43805,210774,0,1000,0,0,0,60,60
43806,211647,0,500,43807,0,0,60,60
43807,211648,0,500,43808,0,0,60,60
43808,211649,0,500,43809,0,0,60,60
43809,211650,0,0,0,0,0,60,60
43810,211903,0,2000,43811,0,0,60,60
43811,211904,0,2000,43812,0,0,60,60
43812,211905,0,0,0,0,0,60,60
43813,211906,0,1000,0,0,5,60,60
43814,211907,0,1000,0,0,5,60,60
43815,211909,0,1000,0,0,5,60,60
43816,0,0,10000,43817,0,0,60,60
43817,211910,0,1000,43818,0,0,60,60
43818,211911,0,0,43819,0,0,60,60
43819,0,0,10000,43820,0,0,60,60
43820,211912,0,0,43821,0,0,60,60
43821,0,0,10000,43822,0,0,60,60
43822,211913,0,1000,43823,0,0,60,60
43823,211914,0,0,0,0,0,60,60
43824,211915,0,0,0,0,1,60,60
43825,211916,0,2000,43826,0,0,60,60
43826,211917,0,2000,43827,0,0,60,60
43827,211918,0,0,0,0,1,60,60
43829,211919,0,0,0,0,3,60,60
43830,0,0,3000,43831,0,0,60,60
43831,211936,0,3000,43832,0,0,60,60
43832,211937,0,3000,43833,0,0,60,60
43833,211938,0,0,0,0,0,60,60
43840,211943,0,0,0,0,0,60,60
43841,211940,0,2000,43844,0,0,60,60
43842,211942,0,0,0,0,0,60,60
43843,211939,0,3000,43841,0,0,60,60
43844,211941,0,2000,43842,0,0,60,60
43845,211944,0,1000,43846,0,0,60,60
43846,211945,0,1000,0,0,0,60,60
43847,211947,0,0,43848,0,0,60,60
43848,211948,0,0,0,0,0,60,60
43849,211968,0,2000,43856,0,0,60,60
43850,211971,0,1000,43851,0,0,60,60
43851,211972,0,1000,43858,0,0,60,60
43852,211975,0,0,43853,0,0,60,60
43853,211976,0,0,43860,0,0,60,60
43854,211980,0,0,0,0,1,60,60
43855,0,0,5000,43849,0,0,60,60
43856,211969,0,2000,43857,0,0,60,60
43857,211970,0,0,0,0,0,60,60
43858,211973,0,1000,43859,0,0,60,60
43859,211974,0,0,0,0,0,60,60
43860,211977,0,0,43861,0,0,60,60
43861,211978,0,0,43862,0,0,60,60
43862,211979,0,0,0,0,0,60,60
43863,211981,0,0,0,0,0,60,60
43866,211986,0,1000,43867,0,0,60,60
43867,211987,0,1000,0,0,0,60,60
43869,211652,0,1000,0,0,0,60,60
43870,211653,0,1000,43871,0,0,60,60
43871,211654,0,1000,0,0,0,60,60
43872,211655,0,1000,0,0,0,60,60
43874,211657,0,1000,0,0,0,60,60
43876,0,0,0,43877,0,5,60,60
43877,207846,0,0,0,0,0,60,60
43878,211659,0,1000,43879,0,0,60,60
43879,211660,0,1000,45029,0,0,60,60
43882,211663,0,1000,0,0,0,60,60
43883,212034,0,1000,43884,0,0,60,60
43884,212035,0,1000,43885,0,0,60,60
43885,212036,0,1000,43886,0,2,60,60
43886,212037,0,1000,0,0,0,60,60
43887,212043,0,2000,43888,0,0,60,60
43888,212044,0,2000,43900,0,0,60,60
43889,212042,0,2000,43887,0,0,60,60
43890,212059,0,0,43891,0,2,60,60
43891,212060,0,0,43909,0,0,60,60
43892,212058,0,0,43890,0,0,60,60
43893,212053,0,2000,43894,0,0,60,60
43894,212054,0,2000,43906,0,0,60,60
43895,212052,0,2000,43893,0,0,60,60
43897,212047,0,2000,43901,0,0,60,60
43898,212046,0,1000,43897,0,1,60,60
43899,0,0,5000,43889,0,0,60,60
43900,212045,0,0,0,0,0,60,60
43901,212048,0,1000,43902,0,0,60,60
43902,212049,0,0,43903,0,2,60,60
43903,212050,0,1000,43904,0,0,60,60
43904,212051,0,0,0,0,0,60,60
43905,0,0,3000,43895,0,0,60,60
43906,212055,0,2000,43907,0,0,60,60
43907,212056,0,2000,43908,0,0,60,60
43908,212057,0,0,0,0,0,60,60
43909,212061,0,0,0,0,0,60,60
43910,212127,0,4500,43911,0,0,60,60
43911,212128,0,2000,0,0,0,60,60
43912,212148,0,4000,43913,0,0,60,60
43913,212149,0,1000,0,0,0,60,60
43914,212134,0,0,43915,0,0,60,60
43915,212135,0,0,0,0,0,60,60
43916,212136,0,0,43917,0,0,60,60
43917,212138,0,0,0,0,0,60,60
43918,212140,0,0,43919,0,0,60,60
43919,212142,0,0,0,0,0,60,60
43920,212143,0,0,43921,0,0,60,60
43921,212144,0,0,0,0,0,60,60
43922,212145,0,0,43452,0,0,60,60
43929,211667,0,1000,43931,0,0,60,60
43931,211669,0,1000,44698,0,0,60,60
43941,211679,0,1000,0,0,0,60,60
43948,211078,0,0,43949,0,0,60,60
43949,211079,0,0,43950,0,0,60,60
43950,211080,0,0,43951,0,0,60,60
43951,211083,0,0,0,0,0,60,60
43952,212201,0,0,0,0,0,60,60
43953,209847,0,1000,43954,0,1,60,60
43954,209848,0,1000,43955,0,1,60,60
43955,209850,0,1000,43956,0,1,60,60
43956,209849,0,1000,43957,0,1,60,60
43957,209852,0,1000,0,0,1,60,60
43958,212242,0,4000,43959,0,0,60,60
43959,212243,0,0,0,0,0,60,60
43968,212252,0,2000,43969,0,0,60,60
43969,212253,0,0,0,0,0,60,60
43970,212254,0,8000,43971,0,1,60,60
43971,212255,0,3000,43972,0,0,60,60
43972,212256,0,2000,43973,0,0,60,60
43973,212257,0,2000,43974,0,0,60,60
43974,212258,0,0,0,0,0,60,60
43975,212259,0,0,43976,0,0,60,60
43976,212260,0,0,0,0,0,60,60
43977,212261,0,8000,43978,0,1,60,60
43978,212262,0,4000,43979,0,0,60,60
43979,212263,0,2000,43980,0,0,60,60
43980,212264,0,0,0,0,0,60,60
43981,212265,0,0,43982,0,0,60,60
43982,212266,0,0,43983,0,0,60,60
43983,212267,0,0,43984,0,0,60,60
43984,212268,0,0,43985,0,2,60,60
43985,212269,0,0,0,0,0,60,60
43986,212270,0,8000,43987,0,0,60,60
43987,212271,0,3000,43988,0,0,60,60
43988,212272,0,4000,43989,0,0,60,60
43989,212273,0,4000,43990,0,0,60,60
43990,212274,0,0,0,0,0,60,60
43991,212270,0,8000,43992,0,0,60,60
43992,212271,0,5000,43993,0,0,60,60
43993,212275,0,0,0,0,0,60,60
43994,212270,0,8000,43995,0,0,60,60
43995,212271,0,5000,43996,0,0,60,60
43996,212276,0,3000,43997,0,0,60,60
43997,212277,0,3000,43998,0,0,60,60
43998,212278,0,3000,43999,0,0,60,60
43999,212279,0,0,0,0,0,60,60
44000,212270,0,8000,44001,0,0,60,60
44001,212271,0,5000,44002,0,0,60,60
44002,212281,0,4000,44003,0,0,60,60
44003,212282,0,4000,44004,0,0,60,60
44004,212283,0,0,0,0,0,60,60
44005,212284,0,4000,44006,0,0,60,60
44006,212285,0,0,0,0,1,60,60
44007,212284,0,0,44008,0,0,60,60
44008,212285,0,0,0,0,1,60,60
44009,212284,0,2000,44010,0,0,60,60
44010,212285,0,0,0,0,1,60,60
44011,212284,0,0,44012,0,0,60,60
44012,212285,0,0,0,0,1,60,60
44013,212289,0,0,0,0,1,60,60
44014,212291,0,1000,44015,0,0,60,60
44015,212293,0,1000,44016,0,0,60,60
44016,212294,0,1000,44017,0,0,60,60
44017,212295,0,0,0,0,0,60,60
44018,0,0,0,41962,0,0,60,60
44019,0,0,0,41963,0,0,60,60
44020,0,0,0,42797,0,0,60,60
44021,212296,0,0,44022,0,0,60,60
44022,212297,0,0,0,0,0,60,60
44023,208947,0,1000,0,0,4,60,60
44024,209025,0,1000,0,0,4,60,60
44025,211327,0,1000,44026,0,0,60,60
44026,0,0,0,0,0,0,60,60
44027,212319,0,2000,44028,0,0,60,60
44028,212320,0,0,0,0,0,60,60
44029,212321,0,0,0,0,0,60,60
44030,212322,0,0,0,0,0,60,60
44031,212323,0,0,0,0,0,60,60
44032,0,0,0,42776,0,0,60,60
44033,209247,0,0,0,0,0,60,60
44034,209248,0,0,0,0,0,60,60
44035,209249,0,0,0,0,0,60,60
44036,211168,0,0,0,0,0,60,60
44037,211169,0,0,0,0,0,60,60
44038,210790,0,250,43492,0,0,60,60
44039,210795,0,0,0,0,0,60,60
44040,210789,0,0,44041,0,0,60,60
44041,210790,0,0,44042,0,0,60,60
44042,210791,0,0,44043,0,0,60,60
44043,210792,0,0,44044,0,0,60,60
44044,210793,0,0,44045,0,0,60,60
44045,210794,0,0,44046,0,0,60,60
44046,210795,0,0,0,0,0,60,60
44054,210790,0,250,44056,0,0,60,60
44055,210789,0,500,44054,0,0,60,60
44056,210791,0,0,44057,0,0,60,60
44057,210792,0,250,44058,0,0,60,60
44058,210793,0,250,44059,0,0,60,60
44059,210794,0,0,44060,0,0,60,60
44060,210795,0,0,0,0,0,60,60
44061,212331,0,1000,44062,0,0,60,60
44062,212332,0,2000,44063,0,0,60,60
44063,212333,0,1000,44064,0,0,60,60
44064,212334,0,1000,44065,0,0,60,60
44065,212335,0,2000,44066,0,0,60,60
44066,212328,0,2000,44067,0,0,60,60
44067,212329,0,2000,44068,0,0,60,60
44068,212330,0,1000,0,0,0,60,60
44069,210498,0,1000,44070,0,0,60,60
44070,210499,0,1000,44071,0,0,60,60
44071,210500,0,1000,0,0,0,60,60
44072,210071,0,1000,0,0,0,60,60
44073,210072,0,1000,0,0,0,60,60
44074,210075,0,1000,0,0,0,60,60
44075,210074,0,1000,0,0,0,60,60
44076,210073,0,1000,0,0,0,60,60
44077,210796,0,0,44078,0,0,60,60
44078,210797,0,0,0,0,0,60,60
44079,212343,0,1000,44080,0,0,60,60
44080,212344,0,1000,44081,0,0,60,60
44081,212345,0,1000,44082,0,0,60,60
44082,212346,0,1000,0,0,0,60,60
44083,212145,0,0,44084,0,0,60,60
44084,210831,0,0,0,0,0,60,60
44085,212351,0,1000,44086,0,0,60,60
44086,212352,0,1000,44087,0,0,60,60
44087,212353,0,0,0,0,0,60,60
44088,212356,0,1000,0,0,1,60,60
44089,210586,0,1000,44090,0,0,60,60
44090,210587,0,1000,0,0,0,60,60
44091,210494,0,1000,44092,0,0,60,60
44092,210495,0,1000,0,0,0,60,60
44093,210472,0,1000,44094,0,0,60,60
44094,210473,0,0,44095,0,0,60,60
44095,210475,0,1000,0,0,0,60,60
44096,210678,0,1000,44097,0,0,60,60
44097,210679,0,1000,44098,0,0,60,60
44098,210680,0,1000,0,0,0,60,60
44099,210470,0,1000,44100,0,0,60,60
44100,210471,0,1000,0,0,0,60,60
44101,211327,0,1000,0,0,0,60,60
44102,208824,0,1000,44103,0,0,60,60
44103,210479,0,1000,44104,0,0,60,60
44104,210480,0,1000,44101,0,0,60,60
44105,212359,0,1000,44106,0,0,60,60
44106,212360,0,0,0,0,0,60,60
44107,210835,0,1000,0,0,0,60,60
44108,210832,0,1000,0,0,0,60,60
44109,210834,0,1000,0,0,0,60,60
44111,212363,0,0,0,0,0,60,60
44113,210833,0,1000,0,0,0,60,60
44117,208921,0,0,0,0,0,60,60
44118,208920,0,0,0,0,0,60,60
44119,208919,0,0,0,0,0,60,60
44120,208918,0,0,0,0,0,60,60
44121,208917,0,0,0,0,0,60,60
44122,212374,0,0,0,0,0,60,60
44123,212386,0,1000,0,0,0,60,60
44124,212385,0,1000,0,0,0,60,60
44125,212391,0,1000,0,0,0,60,60
44126,212392,0,1000,0,0,0,60,60
44127,212397,0,0,44128,0,1,60,60
44128,212398,0,0,0,0,2,60,60
44129,212399,0,1000,44130,0,1,60,60
44130,212400,0,1000,0,0,2,60,60
44131,212401,0,1000,44132,0,1,60,60
44132,212402,0,1000,0,0,2,60,60
44133,212410,0,0,0,0,0,60,60
44134,212411,0,1000,0,0,0,60,60
44135,212412,0,1000,0,0,0,60,60
44136,212413,0,1000,0,0,0,60,60
44137,210836,0,1000,0,0,0,60,60
44138,212414,0,1000,0,0,5,60,60
44139,212429,0,2000,44140,0,0,60,60
44140,212430,0,0,0,0,0,60,60
44141,212432,0,2000,44142,0,0,60,60
44142,212433,0,0,44143,0,0,60,60
44143,212434,0,0,0,0,0,60,60
44144,212440,0,2000,44145,0,0,60,60
44145,212441,0,0,0,0,0,60,60
44146,212444,0,2000,44147,0,0,60,60
44147,212445,0,0,0,0,0,60,60
44148,0,0,500,43098,0,0,60,60
44149,212428,0,1000,0,0,0,60,60
44150,209281,0,1000,0,0,0,60,60
44151,210582,0,1000,44152,0,0,60,60
44152,210583,0,1000,44153,0,0,60,60
44153,210584,0,1000,44154,0,0,60,60
44154,211499,0,1000,0,0,0,60,60
44155,212427,0,1000,0,0,0,60,60
44156,0,0,500,43104,0,0,60,60
44157,212529,0,1000,44158,0,0,60,60
44158,212530,0,1000,44159,0,0,60,60
44159,212531,0,1000,0,0,0,60,60
44160,212532,0,4000,0,0,0,60,60
44161,212541,0,2000,44162,0,0,60,60
44162,212542,0,0,0,0,0,60,60
44163,212547,0,2000,0,0,0,60,60
44164,212556,0,1000,0,0,5,60,60
44165,212557,0,1000,0,0,5,60,60
44166,212558,0,1000,0,0,5,60,60
44167,212559,0,1000,0,0,5,60,60
44168,212560,0,1000,0,0,5,60,60
44169,212570,0,2000,44170,0,0,60,60
44170,212571,0,0,0,0,0,60,60
44171,210247,0,0,0,0,1,60,60
44172,210248,0,0,0,0,1,60,60
44173,210249,0,0,0,0,1,60,60
44174,210250,0,0,0,0,1,60,60
44175,210251,0,0,0,0,1,60,60
44176,210252,0,0,0,0,1,60,60
44177,210593,0,1000,0,0,0,60,60
44178,210253,0,0,0,0,1,60,60
44179,210254,0,0,0,0,1,60,60
44180,210256,0,0,0,0,1,60,60
44181,211140,0,0,0,0,1,60,60
44182,210483,0,0,0,0,1,60,60
44183,210484,0,0,0,0,1,60,60
44184,210257,0,0,0,0,1,60,60
44185,210262,0,0,0,0,1,60,60
44186,210258,0,0,0,0,1,60,60
44187,210261,0,0,0,0,1,60,60
44188,211120,0,0,0,0,1,60,60
44189,211124,0,0,0,0,1,60,60
44190,210264,0,0,0,0,1,60,60
44191,210265,0,0,0,0,1,60,60
44192,210275,0,0,0,0,1,60,60
44193,210290,0,0,0,0,1,60,60
44194,210291,0,0,0,0,1,60,60
44195,210810,0,1000,0,0,0,60,60
44196,211121,0,0,0,0,1,60,60
44197,198622,0,1000,0,0,5,60,60
44198,198623,0,1000,0,0,5,60,60
44199,198624,0,1000,0,0,5,60,60
44200,198625,0,1000,0,0,5,60,60
44201,198626,0,1000,0,0,5,60,60
44202,198627,0,1000,0,0,5,60,60
44203,198628,0,1000,0,0,5,60,60
44204,198629,0,1000,0,0,5,60,60
44205,198630,0,1000,0,0,5,60,60
44206,198631,0,1000,0,0,5,60,60
44207,198632,0,1000,0,0,5,60,60
44208,198633,0,1000,0,0,5,60,60
44209,198634,0,1000,0,0,5,60,60
44210,198635,0,1000,0,0,5,60,60
44211,198636,0,1000,0,0,5,60,60
44212,198637,0,1000,0,0,5,60,60
44213,198638,0,1000,0,0,5,60,60
44214,210422,0,1000,0,0,0,60,60
44215,210512,0,2000,44216,0,0,60,60
44216,211282,0,3000,44217,0,0,60,60
44217,210515,0,1000,44218,0,0,60,60
44218,210516,0,3000,44219,0,0,60,60
44219,210517,0,0,0,0,0,60,60
44220,212630,0,0,0,0,0,60,60
44222,0,0,1000,44220,0,0,60,60
44232,211471,0,1000,43593,0,0,60,60
44236,212244,0,1000,44237,0,0,60,60
44237,212245,0,0,44238,0,0,60,60
44238,212246,0,1000,44239,0,0,60,60
44239,212247,0,0,44240,0,0,60,60
44240,212248,0,1000,44241,0,0,60,60
44241,212249,0,0,44242,0,0,60,60
44242,212250,0,1000,44243,0,0,60,60
44243,212251,0,0,0,0,0,60,60
44244,211492,0,0,44245,0,0,60,60
44245,211493,0,0,44246,0,0,60,60
44246,211494,0,0,44247,0,0,60,60
44247,211495,0,0,44248,0,0,60,60
44248,211496,0,0,44249,0,0,60,60
44249,211497,0,0,44250,0,0,60,60
44250,211498,0,0,44251,0,0,60,60
44251,211500,0,0,0,0,0,60,60
44252,210508,0,1000,44253,0,0,60,60
44253,210509,0,1000,44257,0,0,60,60
44256,0,0,3000,43153,0,0,60,60
44257,210478,0,1000,44258,0,0,60,60
44258,210434,0,1000,44260,0,0,60,60
44259,210433,0,1000,0,0,0,60,60
44260,210435,0,1000,44259,0,0,60,60
44261,210481,0,3000,44262,0,0,60,60
44262,210482,0,1000,0,0,0,60,60
44263,208307,0,1000,44264,0,1,60,60
44264,208315,0,1000,0,0,1,60,60
44265,208308,0,1000,44266,0,1,60,60
44266,208316,0,1000,0,0,1,60,60
44267,210532,0,1000,0,0,1,60,60
44268,210533,0,1000,0,0,1,60,60
44274,212688,0,1000,44275,0,0,60,60
44275,212689,0,1000,44276,0,0,60,60
44276,212690,0,1000,0,0,0,60,60
44278,212728,0,1000,44279,0,0,60,60
44279,212729,0,1000,0,0,0,60,60
44280,212732,0,1000,44281,0,0,60,60
44281,212733,0,0,0,0,0,60,60
44282,212754,0,1000,45952,0,0,60,60
44285,210443,0,1000,44286,0,0,60,60
44286,210432,0,1000,0,0,0,60,60
44287,210508,0,1000,44288,0,0,60,60
44288,210460,0,5000,44289,0,0,60,60
44289,210469,0,1000,0,0,0,60,60
44290,212712,0,1000,0,0,5,60,60
44291,209768,0,1000,0,0,0,60,60
44292,212771,0,1000,0,0,0,60,60
44293,215567,0,1000,0,0,0,60,60
44295,212799,0,1000,44296,0,0,60,60
44296,212800,0,1000,44297,0,0,60,60
44297,212813,0,1000,0,0,0,60,60
44298,212814,0,1000,44475,0,0,60,60
44306,0,0,1000,0,0,0,60,60
44307,212831,0,1000,44308,0,0,60,60
44308,212832,0,1000,0,0,0,60,60
44309,212842,0,2000,0,0,0,60,60
44311,212845,0,1000,0,0,0,60,60
44312,0,0,1000,44313,0,0,60,60
44313,212846,0,0,0,0,0,60,60
44315,212852,0,1000,44316,0,0,60,60
44316,212853,0,1000,0,0,0,60,60
44319,212856,0,1000,44321,0,0,60,60
44321,212858,0,1000,0,0,0,60,60
44324,212885,0,4000,45347,0,0,60,60
44326,212899,0,2000,44327,0,0,60,60
44327,212900,0,2000,44328,0,0,60,60
44328,212901,0,10000,0,0,0,60,60
44330,212903,0,1000,44331,0,0,60,60
44331,212904,0,1000,44332,0,0,60,60
44332,212905,0,1000,44306,0,0,60,60
44336,212910,0,1000,44337,0,0,60,60
44337,212911,0,1000,44338,0,0,60,60
44338,212912,0,1000,44540,0,0,60,60
44342,212920,0,1000,0,0,0,60,60
44343,212921,0,1000,44342,0,0,60,60
44344,212922,0,1000,0,0,0,60,60
44346,212924,0,1000,44347,0,0,60,60
44347,212925,0,1000,44348,0,0,60,60
44348,212926,0,1000,0,0,0,60,60
44350,212928,0,1000,44561,0,0,60,60
44352,212931,0,1000,44825,0,0,60,60
44353,212932,0,1000,0,0,0,60,60
44354,212935,0,1000,0,0,0,60,60
44355,212936,0,1000,44356,0,0,60,60
44356,212937,0,1000,0,0,0,60,60
44357,212938,0,1000,44563,0,0,60,60
44358,212939,0,1000,0,0,0,60,60
44359,212941,0,1000,0,0,0,60,60
44362,212945,0,1000,0,0,0,60,60
44364,212963,0,0,44365,0,0,60,60
44365,212964,0,500,44366,0,0,60,60
44366,212966,0,500,44367,0,0,60,60
44367,212967,0,0,0,0,0,60,60
44368,212985,0,1000,44372,0,0,60,60
44372,212989,0,1000,0,0,0,60,60
44373,212990,0,1000,0,0,0,60,60
44374,212991,0,1000,45679,0,0,60,60
44375,213685,0,1000,0,0,0,60,60
44378,212992,0,1000,44379,0,0,60,60
44379,212993,0,1000,0,0,0,60,60
44380,212994,0,1000,0,0,0,60,60
44381,212995,0,1000,0,0,0,60,60
44382,212996,0,1000,0,0,0,60,60
44383,212997,0,1000,0,0,0,60,60
44384,212998,0,1000,44383,0,0,60,60
44393,215453,0,1000,0,0,0,60,60
44394,213012,0,200,44384,0,0,60,60
44395,215717,0,1000,0,0,0,60,60
44400,213017,0,1000,0,0,0,60,60
44401,213022,0,3000,44402,0,0,60,60
44402,213023,0,1000,0,0,0,60,60
44403,213025,0,3500,45062,0,0,60,60
44404,213026,0,1000,0,0,0,60,60
44405,213028,0,1000,0,0,0,60,60
44406,213029,0,1000,0,0,0,60,60
44408,213054,0,1000,44409,0,0,60,60
44409,213055,0,500,44410,0,0,60,60
44410,213056,0,500,44411,0,0,60,60
44411,213057,0,500,0,0,0,60,60
44412,213067,0,1000,0,0,0,60,60
44419,213077,0,1000,0,0,0,60,60
44421,213082,0,3500,45063,0,0,60,60
44422,213082,0,3500,45064,0,0,60,60
44423,213089,0,3000,44928,0,0,60,60
44424,213089,0,1000,44425,0,0,60,60
44425,213090,0,2000,0,0,0,60,60
44426,213092,0,0,0,0,0,60,60
44427,213091,0,4000,44426,0,0,60,60
44430,0,0,1000,44437,0,0,60,60
44431,213108,0,2000,0,0,0,60,60
44434,213102,0,2000,0,0,0,60,60
44435,213103,0,2000,0,0,0,60,60
44436,213104,0,2000,0,0,0,60,60
44437,213101,0,4000,44671,0,0,60,60
44438,213105,0,2000,0,0,0,60,60
44439,213106,0,2000,44774,0,0,60,60
44440,213109,0,2000,44441,0,0,60,60
44441,213110,0,1000,0,0,0,60,60
44442,213113,0,2000,0,0,0,60,60
44443,213114,0,3000,44444,0,0,60,60
44444,213115,0,1000,44447,0,0,60,60
44447,212754,0,1000,44448,0,0,60,60
44448,213117,0,1000,0,0,0,60,60
44449,213121,0,2000,0,0,0,60,60
44451,213122,0,2000,0,0,0,60,60
44452,213123,0,1000,0,0,0,60,60
44453,213124,0,1000,0,0,0,60,60
44454,213125,0,2000,0,0,0,60,60
44456,213138,0,1000,44457,0,0,60,60
44457,213139,0,1000,44458,0,0,60,60
44458,213140,0,1000,44459,0,0,60,60
44459,213141,0,1000,0,0,0,60,60
44460,213147,0,1000,0,0,0,60,60
44461,213148,0,1000,0,0,0,60,60
44462,213149,0,1000,0,0,0,60,60
44465,213155,0,1000,0,0,0,60,60
44466,213156,0,0,0,0,0,60,60
44467,213170,0,6000,44468,0,0,60,60
44468,213171,0,6000,44469,0,0,60,60
44469,213172,0,6000,44470,0,0,60,60
44470,213173,0,6000,44471,0,0,60,60
44471,213174,0,6000,44472,0,0,60,60
44472,213175,0,6000,44480,0,0,60,60
44474,213180,0,1000,0,0,0,60,60
44475,213181,0,1000,0,0,0,60,60
44477,213189,0,1000,44478,0,0,60,60
44478,213190,0,1000,44479,0,0,60,60
44479,213191,0,1000,0,0,0,60,60
44480,213186,0,8000,44483,0,0,60,60
44483,213187,0,5000,0,0,0,60,60
44485,213207,0,1000,44486,0,0,60,60
44486,213206,0,400,45519,0,0,60,60
44487,213210,0,1000,0,0,0,60,60
44488,213223,0,1000,0,0,0,60,60
44491,213226,0,1000,44492,0,0,60,60
44492,213227,0,1000,44493,0,2,60,60
44493,213228,0,1000,44494,0,0,60,60
44494,213229,0,1000,0,0,0,60,60
44495,213230,0,1000,0,0,0,60,60
44499,213235,0,1000,44500,0,0,60,60
44500,213236,0,1000,0,0,0,60,60
44506,213266,0,1000,0,0,0,60,60
44507,213267,0,1000,0,0,0,60,60
44508,213306,0,1000,0,0,0,60,60
44509,213303,0,1000,0,0,0,60,60
44510,213302,0,1000,0,0,0,60,60
44511,213300,0,1000,0,0,0,60,60
44512,213305,0,1000,0,0,0,60,60
44513,213307,0,1000,0,0,0,60,60
44514,213308,0,1000,0,0,0,60,60
44515,213309,0,1000,0,0,0,60,60
44516,213310,0,1000,0,0,0,60,60
44522,213334,0,0,0,0,0,60,60
44523,0,0,5000,44427,0,0,60,60
44527,213352,0,1000,0,0,0,60,60
44528,213353,0,1000,0,0,0,60,60
44529,213372,0,2000,44530,0,0,60,60
44530,213373,0,2000,44531,0,0,60,60
44531,213374,0,1000,0,0,0,60,60
44532,213391,0,1000,44533,0,0,60,60
44533,213392,0,1000,0,0,0,60,60
44536,213401,0,1000,0,0,0,60,60
44537,213402,0,1000,0,0,0,60,60
44540,213416,0,1000,44541,0,0,60,60
44541,0,0,0,0,0,0,60,60
44543,213422,0,1000,0,0,0,60,60
44544,213423,0,1000,0,0,0,60,60
44547,213435,0,1000,0,0,0,60,60
44548,213439,0,1000,0,0,0,60,60
44549,213440,0,1000,0,0,0,60,60
44552,213582,0,1000,0,0,0,60,60
44554,213462,0,1000,0,0,0,60,60
44556,213465,0,1000,0,0,0,60,60
44557,213471,0,1000,0,0,0,60,60
44558,213474,0,1000,0,0,0,60,60
44559,213473,0,1000,0,0,0,60,60
44560,213472,0,1000,0,0,0,60,60
44561,212929,0,1000,0,0,0,60,60
44562,213482,0,0,0,0,0,60,60
44563,0,0,0,44565,0,0,60,60
44564,213486,0,1000,0,0,0,60,60
44565,213485,0,1000,0,0,0,60,60
44566,213484,0,1000,0,0,0,60,60
44567,213489,0,1000,0,0,0,60,60
44568,213490,0,1000,0,0,0,60,60
44569,213499,0,0,0,0,0,60,60
44570,213500,0,0,0,0,0,60,60
44571,213501,0,0,0,0,0,60,60
44572,213530,0,1000,0,0,0,60,60
44573,213535,0,1000,0,0,0,60,60
44574,213512,0,1000,0,0,0,60,60
44575,213513,0,1000,0,0,0,60,60
44578,213516,0,0,44579,0,0,60,60
44579,213517,0,2000,44580,0,0,60,60
44580,213518,0,1000,44581,0,2,60,60
44581,213519,0,1000,0,0,0,60,60
44582,213529,0,1000,0,0,0,60,60
44583,213544,0,1000,44585,0,0,60,60
44584,213549,0,1000,0,0,0,60,60
44585,213545,0,1000,44586,0,0,60,60
44586,213546,0,1000,44587,0,0,60,60
44587,213547,0,1000,44588,0,0,60,60
44588,213548,0,1000,44589,0,0,60,60
44589,213555,0,1000,44584,0,0,60,60
44590,213556,0,1000,44591,0,0,60,60
44591,213557,0,1000,44827,0,0,60,60
44592,213574,0,1000,0,0,0,60,60
44593,213576,0,1000,44594,0,0,60,60
44594,213575,0,1000,0,0,0,60,60
44595,213577,0,1000,0,0,0,60,60
44596,213581,0,1000,0,0,0,60,60
44597,213451,0,1000,44596,0,0,60,60
44599,213585,0,1000,0,0,4,60,60
44600,213586,0,1000,0,0,4,60,60
44602,213590,0,1000,44603,0,0,60,60
44603,213591,0,1000,0,0,0,60,60
44604,213592,0,1000,44602,0,0,60,60
44605,212768,0,1000,0,0,0,60,60
44607,212954,0,1000,44980,0,0,60,60
44608,213599,0,4000,44607,0,0,60,60
44609,213601,0,5000,0,0,0,60,60
44610,0,0,3000,44609,0,0,60,60
44611,213602,0,1000,0,0,0,60,60
44612,213607,0,1000,0,0,0,60,60
44616,213612,0,1000,44617,0,0,60,60
44617,213613,0,1000,44618,0,0,60,60
44618,213614,0,1000,44619,0,0,60,60
44619,213615,0,1000,0,0,0,60,60
44620,213616,0,1000,0,0,0,60,60
44621,213617,0,1000,0,0,0,60,60
44622,213620,0,1000,44978,0,0,60,60
44623,213629,0,1000,0,0,0,60,60
44624,213630,0,1000,0,0,0,60,60
44625,213632,0,1000,0,0,0,60,60
44626,213633,0,1000,0,0,0,60,60
44627,213636,0,1000,0,0,1,60,60
44629,213643,0,1000,44630,0,0,60,60
44630,213645,0,1000,44631,0,2,60,60
44631,213646,0,1000,0,0,0,60,60
44632,213653,0,0,0,0,0,60,60
44633,213654,0,0,0,0,0,60,60
44634,213659,0,1000,44635,0,0,60,60
44635,213660,0,1000,44636,0,2,60,60
44636,213661,0,1000,44637,0,2,60,60
44637,213662,0,3000,44638,0,0,60,60
44638,213663,0,1000,0,0,0,60,60
44641,213665,0,1000,0,0,0,60,60
44642,213671,0,1000,0,0,0,60,60
44643,213037,0,1000,44642,0,0,60,60
44645,213675,0,1000,0,0,0,60,60
44646,213676,0,1000,0,0,0,60,60
44647,213678,0,1000,44648,0,0,60,60
44648,213679,0,1000,0,0,0,60,60
44649,213681,0,1000,0,0,0,60,60
44650,213680,0,0,0,0,0,60,60
44651,213682,0,1000,0,0,0,60,60
44652,213684,0,1000,0,0,0,60,60
44653,0,0,4000,44652,0,0,60,60
44656,213704,0,1000,45042,0,0,60,60
44659,213688,0,1000,45044,0,0,60,60
44662,213710,0,1000,0,0,0,60,60
44665,213668,0,1000,45164,0,0,60,60
44666,213714,0,1000,44667,0,0,60,60
44667,213715,0,1000,0,0,0,60,60
44668,213718,0,1000,44669,0,0,60,60
44669,213719,0,1000,0,0,0,60,60
44670,213720,0,1000,0,0,0,60,60
44671,213717,0,1000,0,0,0,60,60
44672,213723,0,1000,44881,0,0,60,60
44673,213724,0,1000,43727,0,0,60,60
44674,213728,0,3000,44677,0,0,60,60
44677,213731,0,2000,44892,0,0,60,60
44680,213734,0,3000,45747,0,0,60,60
44681,0,0,3000,44674,0,0,60,60
44682,213750,0,0,0,0,0,60,60
44685,213753,0,500,44686,0,0,60,60
44686,213754,0,500,45046,0,0,60,60
44687,213390,0,1000,0,0,0,60,60
44691,213395,0,1000,0,0,0,60,60
44692,213774,0,1000,44693,0,0,60,60
44693,213775,0,1000,44694,0,0,60,60
44694,213776,0,1000,0,0,0,60,60
44695,213777,0,1000,0,0,0,60,60
44696,213778,0,1000,44695,0,0,60,60
44698,211674,0,1000,0,0,0,60,60
44701,0,0,1000,0,0,0,60,60
44702,213795,0,1000,0,0,0,60,60
44704,213866,0,1000,0,0,0,60,60
44705,213881,0,1000,0,0,0,60,60
44707,213890,0,1000,0,0,0,60,60
44708,213844,0,0,45424,0,0,60,60
44715,213901,0,1000,44716,0,0,60,60
44716,213902,0,1000,44717,0,0,60,60
44717,213903,0,1000,44718,0,0,60,60
44718,213904,0,2500,44719,0,0,60,60
44719,213905,0,2000,44720,0,0,60,60
44720,213906,0,1500,44721,0,0,60,60
44721,213907,0,1500,44722,0,0,60,60
44722,213908,0,3000,44723,0,0,60,60
44723,213909,0,2000,44724,0,0,60,60
44724,213910,0,1000,44725,0,0,60,60
44725,213911,0,1000,44726,0,0,60,60
44726,213912,0,3000,44743,0,0,60,60
44727,0,0,1000,44728,0,0,60,60
44728,213862,0,0,0,0,0,60,60
44729,213966,0,1000,0,0,0,60,60
44730,214000,0,1000,0,0,0,60,60
44731,214001,0,1000,0,0,0,60,60
44732,214003,0,1000,0,0,0,60,60
44733,214004,0,1000,0,0,0,60,60
44734,214005,0,1000,0,0,0,60,60
44735,214006,0,1000,0,0,0,60,60
44736,214007,0,1000,0,0,0,60,60
44737,214008,0,1000,0,0,0,60,60
44738,214010,0,1000,44739,0,0,60,60
44739,214011,0,1000,44740,0,0,60,60
44740,214013,0,1000,44741,0,0,60,60
44741,214014,0,1000,0,0,0,60,60
44743,0,0,0,0,0,0,60,60
44744,214065,0,1000,0,0,0,60,60
44745,214066,0,1000,0,0,0,60,60
44746,213036,0,2000,44641,0,0,60,60
44747,1148,0,1000,0,0,0,60,60
44748,0,0,1000,44746,0,0,60,60
44749,213784,0,1000,44751,0,0,60,60
44751,213871,0,1000,44752,0,0,60,60
44752,213872,0,1000,44753,0,0,60,60
44753,213873,0,1000,0,0,0,60,60
44755,213035,0,1000,44645,0,0,60,60
44756,0,0,1000,44755,0,0,60,60
44759,213884,0,1000,44760,0,0,60,60
44760,213885,0,1000,0,0,0,60,60
44762,214130,0,1000,0,0,0,60,60
44763,214131,0,10000,44764,0,0,60,60
44764,214132,0,1000,0,0,0,60,60
44765,214139,0,1000,0,0,0,60,60
44772,214138,0,1000,44765,0,0,60,60
44773,213102,0,1000,44439,0,0,60,60
44774,213105,0,2000,44899,0,0,60,60
44777,214155,0,1000,0,0,0,60,60
44779,214164,0,1000,45501,0,0,60,60
44781,214159,0,1000,45469,0,0,60,60
44782,214170,0,1000,44785,0,0,60,60
44783,214160,0,1000,0,0,0,60,60
44784,214166,0,1000,0,0,0,60,60
44785,214171,0,1000,0,0,0,60,60
44786,214172,0,1000,0,0,0,60,60
44787,214193,0,1000,0,0,0,60,60
44788,214194,0,1000,0,0,0,60,60
44790,214196,0,1000,44792,0,0,60,60
44791,214197,0,1000,44790,0,0,60,60
44792,215238,0,1000,0,0,0,60,60
44793,214209,0,1000,0,0,0,60,60
44794,214210,0,1000,0,0,0,60,60
44795,0,0,3000,44509,0,0,60,60
44796,214252,0,1000,0,0,0,60,60
44797,214253,0,1000,0,0,0,60,60
44798,0,0,0,45463,0,0,60,60
44799,214261,0,1000,0,0,0,60,60
44802,214267,0,0,44803,0,0,60,60
44803,214268,0,0,44804,0,0,60,60
44804,214269,0,0,44805,0,0,60,60
44805,214270,0,0,44806,0,0,60,60
44806,214271,0,0,0,0,0,60,60
44807,214273,0,1000,0,0,0,60,60
44808,214283,0,1000,0,0,0,60,60
44809,214285,0,1000,0,0,0,60,60
44810,214280,0,0,44811,0,0,60,60
44811,214281,0,0,44812,0,0,60,60
44812,214282,0,0,44813,0,0,60,60
44813,214284,0,0,44814,0,0,60,60
44814,214286,0,0,44815,0,0,60,60
44815,214287,0,0,0,0,0,60,60
44816,214288,0,1000,44817,0,0,60,60
44817,214289,0,0,0,0,0,60,60
44818,214290,0,1000,0,0,0,60,60
44819,214291,0,1000,0,0,0,60,60
44820,0,0,1000,45707,0,0,60,60
44821,214332,0,1000,0,0,0,60,60
44823,214343,0,1000,0,0,0,60,60
44824,214344,0,1000,44823,0,0,60,60
44825,214345,0,1000,44826,0,0,60,60
44826,214346,0,1000,44353,0,0,60,60
44827,214350,0,1000,0,0,0,60,60
44828,214370,0,250,44829,0,0,60,60
44829,214371,0,250,44830,0,0,60,60
44830,214372,0,250,44831,0,0,60,60
44831,214373,0,250,0,0,0,60,60
44837,214380,0,1000,44838,0,1,60,60
44838,214384,0,1000,44839,0,0,60,60
44839,214386,0,1000,45512,0,0,60,60
44841,214392,0,1000,0,0,0,60,60
44842,214429,0,1000,44843,0,0,60,60
44843,212922,0,1000,0,0,0,60,60
44844,214432,0,1000,44344,0,0,60,60
44845,0,0,1000,44837,0,0,60,60
44848,214437,0,0,0,0,0,60,60
44849,214476,0,0,0,0,0,60,60
44850,214477,0,0,0,0,0,60,60
44851,214478,0,0,0,0,0,60,60
44852,214480,0,1000,45207,0,0,60,60
44853,213369,0,3000,44854,0,0,60,60
44854,214501,0,3000,44855,0,0,60,60
44855,213459,0,1000,0,0,0,60,60
44856,213608,0,1000,44857,0,0,60,60
44857,213609,0,1000,44858,0,0,60,60
44858,213610,0,1000,0,0,0,60,60
44859,214516,0,1000,44860,0,0,60,60
44860,214517,0,1000,45567,0,0,60,60
44861,215743,0,1000,45574,0,0,60,60
44862,214523,0,1000,45450,0,0,60,60
44863,214540,0,1000,45210,0,0,60,60
44864,214541,0,1000,0,0,0,60,60
44865,214542,0,1000,0,0,0,60,60
44866,214543,0,1000,45508,0,0,60,60
44872,214549,0,1000,44873,0,0,60,60
44873,214550,0,1000,0,0,0,60,60
44874,214566,0,1000,0,0,0,60,60
44877,214567,0,1000,0,0,0,60,60
44878,214568,0,1000,0,0,0,60,60
44879,214583,0,1000,0,0,0,60,60
44880,0,0,4000,44511,0,0,60,60
44881,214585,0,1000,44882,0,0,60,60
44882,214586,0,1000,0,0,0,60,60
44883,214575,0,2000,44884,0,0,60,60
44884,214576,0,1000,44885,0,0,60,60
44885,214577,0,3000,44887,0,0,60,60
44887,214579,0,1000,44888,0,0,60,60
44888,214580,0,1000,45635,0,0,60,60
44889,214581,0,1000,44890,0,0,60,60
44890,214582,0,1000,0,0,0,60,60
44891,0,0,2000,44883,0,0,60,60
44892,214493,0,1000,44893,0,0,60,60
44893,213729,0,1000,44680,0,0,60,60
44894,213601,0,1000,0,0,0,60,60
44895,214634,0,1000,44896,0,0,60,60
44896,213596,0,1500,44897,0,1,60,60
44897,214635,0,1000,0,0,0,60,60
44898,214645,0,1000,0,0,0,60,60
44899,214336,0,0,0,0,0,60,60
44900,214660,0,1000,44901,0,0,60,60
44901,214661,0,1000,0,0,0,60,60
44902,214668,0,1000,0,0,0,60,60
44903,214669,0,1000,44904,0,0,60,60
44904,214670,0,1000,0,0,0,60,60
44905,214671,0,1000,44906,0,0,60,60
44906,214672,0,1000,0,0,0,60,60
44915,214673,0,1000,44916,0,0,60,60
44916,214674,0,1000,44917,0,0,60,60
44917,214675,0,1000,44918,0,0,60,60
44918,214676,0,1000,44919,0,0,60,60
44919,214677,0,1000,44920,0,0,60,60
44920,214678,0,1000,44921,0,0,60,60
44921,214679,0,1000,44922,0,0,60,60
44922,214680,0,1000,45174,0,0,60,60
44925,0,0,0,44900,0,0,60,60
44926,0,0,0,44905,0,0,60,60
44927,0,0,2000,44423,0,0,60,60
44928,213090,0,1000,0,0,0,60,60
44929,0,0,0,44903,0,0,60,60
44930,213331,0,1000,44931,0,0,60,60
44931,214334,0,1000,44932,0,0,60,60
44932,214335,0,1000,44933,0,0,60,60
44933,214682,0,1000,0,0,0,60,60
44934,0,0,0,44935,0,0,60,60
44935,214697,0,1000,0,0,0,60,60
44936,214719,0,1000,0,0,0,60,60
44937,0,0,1000,44938,0,0,60,60
44938,214728,0,0,44939,0,0,60,60
44939,214729,0,0,44940,0,0,60,60
44940,214730,0,0,0,0,0,60,60
44941,214654,0,1000,44942,0,0,60,60
44942,214649,0,1000,0,0,0,60,60
44943,214654,0,1000,44944,0,0,60,60
44944,214720,0,1000,0,0,0,60,60
44945,214721,0,1000,44946,0,0,60,60
44946,214649,0,1000,0,0,0,60,60
44947,214721,0,1000,44948,0,0,60,60
44948,214720,0,1000,0,0,0,60,60
44949,214649,0,1000,44950,0,0,60,60
44950,214654,0,1000,0,0,0,60,60
44951,214649,0,1000,44952,0,0,60,60
44952,214721,0,1000,0,0,0,60,60
44953,214720,0,1000,44954,0,0,60,60
44954,214654,0,1000,0,0,0,60,60
44955,214720,0,1000,44956,0,0,60,60
44956,214721,0,1000,0,0,0,60,60
44957,214760,0,1000,44958,0,0,60,60
44958,214761,0,1000,0,0,0,60,60
44959,214773,0,1000,0,0,0,60,60
44960,214774,0,1000,0,0,0,60,60
44961,214794,0,2000,0,0,0,60,60
44962,214799,0,0,44963,0,0,60,60
44963,214800,0,0,0,0,0,60,60
44964,214826,0,1000,0,0,0,60,60
44965,214827,0,1000,0,0,0,60,60
44966,214828,0,500,45228,0,0,60,60
44967,214859,0,1000,44554,0,0,60,60
44968,214862,0,1000,0,0,0,60,60
44970,214863,0,1000,44971,0,0,60,60
44971,214864,0,1000,0,0,0,60,60
44972,0,0,250,44964,0,0,60,60
44973,214342,0,1000,0,0,0,60,60
44974,214873,0,1000,44975,0,0,60,60
44975,214874,0,1000,0,0,0,60,60
44976,214877,0,1000,43729,0,0,60,60
44977,214876,0,1000,43731,0,0,60,60
44978,214879,0,1000,0,0,0,60,60
44979,214956,0,1000,0,0,0,60,60
44980,214957,0,0,0,0,0,60,60
44981,214958,0,1000,44982,0,0,60,60
44982,214959,0,1000,0,0,0,60,60
44984,213393,0,1000,44985,0,0,60,60
44985,213394,0,1000,0,0,0,60,60
44986,213395,0,1000,0,0,0,60,60
44987,213396,0,1000,0,0,0,60,60
44988,215020,0,1000,44989,0,0,60,60
44989,215021,0,1000,0,0,0,60,60
44990,215024,0,1000,44991,0,0,60,60
44991,215025,0,1000,0,0,0,60,60
44992,215046,0,1000,0,0,0,60,60
44998,198695,0,1000,0,0,0,60,60
44999,198695,0,1000,0,0,0,60,60
45000,198695,0,1000,0,0,0,60,60
45001,198695,0,1000,0,0,0,60,60
45002,215065,0,500,45003,0,0,60,60
45003,215066,0,500,0,0,0,60,60
45004,215069,0,1000,45005,0,0,60,60
45005,215070,0,1000,0,0,0,60,60
45006,215073,0,1000,0,0,0,60,60
45007,215089,0,1000,0,0,0,60,60
45008,215092,0,1000,0,0,0,60,60
45009,215068,0,1000,45010,0,0,60,60
45010,215071,0,1000,45011,0,0,60,60
45011,215072,0,1000,0,0,0,60,60
45018,215093,0,1000,45293,0,0,60,60
45027,215095,0,1000,0,0,0,60,60
45028,0,0,2000,44352,0,0,60,60
45029,211661,0,1000,43882,0,0,60,60
45030,215114,0,3000,45031,0,0,60,60
45031,215117,0,1000,0,0,0,60,60
45032,215119,0,0,45033,0,0,60,60
45033,215122,0,0,45034,0,0,60,60
45034,215123,0,0,0,0,0,60,60
45035,215125,0,1000,0,0,0,60,60
45036,0,0,1000,45037,0,0,60,60
45037,215128,0,0,0,0,0,60,60
45038,215130,0,1000,0,0,0,60,60
45039,215131,0,0,45040,0,0,60,60
45040,215132,0,0,0,0,0,60,60
45042,215135,0,1000,45043,0,0,60,60
45043,215138,0,1000,0,0,0,60,60
45044,215140,0,1000,45045,0,0,60,60
45045,215141,0,0,0,0,0,60,60
45046,215147,0,500,0,0,0,60,60
45049,215160,0,1000,45498,0,0,60,60
45050,213097,0,1000,0,0,0,60,60
45051,215161,0,1000,0,0,0,60,60
45052,0,0,3000,45051,0,0,60,60
45053,0,0,3000,45050,0,0,60,60
45054,215179,0,1000,0,0,0,60,60
45055,215142,0,1000,45056,0,0,60,60
45056,215143,0,1000,0,0,0,60,60
45057,213747,0,2000,45200,0,0,60,60
45058,215145,0,1000,45059,0,0,60,60
45059,215146,0,0,0,0,0,60,60
45060,215190,0,1000,45061,0,0,60,60
45061,215191,0,1000,45611,0,0,60,60
45062,215192,0,1000,0,0,0,60,60
45063,215193,0,1000,0,0,0,60,60
45064,215195,0,1000,0,0,0,60,60
45065,214981,0,1000,45066,0,0,60,60
45066,214982,0,0,0,0,0,60,60
45073,215240,0,1000,0,0,1,60,60
45074,215245,0,1000,0,0,0,60,60
45075,214279,0,1000,45076,0,0,60,60
45076,215239,0,1000,0,0,0,60,60
45077,215199,0,0,45078,0,0,60,60
45078,215200,0,0,45079,0,0,60,60
45079,215201,0,0,45080,0,0,60,60
45080,215202,0,0,45081,0,0,60,60
45081,215203,0,0,45082,0,0,60,60
45082,215204,0,0,45083,0,0,60,60
45083,215205,0,0,45084,0,0,60,60
45084,215206,0,0,45085,0,0,60,60
45085,215207,0,0,45086,0,0,60,60
45086,215208,0,0,45087,0,0,60,60
45087,215209,0,0,45088,0,0,60,60
45088,215210,0,0,45089,0,0,60,60
45089,215211,0,0,45090,0,0,60,60
45090,215212,0,0,45091,0,0,60,60
45091,215213,0,0,45092,0,0,60,60
45092,215214,0,0,45093,0,0,60,60
45093,215215,0,0,0,0,0,60,60
45094,214896,0,0,45095,0,0,60,60
45095,214897,0,0,45096,0,0,60,60
45096,214898,0,500,45097,0,0,60,60
45097,214899,0,0,45098,0,0,60,60
45098,214900,0,500,45099,0,0,60,60
45099,214901,0,0,45100,0,0,60,60
45100,214902,0,0,45101,0,0,60,60
45101,214903,0,2000,0,0,0,60,60
45110,215246,0,0,45111,0,0,60,60
45111,215247,0,0,0,0,0,60,60
45112,214887,0,0,45113,0,0,60,60
45113,214888,0,0,45114,0,0,60,60
45114,214889,0,0,45115,0,0,60,60
45115,214890,0,0,45116,0,0,60,60
45116,214891,0,0,45117,0,0,60,60
45117,214892,0,0,45118,0,0,60,60
45118,214893,0,0,45119,0,0,60,60
45119,214894,0,0,45120,0,0,60,60
45120,214895,0,0,0,0,0,60,60
45121,214907,0,0,45122,0,0,60,60
45122,214908,0,500,45123,0,0,60,60
45123,214909,0,0,45124,0,0,60,60
45124,214911,0,0,45125,0,0,60,60
45125,214914,0,0,45126,0,0,60,60
45126,214915,0,0,45127,0,0,60,60
45127,214917,0,0,45128,0,0,60,60
45128,214918,0,0,45129,0,0,60,60
45129,214920,0,0,45130,0,0,60,60
45130,214921,0,0,0,0,0,60,60
45131,215252,0,0,45132,0,0,60,60
45132,215253,0,0,45133,0,0,60,60
45133,215254,0,0,45134,0,0,60,60
45134,215256,0,0,45166,0,0,60,60
45135,215262,0,500,45136,0,0,60,60
45136,215263,0,0,45137,0,0,60,60
45137,215340,0,0,45138,0,0,60,60
45138,215341,0,500,45139,0,0,60,60
45139,215265,0,0,45140,0,0,60,60
45140,215266,0,0,45171,0,0,60,60
45141,215273,0,500,45142,0,0,60,60
45142,215274,0,0,45143,0,0,60,60
45143,215275,0,0,45144,0,0,60,60
45144,215276,0,0,45145,0,0,60,60
45145,215278,0,500,45146,0,0,60,60
45146,215279,0,0,45147,0,0,60,60
45147,215280,0,0,45148,0,0,60,60
45148,215284,0,0,0,0,0,60,60
45149,215327,0,1000,0,0,0,60,60
45150,215329,0,1000,0,0,0,60,60
45151,213737,0,0,45152,0,0,60,60
45152,213738,0,0,45153,0,0,60,60
45153,213739,0,0,45154,0,0,60,60
45154,213740,0,0,45155,0,0,60,60
45155,213741,0,0,45156,0,0,60,60
45156,213742,0,0,45157,0,0,60,60
45157,213746,0,0,45158,0,0,60,60
45158,213743,0,0,45159,0,0,60,60
45159,213744,0,0,45160,0,0,60,60
45160,213745,0,0,45161,0,0,60,60
45161,214339,0,0,45162,0,0,60,60
45162,214340,0,0,45163,0,0,60,60
45163,214492,0,0,0,0,0,60,60
45164,215331,0,1000,0,0,0,60,60
45165,215335,0,1000,0,0,0,60,60
45166,215332,0,0,45167,0,0,60,60
45167,215333,0,0,45168,0,0,60,60
45168,215334,0,0,45169,0,0,60,60
45169,215336,0,0,0,0,0,60,60
45170,215342,0,1000,0,0,0,60,60
45171,215267,0,0,0,0,0,60,60
45172,215348,0,1000,45173,0,0,60,60
45173,215349,0,1000,0,0,0,60,60
45174,215350,0,0,0,0,0,60,60
45175,215351,0,0,45176,0,0,60,60
45176,215352,0,0,45177,0,0,60,60
45177,215353,0,0,45178,0,0,60,60
45178,215354,0,0,45179,0,0,60,60
45179,215355,0,0,45180,0,0,60,60
45180,215356,0,0,45181,0,0,60,60
45181,215357,0,0,45182,0,0,60,60
45182,215358,0,0,0,0,0,60,60
45183,215359,0,1000,45184,0,0,60,60
45184,215360,0,1000,45185,0,0,60,60
45185,215361,0,1000,0,0,0,60,60
45186,215378,0,500,0,0,0,60,60
45187,215379,0,500,0,0,0,60,60
45188,215384,0,1000,0,0,0,60,60
45189,211887,0,500,0,0,0,60,60
45191,214199,0,1000,45192,0,0,60,60
45192,214200,0,1000,45193,0,0,60,60
45193,214201,0,1000,0,0,0,60,60
45194,215291,0,0,45195,0,0,60,60
45195,215293,0,0,45198,0,0,60,60
45196,215409,0,1000,45236,0,0,60,60
45197,215292,0,2000,45286,0,0,60,60
45198,0,0,4000,45234,0,0,60,60
45199,0,0,3000,45057,0,0,60,60
45200,215413,0,1000,45058,0,0,60,60
45201,215176,0,1000,0,0,0,60,60
45202,215414,0,1000,0,0,0,60,60
45203,215174,0,1000,0,0,0,60,60
45204,215173,0,1000,0,0,0,60,60
45205,215172,0,1000,45206,0,0,60,60
45206,215581,0,1000,0,0,0,60,60
45207,215171,0,1000,45208,0,0,60,60
45208,215415,0,1000,45209,0,0,60,60
45209,215178,0,1000,0,0,0,60,60
45210,215177,0,1000,0,0,0,60,60
45211,215346,0,1000,0,0,0,60,60
45212,215425,0,1000,0,0,0,60,60
45213,215345,0,1000,0,0,0,60,60
45214,215343,0,1000,0,0,0,60,60
45215,215404,0,1000,0,0,0,60,60
45216,215407,0,1000,0,0,0,60,60
45217,215426,0,1000,0,0,0,60,60
45218,215427,0,1000,0,0,0,60,60
45219,215430,0,1000,0,0,0,60,60
45220,215431,0,1000,0,0,0,60,60
45221,213520,0,0,45222,0,0,60,60
45222,213521,0,0,45223,0,0,60,60
45223,215036,0,0,45224,0,0,60,60
45224,213522,0,0,45225,0,0,60,60
45225,213523,0,0,45226,0,0,60,60
45226,213525,0,0,45227,0,0,60,60
45227,213524,0,0,0,0,0,60,60
45228,213576,0,0,45229,0,0,60,60
45229,213575,0,0,0,0,0,60,60
45231,215232,0,1000,45232,0,0,60,60
45232,215234,0,1000,45233,0,0,60,60
45233,215674,0,1000,0,0,0,60,60
45234,0,0,500,45235,0,0,60,60
45235,0,0,500,45196,0,0,60,60
45236,0,0,2000,45197,0,0,60,60
45237,215362,0,0,45513,0,0,60,60
45238,215363,0,0,45239,0,0,60,60
45239,215364,0,0,45240,0,0,60,60
45240,215365,0,0,45241,0,0,60,60
45241,215366,0,0,45514,0,0,60,60
45242,215367,0,0,45243,0,0,60,60
45243,215368,0,0,45535,0,0,60,60
45244,215369,0,0,45245,0,0,60,60
45245,215370,0,0,45246,0,0,60,60
45246,215371,0,0,45247,0,0,60,60
45247,215372,0,0,45248,0,0,60,60
45248,215373,0,0,45249,0,0,60,60
45249,215374,0,0,45515,0,0,60,60
45250,215375,0,0,45516,0,0,60,60
45251,215376,0,0,45517,0,0,60,60
45252,215377,0,0,45518,0,0,60,60
45253,215388,0,0,45568,0,0,60,60
45254,215389,0,0,45255,0,0,60,60
45255,215390,0,0,45570,0,0,60,60
45256,215391,0,0,45571,0,0,60,60
45257,215392,0,0,45573,0,0,60,60
45258,215393,0,0,45576,0,0,60,60
45259,215394,0,0,0,0,0,60,60
45260,215216,0,500,45261,0,0,60,60
45261,215217,0,500,45262,0,0,60,60
45262,215218,0,500,45263,0,0,60,60
45263,215219,0,500,45264,0,0,60,60
45264,215220,0,500,45265,0,0,60,60
45265,215221,0,0,45266,0,0,60,60
45266,215222,0,500,45267,0,0,60,60
45267,215223,0,500,45268,0,0,60,60
45268,215224,0,500,45269,0,0,60,60
45269,215225,0,500,45270,0,0,60,60
45270,215226,0,500,0,0,0,60,60
45271,215441,0,1000,45272,0,0,60,60
45272,215442,0,1000,45753,0,0,60,60
45273,215243,0,0,0,0,0,60,60
45274,215444,0,1000,0,0,0,60,60
45276,213011,0,1000,0,0,0,60,60
45277,213414,0,3000,45278,0,0,60,60
45278,215437,0,1000,0,0,0,60,60
45279,215454,0,1000,0,0,0,60,60
45282,215396,0,1000,45283,0,0,60,60
45283,215397,0,0,45284,0,0,60,60
45284,215398,0,0,45285,0,0,60,60
45285,215399,0,0,45464,0,0,60,60
45286,0,0,0,0,0,0,60,60
45289,215479,0,1000,0,0,0,60,60
45290,214009,0,0,45291,0,0,60,60
45291,214012,0,2000,45806,0,0,60,60
45292,214015,0,0,0,0,0,60,60
45293,211651,0,1000,0,0,0,60,60
45294,214871,0,0,0,0,0,60,60
45295,0,0,0,43688,0,0,60,60
45296,214870,0,0,0,0,0,60,60
45297,214869,0,0,0,0,0,60,60
45298,214872,0,0,0,0,0,60,60
45299,211627,0,1000,0,0,0,60,60
45300,214868,0,0,0,0,0,60,60
45301,214867,0,0,0,0,0,60,60
45302,215194,0,1000,45303,0,0,60,60
45303,215196,0,0,0,0,0,60,60
45304,215488,0,2000,45305,0,0,60,60
45305,215489,0,2000,45306,0,0,60,60
45306,215487,0,2000,45307,0,0,60,60
45307,215490,0,2000,0,0,0,60,60
45308,215244,0,0,0,0,0,60,60
45309,213491,0,0,45310,0,0,60,60
45310,213492,0,0,45311,0,0,60,60
45311,213493,0,0,45312,0,0,60,60
45312,213494,0,0,45313,0,0,60,60
45313,213495,0,0,45314,0,0,60,60
45314,213496,0,0,45315,0,0,60,60
45315,213497,0,0,0,0,0,60,60
45316,215520,0,1000,0,0,0,60,60
45317,214024,0,0,45318,0,0,60,60
45318,214025,0,0,45319,0,0,60,60
45319,214026,0,0,0,0,0,60,60
45320,215255,0,1000,45321,0,0,60,60
45321,215257,0,1000,0,0,0,60,60
45322,215521,0,3000,45326,0,0,60,60
45326,215529,0,0,0,0,0,60,60
45329,215165,0,1000,0,0,0,60,60
45330,215525,0,1000,0,0,0,60,60
45331,215522,0,1000,0,0,0,60,60
45332,215524,0,1000,0,0,0,60,60
45333,214054,0,0,45334,0,0,60,60
45334,214055,0,0,45335,0,0,60,60
45335,214056,0,0,45336,0,0,60,60
45336,214057,0,0,45986,0,0,60,60
45339,215175,0,1000,44863,0,0,60,60
45340,214058,0,0,45345,0,0,60,60
45341,215248,0,0,45342,0,0,60,60
45342,215249,0,0,45343,0,0,60,60
45343,215250,0,0,45344,0,0,60,60
45344,215251,0,0,0,0,0,60,60
45345,214059,0,0,45346,0,0,60,60
45346,214060,0,0,0,0,0,60,60
45347,215537,0,4000,45348,0,0,60,60
45348,215538,0,3000,45349,0,0,60,60
45349,215539,0,2000,45350,0,0,60,60
45350,215540,0,1000,0,0,0,60,60
45351,214067,0,0,45352,0,0,60,60
45352,214068,0,0,45353,0,0,60,60
45353,214069,0,0,0,0,0,60,60
45354,0,0,1000,45355,0,0,60,60
45355,215486,0,0,0,0,0,60,60
45356,0,0,1000,45357,0,0,60,60
45357,213857,0,1000,45358,0,0,60,60
45358,213621,0,2000,45359,0,0,60,60
45359,213860,0,1000,45360,0,0,60,60
45360,213622,0,0,0,0,0,60,60
45361,215268,0,1000,45362,0,0,60,60
45362,215269,0,1000,45363,0,0,60,60
45363,215472,0,1000,45364,0,0,60,60
45364,215473,0,1000,0,0,0,60,60
45365,0,0,1000,45366,0,0,60,60
45366,215547,0,0,45367,0,0,60,60
45367,215548,0,1000,45368,0,0,60,60
45368,215549,0,1000,45369,0,0,60,60
45369,215551,0,0,45370,0,0,60,60
45370,215550,0,0,0,0,0,60,60
45372,214071,0,0,45373,0,0,60,60
45373,214072,0,0,45374,0,0,60,60
45374,214073,0,0,45375,0,0,60,60
45375,214074,0,0,0,0,0,60,60
45376,214078,0,1000,45377,0,0,60,60
45377,214081,0,0,0,0,0,60,60
45378,214075,0,0,45379,0,0,60,60
45379,214077,0,0,0,0,0,60,60
45380,214078,0,0,45381,0,0,60,60
45381,214079,0,0,0,0,0,60,60
45382,214086,0,0,46060,0,0,60,60
45384,214089,0,0,45385,0,0,60,60
45385,214090,0,0,45386,0,0,60,60
45386,214091,0,0,45387,0,0,60,60
45387,215436,0,0,45388,0,0,60,60
45388,214104,0,0,45389,0,0,60,60
45389,214105,0,0,0,0,0,60,60
45390,214106,0,0,45391,0,0,60,60
45391,214107,0,0,45392,0,0,60,60
45392,214108,0,0,45393,0,0,60,60
45393,214109,0,0,45394,0,0,60,60
45394,214110,0,0,45395,0,0,60,60
45395,214112,0,0,0,0,0,60,60
45396,214113,0,0,45397,0,0,60,60
45397,214114,0,0,45398,0,0,60,60
45398,214115,0,0,45399,0,0,60,60
45399,214116,0,0,0,0,0,60,60
45400,214117,0,0,45401,0,0,60,60
45401,214118,0,0,0,0,0,60,60
45402,214119,0,0,45403,0,0,60,60
45403,214120,0,0,0,0,0,60,60
45404,214121,0,3000,45405,0,0,60,60
45405,214122,0,3000,45406,0,0,60,60
45406,214123,0,0,0,0,0,60,60
45407,214124,0,0,0,0,0,60,60
45408,214125,0,0,45409,0,0,60,60
45409,214126,0,0,0,0,0,60,60
45410,214127,0,0,45411,0,0,60,60
45411,214128,0,0,45412,0,0,60,60
45412,214129,0,0,0,0,0,60,60
45413,215554,0,1000,45414,0,0,60,60
45414,215555,0,0,45415,0,0,60,60
45415,226324,0,0,45416,0,0,60,60
45416,215556,0,0,0,0,0,60,60
45417,215557,0,0,45418,0,0,60,60
45418,215562,0,0,0,0,0,60,60
45419,215268,0,1000,45420,0,0,60,60
45420,215269,0,1000,45421,0,0,60,60
45421,215472,0,1000,45422,0,0,60,60
45422,215473,0,1000,0,0,0,60,60
45423,0,0,1000,44708,0,0,60,60
45424,213735,0,1000,45425,0,0,60,60
45425,213736,0,0,45426,0,0,60,60
45426,215502,0,0,0,0,0,60,60
45427,215507,0,0,45428,0,0,60,60
45428,215508,0,0,0,0,0,60,60
45429,213082,0,3500,45430,0,0,60,60
45430,215563,0,1000,0,0,0,60,60
45431,215564,0,1000,0,0,0,60,60
45432,214435,0,1000,45433,0,0,60,60
45433,214436,0,1000,45434,0,0,60,60
45434,214404,0,1000,0,0,0,60,60
45437,215568,0,1000,45438,0,0,60,60
45438,215569,0,1000,45470,0,0,60,60
45439,215570,0,1000,45440,0,0,60,60
45440,215571,0,1000,45442,0,0,60,60
45441,215573,0,1000,45443,0,0,60,60
45442,215574,0,1000,45441,0,0,60,60
45443,215575,0,2000,45444,0,0,60,60
45444,215576,0,1000,45468,0,0,60,60
45446,214063,0,0,0,0,0,60,60
45450,214656,0,1000,45451,0,0,60,60
45451,214657,0,1000,0,0,0,60,60
45452,215381,0,1000,45453,0,0,60,60
45453,215382,0,0,45454,0,0,60,60
45454,215383,0,0,0,0,0,60,60
45455,215395,0,1000,0,0,1,60,60
45456,215594,0,1000,0,0,0,60,60
45457,222856,0,250,48743,0,0,60,60
45458,222855,0,250,45457,0,0,60,60
45460,222857,0,0,45461,0,0,60,60
45461,222858,0,0,48193,0,0,60,60
45463,0,0,1000,44298,0,0,60,60
45464,215400,0,0,45639,0,0,60,60
45465,215401,0,0,45466,0,0,60,60
45466,215714,0,0,45520,0,0,60,60
45467,215163,0,1000,44779,0,1,60,60
45468,215628,0,0,0,0,0,60,60
45469,215164,0,1000,44783,0,0,60,60
45470,215630,0,1000,45439,0,0,60,60
45475,214983,0,1000,45476,0,0,60,60
45476,214984,0,500,45477,0,0,60,60
45477,214985,0,250,45478,0,0,60,60
45478,214986,0,750,45479,0,0,60,60
45479,214988,0,500,45480,0,0,60,60
45480,214990,0,500,45481,0,0,60,60
45481,215625,0,500,45482,0,0,60,60
45482,215626,0,1000,45483,0,0,60,60
45483,215627,0,750,0,0,0,60,60
45484,215637,0,0,45485,0,0,60,60
45485,215638,0,0,45486,0,0,60,60
45486,215639,0,0,45487,0,0,60,60
45487,215640,0,0,0,0,0,60,60
45488,214472,0,0,45489,0,0,60,60
45489,215645,0,0,45490,0,0,60,60
45490,215646,0,0,45491,0,0,60,60
45491,215647,0,0,0,0,0,60,60
45492,215648,0,0,0,0,0,60,60
45493,215649,0,1000,45494,0,0,60,60
45494,215650,0,0,0,0,0,60,60
45495,215651,0,0,0,0,0,60,60
45496,215661,0,1000,46496,0,0,60,60
45497,215662,0,1000,0,0,1,60,60
45498,215664,0,1000,45499,0,0,60,60
45499,215665,0,1000,45500,0,0,60,60
45500,215666,0,1000,0,0,0,60,60
45501,215667,0,0,45502,0,0,60,60
45502,215668,0,0,44781,0,0,60,60
45504,215670,0,0,45505,0,0,60,60
45505,215671,0,0,45506,0,2,60,60
45506,215672,0,0,45507,0,0,60,60
45507,215673,0,0,0,0,0,60,60
45508,215231,0,0,45509,0,0,60,60
45509,215235,0,0,0,0,0,60,60
45510,215678,0,0,45511,0,0,60,60
45511,214548,0,0,0,0,0,60,60
45512,215679,0,0,0,0,0,60,60
45513,215708,0,0,45238,0,0,60,60
45514,215709,0,0,45242,0,0,60,60
45515,215710,0,0,45250,0,0,60,60
45516,215711,0,0,45251,0,0,60,60
45517,215712,0,0,45252,0,0,60,60
45518,215713,0,0,0,0,0,60,60
45519,213210,0,1000,0,0,0,60,60
45520,215403,0,0,45521,0,0,60,60
45521,215715,0,0,45522,0,0,60,60
45522,215716,0,0,0,0,0,60,60
45527,215718,0,0,45528,0,0,60,60
45528,215719,0,0,45529,0,0,60,60
45529,215720,0,0,45530,0,0,60,60
45530,215721,0,0,45531,0,0,60,60
45531,215722,0,0,45532,0,0,60,60
45532,215723,0,0,45533,0,0,60,60
45533,215724,0,0,45534,0,0,60,60
45534,215725,0,0,0,0,2,60,60
45535,215726,0,0,45244,0,0,60,60
45536,213002,0,1000,45537,0,0,60,60
45537,213003,0,1000,45538,0,0,60,60
45538,213005,0,1000,0,0,0,60,60
45539,215699,0,3000,0,0,0,60,60
45543,215700,0,5000,45544,0,0,60,60
45544,215701,0,5000,45545,0,0,60,60
45545,215702,0,5000,0,0,0,60,60
45546,215703,0,1000,0,0,0,60,60
45547,215704,0,1000,0,0,0,60,60
45548,215731,0,1000,0,0,0,60,60
45554,215240,0,1000,45555,0,1,60,60
45555,188692,0,1000,45556,0,0,60,60
45556,215165,0,0,0,0,0,60,60
45557,215232,0,1000,45558,0,0,60,60
45558,215234,0,1000,45559,0,0,60,60
45559,215674,0,1000,0,0,0,60,60
45560,215675,0,1000,45561,0,0,60,60
45561,215676,0,1000,45562,0,0,60,60
45562,215677,0,1000,0,0,0,60,60
45563,214544,0,1000,45564,0,0,60,60
45564,214545,0,1000,0,0,0,60,60
45567,214521,0,0,0,0,0,60,60
45568,215748,0,0,45569,0,0,60,60
45569,215750,0,0,45254,0,0,60,60
45570,215751,0,0,45256,0,0,60,60
45571,215752,0,0,45572,0,0,60,60
45572,215753,0,0,45257,0,0,60,60
45573,215754,0,0,45258,0,0,60,60
45574,215744,0,0,45577,0,0,60,60
45575,215745,0,0,0,0,0,60,60
45576,215755,0,0,45259,0,0,60,60
45577,215756,0,0,45575,0,0,60,60
45578,215758,0,1000,0,0,0,60,60
45579,215757,0,1000,45578,0,0,60,60
45580,215705,0,3000,0,0,0,60,60
45581,215706,0,3000,0,0,0,60,60
45582,215707,0,3000,0,0,0,60,60
45583,215760,0,0,45584,0,0,60,60
45584,215761,0,0,45585,0,0,60,60
45585,215129,0,0,0,0,0,60,60
45586,214461,0,0,45587,0,0,60,60
45587,214163,0,0,45588,0,0,60,60
45588,214747,0,0,45589,0,0,60,60
45589,215008,0,0,0,0,0,60,60
45590,215418,0,1000,45591,0,0,60,60
45591,215764,0,1000,45592,0,0,60,60
45592,215765,0,0,0,0,0,60,60
45593,214071,0,0,45594,0,0,60,60
45594,214072,0,0,45595,0,0,60,60
45595,214073,0,0,45596,0,0,60,60
45596,214074,0,0,0,0,0,60,60
45597,215617,0,0,0,0,0,60,60
45598,215582,0,1000,0,0,0,60,60
45599,215728,0,1000,0,0,0,60,60
45600,215695,0,3000,0,0,0,60,60
45601,215696,0,5000,45602,0,0,60,60
45602,215697,0,5000,45603,0,0,60,60
45603,215698,0,2000,0,0,0,60,60
45604,215688,0,1000,0,0,0,60,60
45605,215693,0,3000,0,0,0,60,60
45606,215694,0,3000,0,0,0,60,60
45607,215689,0,3000,0,0,0,60,60
45608,215690,0,3000,0,0,0,60,60
45609,215692,0,3000,0,0,0,60,60
45610,215691,0,3000,0,0,0,60,60
45611,215781,0,1000,0,0,0,60,60
45615,215785,0,0,45616,0,0,60,60
45616,215786,0,0,45617,0,0,60,60
45617,215787,0,0,45618,0,0,60,60
45618,215788,0,0,45619,0,0,60,60
45619,215789,0,0,45620,0,0,60,60
45620,215790,0,0,45621,0,0,60,60
45621,215791,0,0,0,0,0,60,60
45622,215682,0,1000,0,0,0,60,60
45623,215683,0,4000,45624,0,0,60,60
45624,215684,0,6000,45625,0,0,60,60
45625,215685,0,4000,45626,0,0,60,60
45626,215686,0,4000,0,0,0,60,60
45628,214442,0,1000,0,0,1,60,60
45629,214443,0,1000,0,0,1,60,60
45630,214505,0,0,45631,0,0,60,60
45631,214506,0,0,45632,0,0,60,60
45632,215035,0,0,0,0,0,60,60
45633,213238,0,1000,45634,0,0,60,60
45634,213240,0,1000,0,0,0,60,60
45635,215157,0,0,44889,0,0,60,60
45636,213750,0,1000,45637,0,0,60,60
45637,215823,0,1000,0,0,0,60,60
45638,214865,0,0,0,0,0,60,60
45639,215807,0,0,45640,0,0,60,60
45640,215808,0,0,45465,0,0,60,60
45642,0,0,0,44965,0,0,60,60
45643,0,0,500,44966,0,0,60,60
45644,0,0,500,44595,0,0,60,60
45645,0,0,500,44990,0,0,60,60
45646,0,0,500,44656,0,0,60,60
45647,0,0,500,44659,0,0,60,60
45648,213866,0,1000,0,0,0,60,60
45649,215888,0,0,45650,0,0,60,60
45650,215889,0,0,45651,0,0,60,60
45651,215890,0,0,0,0,0,60,60
45652,215887,0,0,0,0,0,60,60
45653,215891,0,0,0,0,0,60,60
45654,215892,0,0,45660,0,0,60,60
45655,215893,0,0,45661,0,0,60,60
45656,215894,0,0,45658,0,0,60,60
45657,215895,0,0,45659,0,0,60,60
45658,215900,0,0,0,0,0,60,60
45659,215899,0,0,0,0,0,60,60
45660,215897,0,0,0,0,0,60,60
45661,215898,0,0,0,0,0,60,60
45662,214970,0,1000,45663,0,1,60,60
45663,214971,0,1000,45664,0,1,60,60
45664,214979,0,1000,45665,0,1,60,60
45665,214989,0,1000,0,0,1,60,60
45666,214970,0,1000,45667,0,1,60,60
45667,214971,0,1000,45668,0,1,60,60
45668,214979,0,1000,45669,0,1,60,60
45669,214989,0,1000,0,0,1,60,60
45670,214992,0,1000,45671,0,1,60,60
45671,214994,0,1000,45672,0,1,60,60
45672,214996,0,1000,45673,0,1,60,60
45673,215001,0,1000,0,0,1,60,60
45674,214964,0,1000,45675,0,1,60,60
45675,214965,0,1000,0,0,1,60,60
45676,215004,0,1000,45662,0,1,60,60
45679,213150,0,1000,45680,0,0,60,60
45680,213151,0,1000,0,0,0,60,60
45681,212999,0,100,44395,0,0,60,60
45682,0,0,0,44685,0,0,60,60
45683,215445,0,1000,0,0,0,60,60
45684,216184,0,1000,45685,0,0,60,60
45685,216881,0,1000,0,0,0,60,60
45686,0,0,500,45475,0,0,60,60
45687,215953,0,0,45689,0,0,60,60
45688,215952,0,0,45687,0,0,60,60
45689,215954,0,0,45690,0,0,60,60
45690,215955,0,0,45691,0,0,60,60
45691,215956,0,0,0,0,0,60,60
45697,215957,0,0,45698,0,0,60,60
45698,215958,0,0,45699,0,0,60,60
45699,0,0,3000,45700,0,0,60,60
45700,215959,0,0,45701,0,0,60,60
45701,215960,0,0,0,0,0,60,60
45702,215405,0,1000,0,0,0,60,60
45705,215976,0,1000,0,0,0,60,60
45706,0,0,2000,45121,0,0,60,60
45707,212860,0,1000,44462,0,0,60,60
45708,211907,0,1000,0,0,2,60,60
45709,216015,0,1000,0,0,2,60,60
45710,214086,0,0,45711,0,0,60,60
45711,214087,0,0,0,0,0,60,60
45719,0,0,1000,0,0,0,60,60
45720,216028,0,1000,45721,0,0,60,60
45721,216029,0,0,0,0,0,60,60
45722,215803,0,3000,0,0,0,60,60
45723,216031,0,1000,0,0,0,60,60
45724,216032,0,1000,45725,0,0,60,60
45725,216033,0,1000,45989,0,0,60,60
45726,216034,0,1000,45727,0,0,60,60
45727,216035,0,0,45728,0,0,60,60
45728,216036,0,0,45729,0,0,60,60
45729,216037,0,0,45731,0,0,60,60
45730,0,0,1000,45726,0,0,60,60
45731,0,0,0,0,0,0,60,60
45732,215338,0,1000,0,0,0,60,60
45733,216057,0,1000,45734,0,0,60,60
45734,216056,0,1000,0,0,0,60,60
45737,216058,0,1000,45738,0,1,60,60
45738,216059,0,1000,0,0,0,60,60
45739,216060,0,1000,0,0,0,60,60
45740,216061,0,1000,0,0,0,60,60
45741,216062,0,1000,0,0,0,60,60
45742,214312,0,500,0,0,0,60,60
45743,0,0,3000,44773,0,0,60,60
45744,112893,0,500,45745,0,0,60,60
45745,214309,0,500,0,0,0,60,60
45746,214310,0,500,0,0,0,60,60
45747,215089,0,1000,0,0,0,60,60
45748,214311,0,500,0,0,0,60,60
45749,214313,0,500,45750,0,0,60,60
45750,113928,0,500,0,0,0,60,60
45751,216093,0,3000,0,0,0,60,60
45752,215687,0,3000,0,0,0,60,60
45753,216100,0,0,45771,0,0,60,60
45754,215616,0,0,0,0,0,60,60
45755,214557,0,0,0,0,0,60,60
45756,214558,0,2000,45372,0,0,60,60
45757,215003,0,1000,45670,0,1,60,60
45759,216123,0,0,45760,0,0,60,60
45760,216126,0,0,45764,0,2,60,60
45761,216125,0,1000,0,0,0,60,60
45762,216128,0,1000,0,0,0,60,60
45764,216130,0,0,0,0,0,60,60
45765,216131,0,1000,45766,0,0,60,60
45766,207608,0,1000,0,0,0,60,60
45767,216132,0,1000,0,0,0,60,60
45768,216134,0,1000,0,0,0,60,60
45769,216135,0,1000,0,0,0,60,60
45770,216136,0,1000,0,0,0,60,60
45771,216139,0,0,0,0,0,60,60
45774,0,0,2000,45775,0,0,60,60
45775,216150,0,1000,45776,0,0,60,60
45776,0,0,1000,0,0,0,60,60
45782,0,0,500,45783,0,0,60,60
45783,216152,0,1000,0,0,0,60,60
45784,216153,0,1000,0,0,0,60,60
45785,216157,0,1000,0,0,0,60,60
45786,216158,0,1000,0,0,0,60,60
45788,216161,0,1000,0,0,0,60,60
45789,207725,0,1000,45790,0,0,60,60
45790,207726,0,1000,45791,0,0,60,60
45791,207727,0,1000,45792,0,0,60,60
45792,207801,0,1000,0,0,0,60,60
45793,216135,0,1000,45789,0,0,60,60
45794,207747,0,1000,45795,0,0,60,60
45795,216166,0,1000,45796,0,0,60,60
45796,207750,0,1000,45797,0,0,60,60
45797,216167,0,1000,0,0,0,60,60
45798,216167,0,1000,0,0,0,60,60
45799,216137,0,1000,0,0,0,60,60
45800,0,0,1000,45801,0,0,60,60
45801,216169,0,1000,0,0,0,60,60
45802,216196,0,1000,45804,0,0,60,60
45803,216197,0,1000,0,0,0,60,60
45804,216198,0,250,45803,0,0,60,60
45806,214024,0,0,45807,0,0,60,60
45807,214025,0,0,45808,0,0,60,60
45808,214026,0,0,45292,0,0,60,60
45809,214062,0,0,45811,0,0,60,60
45811,214064,0,3000,0,0,0,60,60
45824,213154,0,1000,0,0,0,60,60
45826,216272,0,1000,45827,0,0,60,60
45827,216273,0,1000,0,0,0,60,60
45830,216274,0,0,45831,0,0,60,60
45831,216275,0,0,45832,0,0,60,60
45832,216276,0,3000,45854,0,0,60,60
45833,216277,0,0,45834,0,0,60,60
45834,216278,0,0,0,0,0,60,60
45837,0,0,2000,45830,0,0,60,60
45838,216279,0,0,45839,0,0,60,60
45839,216280,0,0,45840,0,0,60,60
45840,0,0,3000,45841,0,0,60,60
45841,216285,0,0,45842,0,0,60,60
45842,216286,0,0,0,0,0,60,60
45846,216291,0,0,45847,0,0,60,60
45847,216292,0,0,45848,0,0,60,60
45848,216293,0,0,45850,0,0,60,60
45850,216294,0,0,0,0,0,60,60
45851,216288,0,0,45852,0,0,60,60
45852,216289,0,0,45853,0,0,60,60
45853,216290,0,3000,0,0,0,60,60
45854,0,0,3000,45833,0,0,60,60
45855,216300,0,1000,45856,0,0,60,60
45856,216301,0,1000,0,0,0,60,60
45857,216304,0,1000,0,0,0,60,60
45861,216308,0,1000,0,0,0,60,60
45866,216311,0,1000,45867,0,0,60,60
45867,216312,0,1000,0,0,0,60,60
45868,216313,0,1000,45869,0,0,60,60
45869,216314,0,1000,0,0,0,60,60
45870,216316,0,1000,45871,0,0,60,60
45871,216317,0,1000,0,0,0,60,60
45872,216321,0,1000,0,0,0,60,60
45873,216315,0,0,45874,0,0,60,60
45874,216318,0,1000,0,0,0,60,60
45875,216322,0,1000,45876,0,0,60,60
45876,216323,0,1000,0,0,0,60,60
45877,216324,0,1000,0,0,0,60,60
45878,216325,0,1000,0,0,0,60,60
45879,216326,0,1000,0,0,0,60,60
45880,216331,0,1000,0,0,0,60,60
45882,216332,0,1000,45883,0,0,60,60
45883,216333,0,1000,45884,0,0,60,60
45884,216334,0,1000,45885,0,0,60,60
45885,216335,0,1000,45886,0,0,60,60
45886,216336,0,1000,45887,0,0,60,60
45887,0,0,0,0,0,0,60,60
45888,216339,0,1000,45889,0,0,60,60
45889,216340,0,1000,45890,0,0,60,60
45890,216341,0,1000,0,0,0,60,60
45892,216344,0,1000,45893,0,0,60,60
45893,216345,0,1000,0,0,0,60,60
45898,216353,0,1000,45899,0,0,60,60
45899,216354,0,1000,0,0,0,60,60
45900,216355,0,8000,46016,0,0,60,60
45901,216356,0,1000,45902,0,0,60,60
45902,216357,0,1000,46375,0,0,60,60
45903,216358,0,1000,0,0,0,60,60
45904,216359,0,10000,46015,0,0,60,60
45905,216360,0,1000,45906,0,0,60,60
45906,216361,0,1000,0,0,0,60,60
45907,216363,0,1000,0,0,0,60,60
45908,216364,0,1000,45909,0,0,60,60
45909,216365,0,1000,46472,0,0,60,60
45911,216366,0,1000,0,0,0,60,60
45914,214491,0,5000,45915,0,1,60,60
45915,214070,0,0,0,0,0,60,60
45916,216364,0,1000,45917,0,0,60,60
45917,216365,0,1000,45918,0,0,60,60
45918,216366,0,1000,0,0,0,60,60
45919,215160,0,1000,45920,0,0,60,60
45920,215664,0,1000,45921,0,0,60,60
45921,215665,0,1000,45922,0,0,60,60
45922,215666,0,1000,44799,0,0,60,60
45923,216371,0,1000,45924,0,0,60,60
45924,216372,0,1000,0,0,0,60,60
45925,216373,0,1000,45926,0,0,60,60
45926,216374,0,1000,0,0,0,60,60
45927,216375,0,1000,0,0,0,60,60
45928,216376,0,1000,45929,0,0,60,60
45929,216377,0,1000,0,0,0,60,60
45930,216378,0,1000,45927,0,0,60,60
45932,216400,0,1000,45933,0,0,60,60
45933,216401,0,1000,45934,0,0,60,60
45934,216402,0,1000,45935,0,0,60,60
45935,216403,0,1000,45936,0,0,60,60
45936,216404,0,1000,45937,0,0,60,60
45937,216405,0,2000,46447,0,0,60,60
45938,216406,0,1000,45939,0,0,60,60
45939,216407,0,1000,45940,0,0,60,60
45940,216408,0,1000,0,0,0,60,60
45941,216409,0,1000,0,0,0,60,60
45942,216410,0,1000,0,0,0,60,60
45943,216411,0,1000,45944,0,0,60,60
45944,216412,0,1000,45945,0,0,60,60
45945,216413,0,1000,45946,0,0,60,60
45946,216414,0,1000,45947,0,0,60,60
45947,216415,0,1000,45948,0,0,60,60
45948,216416,0,1000,45949,0,0,60,60
45949,0,0,0,0,0,0,60,60
45950,216417,0,1000,45957,0,0,60,60
45952,213117,0,1000,0,0,0,60,60
45953,216420,0,5000,45954,0,0,60,60
45954,0,0,0,0,0,0,60,60
45955,216432,0,1000,45956,0,0,60,60
45956,216433,0,1000,0,0,0,60,60
45957,216434,0,1000,45958,0,0,60,60
45958,216435,0,1000,45959,0,0,60,60
45959,216436,0,1000,45960,0,0,60,60
45960,216437,0,1000,0,0,0,60,60
45961,216347,0,3000,45962,0,0,60,60
45962,216444,0,2000,45963,0,0,60,60
45963,216445,0,1000,0,0,0,60,60
45964,216446,0,1000,0,0,0,60,60
45965,216448,0,1000,45966,0,0,60,60
45966,216449,0,1000,45967,0,0,60,60
45967,216450,0,1000,45968,0,0,60,60
45968,216451,0,1000,45969,0,0,60,60
45969,216452,0,1000,45970,0,0,60,60
45970,216453,0,1000,45971,0,0,60,60
45971,216454,0,1000,45972,0,0,60,60
45972,216455,0,1000,0,0,0,60,60
45973,216459,0,1000,45974,0,0,60,60
45974,216460,0,1000,0,0,1,60,60
45977,216465,0,1000,0,0,0,60,60
45979,216466,0,1000,45980,0,0,60,60
45980,230200,0,500,50909,0,0,60,60
45981,230251,0,1000,50922,0,0,60,60
45983,214062,0,0,45984,0,0,60,60
45984,214064,0,0,0,0,0,60,60
45985,216474,0,1000,0,0,0,60,60
45986,214058,0,0,45987,0,0,60,60
45987,214059,0,0,45988,0,0,60,60
45988,214060,0,0,0,0,0,60,60
45989,216490,0,1000,0,0,0,60,60
45990,216492,0,1000,0,0,0,60,60
45991,216499,0,1000,0,0,0,60,60
45992,216500,0,1000,0,0,0,60,60
45993,216501,0,1000,45995,0,0,60,60
45995,216502,0,1000,0,0,0,60,60
45996,216475,0,1000,0,0,1,60,60
45997,214106,0,0,45998,0,0,60,60
45998,214107,0,0,45999,0,0,60,60
45999,214108,0,0,0,0,0,60,60
46000,216546,0,1000,45930,0,0,60,60
46001,216574,0,1000,0,0,0,60,60
46002,216575,0,3000,46003,0,0,60,60
46003,216576,0,1000,0,0,0,60,60
46004,216578,0,3000,0,0,0,60,60
46005,216579,0,3000,0,0,0,60,60
46006,216580,0,3000,0,0,0,60,60
46008,216582,0,3000,0,0,0,60,60
46009,216583,0,1000,46010,0,1,60,60
46010,216584,0,1000,0,0,1,60,60
46011,216586,0,1000,0,0,0,60,60
46012,216587,0,1000,0,0,0,60,60
46013,216697,0,1000,46014,0,0,60,60
46014,216698,0,1000,0,0,0,60,60
46015,216696,0,1000,0,0,0,60,60
46016,216695,0,1000,0,0,0,60,60
46017,214687,0,0,0,0,0,60,60
46018,214075,0,0,0,0,1,60,60
46019,216732,0,1000,0,0,0,60,60
46020,216737,0,1000,46021,0,0,60,60
46021,216738,0,1000,0,0,0,60,60
46022,216743,0,1000,46023,0,0,60,60
46023,216744,0,1000,46024,0,0,60,60
46024,216745,0,1000,0,0,0,60,60
46025,216749,0,1000,0,0,0,60,60
46026,216758,0,1000,0,0,0,60,60
46030,216781,0,1000,46032,0,0,60,60
46032,221960,0,1000,0,0,0,60,60
46035,216835,0,0,46036,0,0,60,60
46036,216836,0,0,0,0,0,60,60
46039,216842,0,1000,0,0,0,60,60
46040,216843,0,0,46041,0,0,60,60
46041,216844,0,0,0,0,0,60,60
46042,216845,0,1000,0,0,0,60,60
46043,216122,0,1000,46044,0,0,60,60
46044,216129,0,1000,46045,0,0,60,60
46045,216140,0,0,0,0,0,60,60
46046,216849,0,0,46047,0,0,60,60
46047,216850,0,0,0,0,0,60,60
46048,216851,0,0,0,0,0,60,60
46049,216852,0,1000,0,0,0,60,60
46050,216864,0,1000,0,0,0,60,60
46051,216865,0,1000,0,0,0,60,60
46052,216866,0,1000,0,0,0,60,60
46053,214470,0,0,46054,0,0,60,60
46054,214471,0,0,0,0,0,60,60
46055,216883,0,1000,46056,0,0,60,60
46056,216884,0,1000,0,0,0,60,60
46057,216861,0,0,46058,0,0,60,60
46058,216889,0,0,46059,0,0,60,60
46059,216886,0,0,0,0,0,60,60
46060,214087,0,1000,0,0,0,60,60
46061,216893,0,1000,46445,0,0,60,60
46062,216894,0,1000,0,0,0,60,60
46063,216895,0,1000,46066,0,0,60,60
46066,216898,0,1000,46067,0,0,60,60
46067,216899,0,1000,46068,0,0,60,60
46068,216900,0,1000,0,0,0,60,60
46069,216901,0,1000,0,0,0,60,60
46070,216902,0,0,46071,0,0,60,60
46071,216903,0,1000,0,0,0,60,60
46072,216904,0,1000,0,0,0,60,60
46077,215055,0,1000,46178,0,0,60,60
46081,216979,0,1000,0,0,0,60,60
46082,216980,0,1000,0,0,0,60,60
46083,216981,0,1000,0,0,0,60,60
46084,216982,0,1000,0,0,0,60,60
46085,216983,0,1000,0,0,0,60,60
46086,216986,0,1000,46469,0,0,60,60
46087,216988,0,1000,46088,0,0,60,60
46088,216989,0,1000,46089,0,0,60,60
46089,216990,0,1000,46090,0,0,60,60
46090,216992,0,1000,46091,0,0,60,60
46091,216993,0,1000,0,0,0,60,60
46092,216988,0,1000,46093,0,0,60,60
46093,216989,0,1000,46094,0,0,60,60
46094,216990,0,1000,46095,0,0,60,60
46095,216991,0,1000,46096,0,0,60,60
46096,216993,0,1000,0,0,0,60,60
46097,217002,0,1000,46324,0,1,60,60
46098,217037,0,1000,0,0,0,60,60
46105,0,0,0,46106,0,0,60,60
46106,217048,0,1000,47350,0,0,60,60
46107,217049,0,1000,46126,0,0,60,60
46108,0,0,0,46109,0,0,60,60
46109,217050,0,1000,46110,0,0,60,60
46110,217051,0,1000,0,0,0,60,60
46111,0,0,0,46112,0,0,60,60
46112,217052,0,1000,46113,0,0,60,60
46113,217053,0,1000,0,0,0,60,60
46117,0,0,2000,48103,0,0,60,60
46118,217057,0,1000,46119,0,0,60,60
46119,217058,0,1000,0,0,0,60,60
46120,0,0,0,46123,0,0,60,60
46121,217059,0,1000,46122,0,0,60,60
46122,217060,0,1000,46124,0,0,60,60
46123,217061,0,1000,46121,0,0,60,60
46124,217062,0,1000,47379,0,0,60,60
46126,219505,0,1000,47367,0,0,60,60
46127,217069,0,1000,0,0,0,60,60
46128,217070,0,1000,0,0,0,60,60
46129,0,0,0,46127,0,0,60,60
46131,217092,0,0,46132,0,0,60,60
46132,217094,0,0,46133,0,0,60,60
46133,217095,0,0,0,0,0,60,60
46134,217113,0,1000,46135,0,0,60,60
46135,217118,0,1000,0,0,0,60,60
46136,217117,0,1000,46137,0,0,60,60
46137,217114,0,1000,0,0,0,60,60
46138,217115,0,0,51126,0,0,60,60
46139,217116,0,0,0,0,0,60,60
46140,217121,0,1000,0,0,0,60,60
46141,217122,0,1000,0,0,0,60,60
46142,217123,0,1000,0,0,0,60,60
46143,217124,0,1000,0,0,0,60,60
46144,216778,0,0,46145,0,0,60,60
46145,216779,0,0,46146,0,0,60,60
46146,216780,0,0,46147,0,0,60,60
46147,216782,0,0,46148,0,0,60,60
46148,216783,0,0,46149,0,0,60,60
46149,216785,0,0,46150,0,0,60,60
46150,216786,0,0,46151,0,0,60,60
46151,216787,0,0,46152,0,0,60,60
46152,216788,0,0,46153,0,0,60,60
46153,216789,0,0,46154,0,0,60,60
46154,216790,0,0,46155,0,0,60,60
46155,216792,0,0,46156,0,0,60,60
46156,216793,0,0,46157,0,0,60,60
46157,216794,0,0,46158,0,0,60,60
46158,216795,0,0,46159,0,0,60,60
46159,216796,0,0,46160,0,0,60,60
46160,216797,0,0,46161,0,0,60,60
46161,216798,0,0,46162,0,0,60,60
46162,216799,0,0,46163,0,0,60,60
46163,216800,0,0,46203,0,0,60,60
46164,216801,0,0,46165,0,0,60,60
46165,216802,0,0,46204,0,0,60,60
46166,216803,0,0,46167,0,0,60,60
46167,216804,0,0,46168,0,0,60,60
46168,216805,0,0,46169,0,0,60,60
46169,216806,0,0,46170,0,0,60,60
46170,216807,0,0,46171,0,0,60,60
46171,216808,0,0,0,0,0,60,60
46172,217029,0,250,0,0,1,60,60
46174,216888,0,250,46172,0,0,60,60
46175,217155,0,1000,46176,0,0,60,60
46176,217153,0,1000,0,0,0,60,60
46178,217156,0,1000,46179,0,0,60,60
46179,217157,0,1000,0,0,0,60,60
46180,217162,0,1000,0,0,1,60,60
46181,217161,0,1000,0,0,1,60,60
46182,217160,0,1000,0,0,1,60,60
46183,217165,0,1000,0,0,0,60,60
46187,217177,0,1000,0,0,0,60,60
46188,217155,0,1000,0,0,0,60,60
46189,217179,0,1000,0,0,0,60,60
46195,217177,0,1000,0,0,0,60,60
46198,216477,0,1000,41922,0,0,60,60
46199,216477,0,1000,45794,0,0,60,60
46203,217207,0,0,46164,0,0,60,60
46204,217206,0,0,46166,0,0,60,60
46210,219374,0,1000,46212,0,0,60,60
46211,219378,0,2000,47311,0,0,60,60
46212,219375,0,3000,47310,0,0,60,60
46213,219380,0,1000,0,0,0,60,60
46235,217248,0,3000,46236,0,0,60,60
46236,217249,0,3000,46237,0,0,60,60
46237,217251,0,3000,46239,0,0,60,60
46238,217252,0,1000,0,0,2,60,60
46239,217253,0,1000,46238,0,0,60,60
46243,217225,0,1000,46244,0,0,60,60
46244,217226,0,1000,46245,0,0,60,60
46245,217227,0,1000,46246,0,0,60,60
46246,217228,0,1000,0,0,0,60,60
46261,217271,0,1000,45964,0,0,60,60
46270,218278,0,1000,46799,0,0,60,60
46271,218279,0,1000,46270,0,0,60,60
46275,217285,0,3000,46276,0,1,60,60
46276,217287,0,3000,46278,0,0,60,60
46277,217288,0,3000,46279,0,0,60,60
46278,217289,0,3000,46277,0,0,60,60
46279,217290,0,3000,46406,0,0,60,60
46282,217379,327,2000,46351,0,0,60,60
46284,217300,0,2000,46285,0,0,60,60
46285,217301,0,3000,46360,0,0,60,60
46286,0,0,0,46284,0,0,60,60
46287,217307,0,0,46288,0,0,60,60
46288,217308,0,0,0,0,0,60,60
46289,217365,0,1000,46290,0,0,60,60
46290,217366,0,1000,0,0,0,60,60
46291,217291,0,500,46292,0,0,60,60
46292,217292,0,0,0,0,0,60,60
46293,217293,0,0,46294,0,0,60,60
46294,217316,0,0,46295,0,0,60,60
46295,217317,0,0,0,0,0,60,60
46296,217318,0,0,46297,0,0,60,60
46297,217319,0,0,0,0,0,60,60
46300,217323,0,1000,46301,0,0,60,60
46301,217322,0,1000,0,0,0,60,60
46302,217324,0,1000,46303,0,0,60,60
46303,217325,0,1000,46338,0,0,60,60
46304,217328,0,0,0,0,0,60,60
46305,217329,0,0,0,0,0,60,60
46306,217330,0,0,46307,0,0,60,60
46307,217331,0,0,0,0,0,60,60
46308,217327,0,3000,46309,0,0,60,60
46309,217332,0,0,46310,0,0,60,60
46310,217333,0,0,0,0,0,60,60
46311,217334,0,1000,46312,0,0,60,60
46312,217335,0,2000,46313,0,0,60,60
46313,217336,0,1000,46314,0,0,60,60
46314,217337,0,3000,46315,0,0,60,60
46315,217338,0,1000,46316,0,0,60,60
46316,217339,0,1000,46317,0,0,60,60
46317,217340,0,3000,46319,0,0,60,60
46318,217341,0,1000,46320,0,1,60,60
46319,217342,0,1000,46318,0,0,60,60
46320,217343,0,1000,0,0,0,60,60
46324,217354,0,2000,46686,0,0,60,60
46325,217355,0,1000,46356,0,0,60,60
46330,217344,0,1000,46331,0,0,60,60
46331,217345,0,1000,46332,0,0,60,60
46332,217359,0,1000,46333,0,0,60,60
46333,217361,0,1000,46334,0,0,60,60
46334,217362,0,1000,0,0,0,60,60
46336,0,0,1000,46097,0,0,60,60
46337,217311,0,1000,46340,0,0,60,60
46338,217363,0,1000,46339,0,0,60,60
46339,217364,0,1000,0,0,0,60,60
46340,217309,0,1000,0,0,0,60,60
46343,217368,0,1000,47237,0,0,60,60
46344,217369,0,1000,46343,0,0,60,60
46346,217370,0,1000,0,0,0,60,60
46347,217360,0,3000,46354,0,0,60,60
46349,217383,0,1000,46350,0,0,60,60
46350,217414,0,3000,46371,0,2,60,60
46351,217377,0,2000,46359,0,0,60,60
46352,217378,0,1000,0,0,0,60,60
46353,0,0,1000,46282,0,0,60,60
46354,217380,0,1000,0,0,0,60,60
46355,217384,0,1000,0,0,0,60,60
46356,217385,0,1000,0,0,0,60,60
46357,217386,0,1000,46358,0,0,60,60
46358,217387,0,1000,0,0,0,60,60
46359,0,98109,0,46286,0,0,60,60
46360,217388,537,1000,0,0,0,60,60
46361,217394,0,1000,46362,0,0,60,60
46362,217395,0,1000,46363,0,0,60,60
46363,217396,0,1000,47282,0,0,60,60
46364,217400,0,1000,47473,0,0,60,60
46365,217376,0,1000,0,0,0,60,60
46366,217408,0,1000,46367,0,1,60,60
46367,217409,0,1000,46368,0,2,60,60
46368,217410,0,1000,0,0,0,60,60
46370,217412,0,1000,0,0,0,60,60
46371,217413,0,2000,0,0,0,60,60
46372,217419,0,1000,46373,0,0,60,60
46373,217420,0,1000,46446,0,0,60,60
46374,217421,0,1000,0,0,0,60,60
46375,216360,0,1000,46376,0,0,60,60
46376,216361,0,1000,0,0,0,60,60
46377,217424,0,1000,0,0,1,60,60
46378,217427,0,1000,46377,0,0,60,60
46379,217432,0,2000,46391,0,0,60,60
46380,217433,0,1000,46381,0,2,60,60
46381,217434,0,2000,46392,0,0,60,60
46382,217435,0,1000,0,0,2,60,60
46383,217436,0,0,46384,0,0,60,60
46384,217437,0,0,0,0,0,60,60
46385,217438,0,500,46386,0,0,60,60
46386,217439,0,1000,0,0,0,60,60
46387,217442,0,500,46388,0,0,60,60
46388,217443,0,1000,46389,0,0,60,60
46389,217444,0,0,0,0,0,60,60
46390,217445,0,1000,0,0,1,60,60
46391,217450,0,1000,46380,0,0,60,60
46392,219429,0,1000,47357,0,0,60,60
46393,217452,0,3000,0,0,0,60,60
46395,217454,0,3000,0,0,0,60,60
46399,217460,0,2000,46400,0,0,60,60
46400,217461,0,2000,46405,0,0,60,60
46402,0,0,1000,46403,0,0,60,60
46403,217458,0,3000,46399,0,0,60,60
46404,217463,0,3000,0,0,0,60,60
46405,217464,0,3000,46404,0,0,60,60
46406,217465,0,3000,46407,0,0,60,60
46407,217466,0,5000,0,0,0,60,60
46410,217469,0,1000,46411,0,0,60,60
46411,217468,0,1000,0,0,0,60,60
46412,217470,0,1000,0,0,0,60,60
46415,211831,0,1000,46416,0,0,60,60
46416,8305,0,1000,0,0,0,60,60
46417,217473,0,1000,0,0,0,60,60
46418,217474,0,0,0,0,0,60,60
46425,217481,0,4000,0,0,0,60,60
46427,217490,0,2000,0,0,0,60,60
46434,217505,0,1000,0,0,0,60,60
46435,217501,0,1000,46436,0,0,60,60
46436,217502,0,1000,46437,0,0,60,60
46437,217503,0,1000,46438,0,0,60,60
46438,217504,0,1000,0,0,0,60,60
46440,217571,0,1000,46441,0,0,60,60
46441,217572,0,1000,46442,0,0,60,60
46442,217573,0,1000,46612,0,0,60,60
46444,217578,0,1000,0,0,0,60,60
46445,217584,0,1000,0,0,0,60,60
46446,217596,0,1000,0,0,0,60,60
46447,217598,0,2000,0,0,0,60,60
46448,217604,0,1000,46449,0,0,60,60
46449,217605,0,1000,0,0,0,60,60
46450,207728,0,1000,0,0,0,60,60
46452,217626,0,1000,46684,0,0,60,60
46453,217629,0,1000,46455,0,0,60,60
46455,217632,0,1000,0,0,0,60,60
46456,217633,0,1000,0,0,1,60,60
46457,217642,0,1000,46458,0,0,60,60
46458,217643,0,1000,46459,0,0,60,60
46459,217644,0,1000,0,0,0,60,60
46460,217639,0,1000,46461,0,0,60,60
46461,217641,0,1000,46462,0,0,60,60
46462,217645,0,1000,48738,0,0,60,60
46463,217646,0,0,46464,0,0,60,60
46464,217647,0,0,46465,0,0,60,60
46465,217649,0,1000,46466,0,2,60,60
46466,217648,0,0,52410,0,0,60,60
46467,217650,0,0,46488,0,0,60,60
46469,217654,0,1000,0,0,0,60,60
46470,220927,0,1000,46473,0,0,60,60
46471,217746,0,1000,0,0,0,60,60
46472,216366,0,1000,0,0,0,60,60
46473,217658,0,1000,46474,0,0,60,60
46474,217659,0,1000,0,0,0,60,60
46477,217670,0,1000,46478,0,0,60,60
46478,217665,0,1000,0,0,0,60,60
46479,217664,0,1000,46480,0,0,60,60
46480,217666,0,1000,46481,0,0,60,60
46481,217667,0,0,46482,0,0,60,60
46482,217668,0,0,46483,0,0,60,60
46483,217669,0,1000,0,0,0,60,60
46484,0,0,1000,46086,0,0,60,60
46486,0,0,1000,46098,0,0,60,60
46487,217674,0,0,0,0,0,60,60
46488,217675,0,0,46489,0,0,60,60
46489,217676,0,0,0,0,2,60,60
46490,217677,0,6000,0,3251,0,60,60
46492,217679,0,4000,0,3251,0,60,60
46494,217683,0,0,46495,0,0,60,60
46495,217684,0,0,0,0,0,60,60
46496,217685,0,1000,51556,0,0,60,60
46497,217686,0,1000,46498,0,0,60,60
46498,217687,0,1000,0,0,0,60,60
46499,217688,0,2000,46500,0,0,60,60
46500,217689,0,0,0,0,0,60,60
46501,217697,0,1000,0,0,0,60,60
46502,217701,0,1000,0,0,0,60,60
46505,217702,0,1000,0,0,0,60,60
46506,0,0,1000,46509,0,0,60,60
46507,218067,0,2000,46688,0,0,60,60
46508,218068,0,2000,46689,0,0,60,60
46509,217706,0,1000,46519,0,0,60,60
46519,217708,0,2000,46507,0,0,60,60
46520,217671,0,1000,0,0,2,60,60
46521,0,0,3000,46471,0,0,60,60
46524,217716,0,1000,0,0,0,60,60
46525,217721,0,1000,46524,0,0,60,60
46529,217720,0,1000,46531,0,0,60,60
46531,217723,0,1000,46532,0,0,60,60
46532,217724,0,2000,46547,0,0,60,60
46533,0,0,1000,46529,0,0,60,60
46534,0,0,3000,46535,0,0,60,60
46535,217749,0,1000,0,0,0,60,60
46536,0,0,3000,46537,0,0,60,60
46537,217753,0,1000,0,0,0,60,60
46538,0,0,3000,46539,0,0,60,60
46539,217754,0,1000,0,0,0,60,60
46540,0,0,3000,46541,0,0,60,60
46541,217755,0,1000,0,0,0,60,60
46542,217759,0,1000,46543,0,0,60,60
46543,217760,0,1000,0,0,0,60,60
46547,217763,0,1000,0,0,0,60,60
46549,217765,0,1000,46550,0,0,60,60
46550,217766,0,1000,0,0,0,60,60
46551,217767,0,1000,0,0,0,60,60
46552,217768,0,1000,0,0,0,60,60
46553,217769,0,1000,0,0,0,60,60
46555,217771,0,1000,46556,0,0,60,60
46556,217772,0,1000,0,0,0,60,60
46560,217776,0,1000,0,0,0,60,60
46561,217777,0,500,46560,0,0,60,60
46563,217779,0,500,46564,0,0,60,60
46564,217780,0,1000,46747,0,0,60,60
46565,217782,0,1000,0,0,0,60,60
46566,217788,0,1000,46567,0,0,60,60
46567,217789,0,1000,46568,0,2,60,60
46568,217790,0,1000,0,0,0,60,60
46569,217803,0,100,46572,0,0,60,60
46570,217802,0,1000,46569,0,0,60,60
46571,217801,0,1000,46570,0,0,60,60
46572,217808,0,0,0,0,2,60,60
46573,217807,0,1000,46571,0,0,60,60
46574,217725,0,1000,50264,0,1,60,60
46575,217726,0,1000,46576,0,1,60,60
46576,217727,0,1000,0,0,1,60,60
46577,217792,0,1000,0,0,0,60,60
46578,217797,0,1000,0,0,2,60,60
46579,217799,0,1000,46580,0,0,60,60
46580,217800,0,1000,0,0,0,60,60
46581,217729,0,1000,50269,0,1,60,60
46582,217730,0,1000,46583,0,1,60,60
46583,217731,0,1000,0,0,1,60,60
46584,217734,0,1000,50270,0,1,60,60
46585,217735,0,1000,46586,0,1,60,60
46586,217736,0,1000,0,0,1,60,60
46587,217813,0,1000,46588,0,0,60,60
46588,217814,0,1000,46589,0,0,60,60
46589,217815,0,0,50590,0,0,60,60
46590,217817,0,1000,0,0,0,60,60
46591,217739,0,1000,50277,0,1,60,60
46592,217824,0,1000,46593,0,0,60,60
46593,217825,0,1000,46594,0,0,60,60
46594,217827,0,1000,48451,0,0,60,60
46595,217742,0,1000,50280,0,1,60,60
46596,217743,0,1000,46597,0,1,60,60
46597,217744,0,1000,0,0,1,60,60
46598,217831,0,1000,46599,0,0,60,60
46599,217833,0,0,0,0,0,60,60
46601,218329,0,1000,46830,0,0,60,60
46602,217793,0,4000,46603,0,0,60,60
46603,217798,0,3000,0,0,0,60,60
46604,0,0,2000,46602,0,0,60,60
46608,217631,0,1000,0,0,0,60,60
46609,217630,0,1000,0,0,2,60,60
46611,217846,0,1000,0,0,0,60,60
46612,217847,0,1000,46616,0,0,60,60
46613,217848,0,1000,0,0,0,60,60
46614,217849,0,1000,0,0,0,60,60
46615,217850,0,1000,0,0,0,60,60
46616,217851,0,1000,0,0,0,60,60
46617,217861,0,3500,46618,0,0,60,60
46618,217862,0,3500,46619,0,0,60,60
46619,217863,0,3000,48515,0,0,60,60
46625,217892,0,1000,0,0,0,60,60
46626,217895,0,1000,46627,0,0,60,60
46627,217896,0,1000,46628,0,0,60,60
46628,217897,0,1000,0,0,0,60,60
46629,217898,0,1000,47306,0,0,60,60
46630,217930,0,5000,46631,0,0,60,60
46631,217931,0,1000,0,0,0,60,60
46632,217933,0,500,46633,0,0,60,60
46633,217934,0,1000,0,0,0,60,60
46634,217935,0,500,46632,0,0,60,60
46636,217937,0,5000,46637,0,0,60,60
46637,217938,0,5000,46638,0,0,60,60
46638,217939,0,5000,46641,0,0,60,60
46639,217940,0,5000,46640,0,0,60,60
46640,217941,0,1000,0,0,0,60,60
46641,217942,0,5000,46642,0,0,60,60
46642,217943,0,1000,0,0,0,60,60
46643,217944,0,5000,46644,0,0,60,60
46644,217945,0,4000,46645,0,0,60,60
46645,217946,0,5000,46646,0,0,60,60
46646,217947,0,1000,0,0,0,60,60
46647,217949,0,1000,0,0,0,60,60
46648,217953,0,4000,46649,3251,0,60,60
46649,217954,0,4000,0,0,0,60,60
46650,217956,0,4000,46651,3251,0,60,60
46651,217955,0,4000,0,0,0,60,60
46652,217960,0,1000,46653,0,0,60,60
46653,217961,0,1000,46654,0,0,60,60
46654,217962,0,1000,46655,0,0,60,60
46655,217963,0,1000,46656,0,0,60,60
46656,217964,0,0,46657,0,0,60,60
46657,217965,0,0,46658,0,0,60,60
46658,217966,0,0,46659,0,0,60,60
46659,217967,0,0,46660,0,0,60,60
46660,217968,0,500,46661,0,0,60,60
46661,217969,0,0,0,0,0,60,60
46662,217976,0,1000,46663,0,0,60,60
46663,217977,0,1000,46664,0,0,60,60
46664,217978,0,1000,46665,0,0,60,60
46665,217979,0,0,46666,0,0,60,60
46666,217980,0,0,46667,0,0,60,60
46667,217981,0,0,46668,0,0,60,60
46668,217982,0,0,46669,0,0,60,60
46669,217983,0,0,46670,0,0,60,60
46670,217984,0,0,0,0,0,60,60
46672,218008,0,500,46674,0,0,60,60
46674,218011,0,0,46941,0,0,60,60
46676,218015,0,4000,46677,0,0,60,60
46677,218016,0,3000,46678,0,0,60,60
46678,218017,0,2000,0,0,0,60,60
46679,217473,0,1000,46680,0,0,60,60
46680,0,0,2000,46347,0,0,60,60
46681,218029,0,1000,46682,0,0,60,60
46682,218030,0,1000,0,0,0,60,60
46684,218032,0,1000,46453,0,0,60,60
46685,218049,0,1000,0,0,0,60,60
46686,218061,0,1000,46325,0,0,60,60
46687,0,0,7000,46357,0,0,60,60
46688,0,0,1000,46508,0,0,60,60
46689,0,0,2000,0,0,0,60,60
46693,218036,0,1000,46694,0,0,60,60
46694,218037,0,1000,46695,0,0,60,60
46695,218038,0,2000,46696,0,0,60,60
46696,218039,0,2000,46697,0,0,60,60
46697,218040,0,1000,46698,0,0,60,60
46698,218090,0,1000,0,0,0,60,60
46699,218131,0,1000,46700,0,0,60,60
46700,218119,0,2000,46701,0,0,60,60
46701,218118,0,1000,0,0,0,60,60
46702,218121,0,1000,46704,0,0,60,60
46703,218122,0,1000,46702,0,0,60,60
46704,218123,0,0,46705,0,0,60,60
46705,218124,0,0,46706,0,0,60,60
46706,218125,0,0,46707,0,0,60,60
46707,218126,0,0,46708,0,0,60,60
46708,218128,0,0,46709,0,0,60,60
46709,218129,0,0,46710,0,0,60,60
46710,218127,0,0,46711,0,0,60,60
46711,218130,0,0,46712,0,0,60,60
46712,218132,0,0,0,0,0,60,60
46714,218136,0,1000,46715,0,0,60,60
46715,218137,0,1000,46716,0,0,60,60
46716,218138,0,1000,49566,0,0,60,60
46717,218083,0,1000,46718,0,0,60,60
46718,218084,0,1000,46719,0,0,60,60
46719,218085,0,2000,46720,0,0,60,60
46720,218086,0,1000,46721,0,0,60,60
46721,218087,0,1000,46722,0,0,60,60
46722,218088,0,1000,46723,0,0,60,60
46723,218151,0,0,46724,0,0,60,60
46724,0,0,1000,0,0,0,60,60
46725,218176,0,1000,46726,0,0,60,60
46726,218177,0,1000,46727,0,0,60,60
46727,218178,0,1000,0,0,0,60,60
46728,218182,0,3000,0,0,0,60,60
46729,0,0,1000,46725,0,0,60,60
46730,218181,0,1000,46731,0,0,60,60
46731,218180,0,1000,0,0,0,60,60
46733,218184,0,1000,0,0,0,60,60
46734,218187,0,1000,46735,0,0,60,60
46735,218185,0,1000,46736,0,0,60,60
46736,218188,0,1000,46737,0,0,60,60
46737,218186,0,1000,0,0,0,60,60
46738,218190,0,1000,46739,0,0,60,60
46739,218189,0,1000,46740,0,0,60,60
46740,218191,0,0,46741,0,2,60,60
46741,218192,0,0,46742,0,2,60,60
46742,218193,0,0,0,0,0,60,60
46743,218881,0,500,46744,0,0,60,60
46744,218882,0,1000,47120,0,0,60,60
46747,218201,0,1000,0,0,0,60,60
46749,218205,0,0,46750,0,0,60,60
46750,218206,0,0,46751,0,0,60,60
46751,218207,0,0,0,0,1,60,60
46752,218208,0,0,46753,0,0,60,60
46753,218209,0,0,0,0,0,60,60
46755,217929,0,750,46756,0,0,60,60
46756,218210,0,500,46757,0,0,60,60
46757,218211,0,750,46758,0,0,60,60
46758,218212,0,500,46759,0,0,60,60
46759,218214,0,500,46760,0,0,60,60
46760,218213,0,1500,0,0,0,60,60
46761,218230,0,1000,0,0,0,60,60
46762,218231,0,1000,0,0,0,60,60
46763,218232,0,1000,0,0,0,60,60
46764,218233,0,1000,46765,0,0,60,60
46765,218234,0,1000,46766,0,0,60,60
46766,218235,0,1000,46768,0,0,60,60
46767,218236,0,1000,0,0,0,60,60
46768,218237,0,1000,46767,0,0,60,60
46769,218243,0,2000,46770,0,0,60,60
46770,218245,0,2000,46787,0,0,60,60
46771,217779,0,1000,0,0,0,60,60
46772,218247,0,750,46773,0,0,60,60
46773,218248,0,150,46774,0,0,60,60
46774,218249,0,1000,0,0,0,60,60
46775,218250,0,1000,46776,0,0,60,60
46776,218251,0,1000,0,0,0,60,60
46777,218254,0,1000,46778,0,0,60,60
46778,218255,0,750,46779,0,0,60,60
46779,218256,0,750,46780,0,0,60,60
46780,218257,0,150,47067,0,0,60,60
46781,218266,0,1000,46782,0,0,60,60
46782,218267,0,1000,46783,0,0,60,60
46783,218269,0,1000,46784,0,0,60,60
46784,218268,0,1000,46785,0,0,60,60
46785,218269,0,1000,46786,0,0,60,60
46786,218270,0,1000,0,0,2,60,60
46787,218266,0,2000,0,0,0,60,60
46792,217280,0,0,46793,0,0,60,60
46793,217281,0,0,46794,0,0,60,60
46794,217282,0,0,46795,0,0,60,60
46795,217283,0,0,46796,0,0,60,60
46796,217284,0,0,0,0,0,60,60
46797,218276,0,1000,46798,0,0,60,60
46798,218277,0,1000,47085,0,0,60,60
46799,218284,0,4000,48201,0,0,60,60
46800,218282,0,0,46801,0,0,60,60
46801,218283,0,0,46802,0,0,60,60
46802,218285,0,1000,0,0,0,60,60
46805,218287,0,0,46806,0,0,60,60
46806,218288,0,1000,46807,0,0,60,60
46807,218289,0,1000,0,0,0,60,60
46812,218300,0,0,0,0,0,60,60
46814,218301,0,0,0,0,0,60,60
46815,218302,0,0,0,0,0,60,60
46818,218307,0,1000,0,0,2,60,60
46821,218316,0,1000,46822,0,0,60,60
46822,218317,0,1000,46823,0,0,60,60
46823,218318,0,2000,46824,0,0,60,60
46824,223295,0,0,46825,0,0,60,60
46825,218320,0,0,0,0,0,60,60
46826,218324,0,1000,46829,0,0,60,60
46829,218327,0,0,0,0,0,60,60
46830,218330,0,1000,47131,0,0,60,60
46832,218332,0,1000,0,0,0,60,60
46833,218335,0,1000,46834,0,0,60,60
46834,218341,0,1000,46835,0,0,60,60
46835,218343,0,1000,0,0,0,60,60
46837,218372,0,1000,46838,0,0,60,60
46838,218373,0,1000,46839,0,0,60,60
46839,218374,0,1000,46840,0,0,60,60
46840,218375,0,0,46841,0,0,60,60
46841,218376,0,1000,0,0,0,60,60
46842,218378,0,1000,0,0,0,60,60
46845,218384,0,1000,46846,0,0,60,60
46846,218385,0,1000,46847,0,0,60,60
46847,218386,0,1000,46848,0,0,60,60
46848,218387,0,1000,0,0,0,60,60
46849,218396,0,1000,46850,0,0,60,60
46850,218397,0,1000,0,0,0,60,60
46853,218402,0,1000,0,0,1,60,60
46854,218406,0,1000,0,0,1,60,60
46855,218405,0,1000,0,0,1,60,60
46856,218403,0,1000,46857,0,0,60,60
46857,218404,0,0,46858,0,0,60,60
46858,218407,0,0,46859,0,0,60,60
46859,218408,0,0,46860,0,0,60,60
46860,218409,0,0,0,0,0,60,60
46861,218414,0,1000,0,0,0,60,60
46864,218451,0,1000,46865,0,0,60,60
46865,218452,0,1000,0,0,0,60,60
46867,218421,0,1000,0,0,0,60,60
46868,218423,0,1000,0,0,0,60,60
46877,218436,0,1000,0,0,0,60,60
46878,218442,0,3000,0,0,0,60,60
46884,218458,0,1000,46885,0,0,60,60
46885,218459,0,1000,0,0,0,60,60
46886,219436,0,3000,46888,0,0,60,60
46887,219440,0,4000,47374,0,0,60,60
46888,219438,0,4000,46887,0,0,60,60
46889,218465,0,1000,46890,0,0,60,60
46890,218466,0,1000,0,0,0,60,60
46894,218475,0,1000,46902,0,0,60,60
46896,218474,0,2000,46897,0,0,60,60
46897,218476,0,2000,46899,0,0,60,60
46899,218479,0,2000,46900,0,0,60,60
46900,218480,0,2000,46981,0,0,60,60
46901,218009,0,1000,46903,0,0,60,60
46902,218483,0,1000,0,0,0,60,60
46903,218013,0,1000,0,0,0,60,60
46904,218481,0,1000,46905,0,0,60,60
46905,218482,0,1000,0,0,0,60,60
46906,218503,0,1000,46907,0,0,60,60
46907,218505,0,1000,46908,0,0,60,60
46908,218506,0,2000,48055,0,0,60,60
46909,218516,0,1000,0,0,0,60,60
46912,218518,0,0,46913,0,0,60,60
46913,218519,0,0,46915,0,0,60,60
46915,218520,0,0,46916,0,0,60,60
46916,218521,0,0,46919,0,0,60,60
46917,218522,0,0,0,0,0,60,60
46919,218526,0,0,46917,0,0,60,60
46920,218549,0,3000,0,0,0,60,60
46921,218550,0,3000,0,0,0,60,60
46922,218551,0,3000,0,0,0,60,60
46925,220005,0,1000,0,0,0,60,60
46926,219999,0,1000,0,0,0,60,60
46927,218560,0,1000,0,0,0,60,60
46928,218567,0,1000,46929,0,0,60,60
46929,218568,0,1000,46930,0,0,60,60
46930,218569,0,1000,0,0,2,60,60
46932,218571,0,1000,46933,0,0,60,60
46933,218572,0,1000,0,0,0,60,60
46934,218574,0,1000,0,0,0,60,60
46935,218575,0,1000,0,0,0,60,60
46936,218576,0,1000,0,0,0,60,60
46937,218577,0,1000,0,0,0,60,60
46939,218469,0,1000,46896,0,0,60,60
46940,0,0,1000,46939,0,0,60,60
46941,218582,0,0,0,0,0,60,60
46942,218592,0,0,46943,0,0,60,60
46943,218593,0,0,0,0,0,60,60
46944,218594,0,0,46945,0,0,60,60
46945,218595,0,0,46946,0,0,60,60
46946,218596,0,0,46947,0,0,60,60
46947,218597,0,0,0,0,0,60,60
46948,218609,0,0,46949,0,0,60,60
46949,218610,0,0,0,0,0,60,60
46950,218611,0,0,46951,0,0,60,60
46951,218612,0,0,46952,0,0,60,60
46952,218613,0,0,0,0,0,60,60
46953,218614,0,2000,0,0,0,60,60
46956,218617,0,0,46957,0,0,60,60
46957,218618,0,0,0,0,0,60,60
46959,218621,0,2000,0,0,0,60,60
46960,218635,0,4000,46961,0,0,60,60
46961,218637,0,3000,46962,0,0,60,60
46962,218639,0,2000,46963,0,0,60,60
46963,218640,0,1000,0,0,0,60,60
46964,0,0,1000,46965,0,0,60,60
46965,218467,0,2000,0,0,0,60,60
46966,218644,0,1500,47499,0,0,60,60
46967,218645,0,1000,46968,0,0,60,60
46968,218646,0,1000,46969,0,0,60,60
46969,218647,0,1000,46970,0,0,60,60
46970,218648,0,1000,46971,0,0,60,60
46971,218649,0,1000,46972,0,0,60,60
46972,218650,0,1000,46973,0,0,60,60
46973,218651,0,1000,46974,0,0,60,60
46974,218652,0,1000,47794,0,0,60,60
46975,218669,0,2000,46976,0,0,60,60
46976,218670,0,2000,0,0,0,60,60
46977,218671,0,1000,0,0,0,60,60
46978,218674,0,1000,0,0,0,60,60
46979,218672,0,1000,46980,0,0,60,60
46980,218677,0,1000,0,0,0,60,60
46981,218678,0,2000,0,0,0,60,60
46982,218680,0,9000,46983,0,0,60,60
46983,218681,0,1000,0,0,0,60,60
46984,218336,0,1000,46985,0,0,60,60
46985,218362,0,1000,46986,0,0,60,60
46986,218360,0,1000,46987,0,0,60,60
46987,218337,0,1000,46988,0,0,60,60
46988,218338,0,1000,46989,0,0,60,60
46989,218349,0,1000,46990,0,0,60,60
46990,218340,0,1000,46991,0,0,60,60
46991,218361,0,1000,46992,0,0,60,60
46992,218351,0,1000,46993,0,0,60,60
46993,218342,0,1000,46994,0,0,60,60
46994,218344,0,1000,46995,0,0,60,60
46995,218352,0,1000,46996,0,0,60,60
46996,218345,0,1000,46997,0,0,60,60
46997,218346,0,1000,46998,0,0,60,60
46998,218353,0,1000,0,0,0,60,60
46999,151961,0,1000,47000,0,0,60,60
47000,151962,0,1000,0,0,0,60,60
47001,218682,0,1000,0,0,0,60,60
47002,218683,0,1000,0,0,0,60,60
47003,218684,0,1000,0,0,0,60,60
47004,218685,0,1000,0,0,0,60,60
47005,218690,0,1000,47006,0,0,60,60
47006,218688,0,1000,0,0,0,60,60
47007,218691,0,1000,47008,0,0,60,60
47008,218692,0,1000,0,0,0,60,60
47010,218697,0,3500,51348,0,0,60,60
47011,218698,0,1000,0,0,0,60,60
47012,218699,0,3500,51367,0,0,60,60
47017,218705,0,1000,0,0,0,60,60
47018,218706,0,4000,47304,0,0,60,60
47019,218708,0,1000,0,0,0,60,60
47020,218710,0,2000,47021,0,0,60,60
47021,218711,0,2000,48563,0,0,60,60
47030,218720,0,1000,0,0,0,60,60
47031,218732,0,500,47032,0,0,60,60
47032,218733,0,1000,0,0,0,60,60
47035,218736,0,2000,47036,0,0,60,60
47036,218737,0,2000,47037,0,0,60,60
47037,218739,0,1000,0,0,0,60,60
47038,218753,0,1000,0,0,0,60,60
47039,218754,0,1000,47070,0,0,60,60
47040,218755,0,1000,0,0,0,60,60
47041,218756,0,1000,47049,0,0,60,60
47042,226753,0,1000,0,0,0,60,60
47043,218750,0,1000,47045,0,0,60,60
47044,218751,0,1000,0,0,0,60,60
47045,218752,0,1000,0,0,0,60,60
47046,0,0,1000,47035,0,0,60,60
47047,218758,0,1000,47050,0,0,60,60
47048,218759,0,1000,47047,0,0,60,60
47049,218757,0,0,0,0,0,60,60
47050,218760,0,1000,0,0,0,60,60
47051,218763,0,1000,0,0,0,60,60
47052,218765,0,1000,47053,0,0,60,60
47053,218771,0,1000,0,0,0,60,60
47054,218766,0,0,47055,0,0,60,60
47055,218767,0,1000,0,0,0,60,60
47060,218768,0,2500,0,0,1,60,60
47061,218773,0,1000,0,0,0,60,60
47065,218769,0,0,0,0,1,60,60
47066,218770,0,0,0,0,1,60,60
47067,218774,0,1000,0,0,0,60,60
47069,218779,0,1000,0,0,0,60,60
47070,218780,0,1000,0,0,0,60,60
47071,218730,0,1000,47072,0,0,60,60
47072,218731,0,1000,0,0,0,60,60
47073,218796,0,1000,0,0,0,60,60
47074,218800,0,1000,0,0,0,60,60
47075,218802,0,1000,47076,0,0,60,60
47076,218803,0,1000,0,0,0,60,60
47079,218810,0,1000,0,0,0,60,60
47080,218811,0,1000,0,0,0,60,60
47081,218815,0,1000,0,0,0,60,60
47082,218822,0,2000,48056,0,0,60,60
47084,0,0,2000,46797,0,0,60,60
47085,218832,0,0,47130,0,0,60,60
47086,218833,0,0,0,0,0,60,60
47087,218691,0,1000,47088,0,0,60,60
47088,218692,0,1000,0,0,0,60,60
47089,218839,0,1000,0,0,0,60,60
47090,218840,0,2000,47091,0,0,60,60
47091,218841,0,1000,0,0,0,60,60
47092,0,0,3000,47090,0,0,60,60
47093,0,0,3000,47094,0,0,60,60
47094,218840,0,2000,47095,0,0,60,60
47095,218841,0,1000,0,0,0,60,60
47096,218842,0,3000,0,0,0,60,60
47097,0,0,2000,47098,0,0,60,60
47098,218845,0,1000,47096,0,0,60,60
47099,220001,0,1000,0,0,0,60,60
47100,218852,0,500,47101,0,0,60,60
47101,218853,0,750,47102,0,0,60,60
47102,218854,0,750,47103,0,0,60,60
47103,218856,0,1000,0,0,0,60,60
47104,218861,0,1000,0,0,0,60,60
47105,218863,0,2000,47106,0,2,60,60
47106,218864,0,1000,47107,0,0,60,60
47107,218865,0,1000,0,0,0,60,60
47108,218866,0,1000,47109,0,0,60,60
47109,218867,0,1000,0,0,0,60,60
47110,218868,0,2000,47111,0,2,60,60
47111,218870,0,1000,47112,0,0,60,60
47112,218874,0,1000,0,0,0,60,60
47113,218871,0,1000,47114,0,0,60,60
47114,218873,0,750,47969,0,0,60,60
47115,218876,0,1000,47116,0,0,60,60
47116,218877,0,1000,47117,0,2,60,60
47117,218878,0,1000,47118,0,0,60,60
47118,218879,0,1000,47119,0,2,60,60
47119,230660,0,2000,51079,0,0,60,60
47120,218883,0,1000,0,0,0,60,60
47121,218892,0,1000,49996,0,0,60,60
47122,218895,0,0,47240,0,0,60,60
47123,0,0,500,47124,0,0,60,60
47124,218896,0,0,0,0,0,60,60
47125,218897,0,1000,47126,0,0,60,60
47126,218898,0,1000,0,0,0,60,60
47127,218899,0,1000,0,0,0,60,60
47128,218900,0,1000,47129,0,0,60,60
47129,218902,0,0,0,0,0,60,60
47130,218905,0,0,47086,0,0,60,60
47131,218906,0,1000,46832,0,0,60,60
47134,218909,0,1000,47135,0,0,60,60
47135,218910,0,1000,47136,0,0,60,60
47136,218912,0,1000,47137,0,0,60,60
47137,218914,0,1000,0,0,0,60,60
47140,218918,0,2000,47141,0,0,60,60
47141,218919,0,1000,47142,0,0,60,60
47142,218921,0,1000,47228,0,0,60,60
47143,218934,0,500,47265,0,0,60,60
47144,218947,0,1000,0,0,0,60,60
47145,218954,0,1000,0,0,0,60,60
47149,218972,0,2000,0,0,0,60,60
47150,218928,0,5000,47151,0,1,60,60
47151,218930,0,1000,0,0,1,60,60
47152,218926,0,3000,0,0,0,60,60
47153,218931,0,1000,0,0,1,60,60
47154,218994,0,1000,0,0,0,60,60
47155,219004,0,0,48054,0,0,60,60
47156,219011,0,0,0,0,0,60,60
47157,219015,0,0,0,0,0,60,60
47158,219014,0,0,0,0,0,60,60
47160,219012,0,0,0,0,0,60,60
47161,219023,0,5000,47162,0,0,60,60
47162,219018,0,4000,47163,0,0,60,60
47163,219020,0,5000,47164,0,0,60,60
47164,219021,0,4000,47165,0,0,60,60
47165,219022,0,0,0,0,0,60,60
47175,219032,0,1000,47176,0,0,60,60
47176,219033,0,1000,47177,0,0,60,60
47177,219034,0,1000,47180,0,0,60,60
47178,219035,0,1000,0,0,0,60,60
47179,219044,0,1000,49202,0,0,60,60
47180,0,0,0,47178,0,0,60,60
47181,219045,0,1000,0,0,0,60,60
47182,219047,0,3000,47183,0,0,60,60
47183,219048,0,3000,47184,0,0,60,60
47184,219049,0,3000,47185,0,0,60,60
47185,219050,0,2000,47186,0,0,60,60
47186,219051,0,3000,47187,0,0,60,60
47187,219052,0,4000,47188,0,0,60,60
47188,219053,0,1000,0,0,1,60,60
47189,219058,0,1000,47190,0,0,60,60
47190,219059,0,1000,47243,0,0,60,60
47191,219064,0,3000,0,0,0,60,60
47193,219066,0,3000,47194,0,0,60,60
47194,219067,0,0,0,0,0,60,60
47195,218311,0,1000,0,0,0,60,60
47196,219081,0,1000,0,0,0,60,60
47197,219082,0,1000,47198,0,0,60,60
47198,219083,0,1000,0,0,0,60,60
47199,219087,0,2000,47200,0,0,60,60
47200,219088,0,3000,47549,0,0,60,60
47201,219090,0,3000,47242,0,0,60,60
47202,219089,0,4000,47201,0,0,60,60
47203,219207,0,3000,0,0,0,60,60
47204,219105,0,1000,47205,0,0,60,60
47205,219106,0,1000,47206,0,0,60,60
47206,219107,0,1000,0,0,0,60,60
47207,219112,0,1000,47208,0,0,60,60
47208,219113,0,1000,0,0,0,60,60
47209,219121,0,1000,0,0,0,60,60
47210,219123,0,1000,47211,0,0,60,60
47211,219124,0,1000,47212,0,0,60,60
47212,219125,0,1000,47213,0,0,60,60
47213,219127,0,0,47368,0,0,60,60
47214,219126,0,1000,0,0,0,60,60
47215,219130,0,1000,0,0,0,60,60
47216,219131,0,1000,47217,0,0,60,60
47217,219132,0,1000,47218,0,0,60,60
47218,219133,0,2000,47219,0,0,60,60
47219,219134,0,1000,0,0,0,60,60
47220,219141,0,1000,47221,0,0,60,60
47221,219138,0,1000,47222,0,0,60,60
47222,219139,0,1000,47223,0,0,60,60
47223,219143,0,1000,0,0,0,60,60
47224,219160,0,1000,47225,0,0,60,60
47225,219161,0,1000,0,0,0,60,60
47226,219162,0,1000,0,0,0,60,60
47227,219165,0,1000,0,0,0,60,60
47228,219166,0,1000,47227,0,2,60,60
47229,219171,0,1000,52205,0,0,60,60
47231,219175,0,1000,0,0,0,60,60
47232,0,0,0,47233,0,0,60,60
47233,219181,0,1000,47234,0,0,60,60
47234,219182,0,1000,47235,0,0,60,60
47235,219183,0,1000,0,0,0,60,60
47236,218183,0,1000,0,0,0,60,60
47237,219187,0,1000,0,0,0,60,60
47239,219199,0,1000,0,0,0,60,60
47240,219204,0,1000,0,0,0,60,60
47241,219206,0,3000,47203,0,0,60,60
47242,219205,0,3000,47241,0,0,60,60
47243,219208,0,1000,0,0,0,60,60
47244,219215,0,1000,47245,0,0,60,60
47245,219214,0,1000,0,0,0,60,60
47246,219174,0,1000,0,0,0,60,60
47247,219243,0,1000,0,0,0,60,60
47248,219244,0,1000,0,0,0,60,60
47249,219245,0,1000,47250,0,0,60,60
47250,219247,0,1000,47603,0,0,60,60
47251,0,0,1000,47249,0,0,60,60
47252,219250,0,1000,0,0,0,60,60
47255,219251,0,1000,0,0,0,60,60
47256,219254,0,1000,47257,0,0,60,60
47257,219255,0,1000,0,0,0,60,60
47258,219256,0,1000,47259,0,0,60,60
47259,219257,0,0,0,0,0,60,60
47260,218920,0,1000,0,0,0,60,60
47261,219264,0,0,47260,0,0,60,60
47262,0,0,1000,47263,0,0,60,60
47263,219265,0,1000,47264,0,0,60,60
47264,219266,0,1000,0,0,0,60,60
47265,219269,0,1000,47266,0,0,60,60
47266,219270,0,0,0,0,0,60,60
47269,219279,0,1000,0,0,0,60,60
47276,219293,0,1000,0,0,0,60,60
47277,219301,0,1000,47278,0,0,60,60
47278,219302,0,1000,47279,0,0,60,60
47279,219303,0,1000,47280,0,0,60,60
47280,219304,0,1000,47281,0,0,60,60
47281,219305,0,1000,0,0,0,60,60
47282,219310,0,1000,0,0,0,60,60
47283,219319,0,1000,0,0,0,60,60
47284,219320,0,1000,47285,0,0,60,60
47285,219321,0,1000,47286,0,0,60,60
47286,219322,0,1000,47287,0,0,60,60
47287,219323,0,1000,0,0,0,60,60
47288,219324,0,1000,0,0,0,60,60
47289,219237,0,3203,47290,0,0,60,60
47290,219326,0,1316,47291,0,0,60,60
47291,219327,0,1035,0,0,0,60,60
47292,219328,0,1000,0,0,0,60,60
47296,219333,0,1639,47297,0,0,60,60
47297,219335,0,3233,47298,0,0,60,60
47298,219337,0,1275,47299,0,2,60,60
47299,219336,0,1000,0,0,0,60,60
47300,219344,0,1000,47301,0,0,60,60
47301,219345,0,1000,0,0,0,60,60
47302,219348,0,1000,47303,0,0,60,60
47303,219349,0,1000,0,0,0,60,60
47304,219350,0,1000,0,0,0,60,60
47306,219364,0,1000,47307,0,0,60,60
47307,219366,0,1000,47308,0,0,60,60
47308,219367,0,1000,47309,0,0,60,60
47309,219368,0,1000,0,0,0,60,60
47310,219376,0,1000,46211,0,0,60,60
47311,219379,0,1000,46213,0,0,60,60
47317,0,0,0,47318,0,0,60,60
47318,219382,0,1000,47319,0,0,60,60
47319,219384,0,1000,0,0,0,60,60
47320,219390,0,1000,47321,0,0,60,60
47321,219383,0,1000,47322,0,0,60,60
47322,219386,0,1000,47323,0,0,60,60
47323,219387,0,1000,0,0,0,60,60
47325,219392,0,1000,47326,0,0,60,60
47326,219393,0,1000,47327,0,0,60,60
47327,219394,0,1000,47328,0,0,60,60
47328,219395,0,1000,47329,0,0,60,60
47329,219396,0,1000,0,0,0,60,60
47331,0,0,2000,0,0,0,60,60
47332,219091,0,4000,47333,0,0,60,60
47333,219209,0,5250,47347,0,0,60,60
47334,218194,0,1000,0,0,0,60,60
47335,219405,0,2000,47336,0,0,60,60
47336,219406,0,1000,47337,0,0,60,60
47337,219407,0,0,0,0,0,60,60
47339,219408,0,1000,0,0,0,60,60
47341,219411,0,1000,47342,0,2,60,60
47342,219412,0,1000,47343,0,0,60,60
47343,219413,0,2000,47344,0,0,60,60
47344,219414,0,1000,47345,0,0,60,60
47345,219415,0,3000,47346,0,0,60,60
47346,219416,0,1000,0,0,0,60,60
47347,0,0,0,52718,0,0,60,60
47348,0,0,0,47331,0,0,60,60
47350,219418,0,1000,46107,0,0,60,60
47351,219419,0,5000,47352,0,0,60,60
47352,219420,0,3000,47353,0,0,60,60
47353,219421,0,4000,47354,0,0,60,60
47354,219422,0,5000,47355,0,0,60,60
47355,219423,0,4000,47356,0,0,60,60
47356,219424,0,3000,0,0,0,60,60
47357,219430,0,1000,46382,0,0,60,60
47364,0,0,0,47365,0,0,60,60
47365,219441,0,1000,0,0,0,60,60
47366,219442,0,1000,48811,0,0,60,60
47367,219506,0,1000,0,0,0,60,60
47368,217064,0,1000,0,0,2,60,60
47369,219514,0,0,0,0,0,60,60
47370,219515,0,1000,47371,0,0,60,60
47371,219516,0,0,0,0,0,60,60
47372,219517,0,0,47373,0,0,60,60
47373,219518,0,0,0,0,0,60,60
47374,0,0,0,47364,0,0,60,60
47375,219519,0,0,47376,0,0,60,60
47376,219520,0,0,47377,0,2,60,60
47377,219521,0,0,0,0,0,60,60
47379,219524,0,1000,0,0,0,60,60
47380,0,0,0,47381,0,0,60,60
47381,219525,0,1000,47382,0,0,60,60
47382,219526,0,1000,0,0,0,60,60
47383,224623,0,1000,0,0,0,60,60
47384,219543,0,2000,47385,0,0,60,60
47385,219551,0,1000,0,0,0,60,60
47386,219566,0,1000,47387,0,0,60,60
47387,219567,0,1000,47388,0,0,60,60
47388,219568,0,1000,47389,0,0,60,60
47389,219569,0,1000,47390,0,0,60,60
47390,219570,0,1000,47391,0,0,60,60
47391,219571,0,1000,0,0,0,60,60
47394,219651,0,1000,0,0,0,60,60
47395,218772,0,1000,0,0,0,60,60
47396,219696,0,1000,0,0,0,60,60
47397,219703,0,1000,47398,0,0,60,60
47398,219704,0,1000,0,0,0,60,60
47399,219718,0,1000,0,0,0,60,60
47400,0,0,1000,49505,0,0,60,60
47402,219712,0,1000,0,0,0,60,60
47403,219766,0,1000,47404,0,0,60,60
47404,219767,0,1000,47405,0,0,60,60
47405,219769,0,1000,0,0,0,60,60
47406,219916,0,1000,0,0,0,60,60
47407,224625,0,1000,0,0,0,60,60
47408,219919,0,1000,0,0,0,60,60
47409,224626,0,1000,0,0,0,60,60
47410,228538,0,1000,0,0,0,60,60
47411,219838,0,1000,0,0,0,60,60
47412,219839,0,1000,0,0,0,60,60
47413,219840,0,1000,0,0,0,60,60
47414,219862,0,3000,47415,0,0,60,60
47415,219865,0,5000,47416,0,0,60,60
47416,219867,0,4000,0,0,0,60,60
47417,228540,0,1000,0,26146,0,60,60
47418,219868,0,3000,47419,0,0,60,60
47419,219869,0,4000,47420,0,0,60,60
47420,219870,0,3000,47421,0,0,60,60
47421,219871,0,2000,47422,0,0,60,60
47422,219873,0,2000,0,0,0,60,60
47423,221644,0,3000,47574,0,0,60,60
47424,219842,0,0,47425,0,0,60,60
47425,219843,0,0,47426,0,2,60,60
47426,219844,0,1000,47427,0,0,60,60
47427,219845,0,1000,47428,0,0,60,60
47428,219846,0,1000,48299,0,0,60,60
47429,219847,0,1000,47430,0,0,60,60
47430,219848,0,1000,47431,0,0,60,60
47431,219849,0,1000,47505,0,0,60,60
47432,219851,0,0,47433,0,0,60,60
47433,219852,0,1000,47434,0,0,60,60
47434,219853,0,0,47436,0,0,60,60
47436,219854,0,0,47438,0,0,60,60
47438,219857,0,0,47439,0,0,60,60
47439,219858,0,0,47440,0,0,60,60
47440,219859,0,0,47441,0,0,60,60
47441,219860,0,0,47442,0,0,60,60
47442,219861,0,0,47443,0,0,60,60
47443,219866,0,0,0,0,0,60,60
47444,219882,0,1000,0,0,0,60,60
47449,219428,0,1000,47450,0,0,60,60
47450,219915,0,1000,0,0,2,60,60
47451,221045,0,1000,0,0,1,60,60
47452,221050,0,1000,47451,0,1,60,60
47453,221147,0,1000,0,0,0,60,60
47454,221143,0,1500,47453,0,0,60,60
47455,219920,0,1000,47456,0,0,60,60
47456,217657,0,1000,0,0,0,60,60
47457,221653,0,1000,0,0,3,60,60
47461,219918,0,1000,47462,0,0,60,60
47462,219922,0,0,0,0,0,60,60
47463,0,0,1000,47461,0,0,60,60
47464,227276,0,1000,0,0,0,60,60
47465,219937,0,1000,47466,0,0,60,60
47466,219938,0,1000,47467,0,0,60,60
47467,219940,0,1000,47468,0,0,60,60
47468,219941,0,1000,47469,0,0,60,60
47469,219943,0,1000,47470,0,0,60,60
47470,219945,0,1000,0,0,0,60,60
47471,219954,0,1000,47472,0,0,60,60
47472,219953,0,1000,0,0,0,60,60
47473,219967,0,1000,47573,0,0,60,60
47474,220758,0,3000,0,0,0,60,60
47475,220848,0,3000,0,0,0,60,60
47476,220880,0,3000,0,0,0,60,60
47477,220678,0,3000,0,0,0,60,60
47478,220584,0,3000,0,0,0,60,60
47479,219991,0,1000,0,0,0,60,60
47491,219996,0,2000,47492,0,0,60,60
47492,219997,0,2000,47493,0,0,60,60
47493,219998,0,2000,49716,0,0,60,60
47496,220003,0,10000,47497,0,0,60,60
47497,220000,0,10000,0,0,0,60,60
47498,220007,0,1000,0,0,0,60,60
47499,220017,0,1000,47500,0,0,60,60
47500,220018,0,1000,0,0,0,60,60
47501,220021,0,1000,0,0,0,60,60
47502,221032,0,0,0,0,0,60,60
47503,221033,0,0,0,0,0,60,60
47504,221034,0,0,0,0,0,60,60
47505,221035,0,1000,0,0,0,60,60
47506,221036,0,1000,47507,0,1,60,60
47507,221037,0,1000,47508,0,0,60,60
47508,221038,0,1000,47509,0,0,60,60
47509,221039,0,1000,47510,0,0,60,60
47510,221040,0,1000,0,0,0,60,60
47511,221093,0,3000,47512,0,0,60,60
47512,221094,0,3000,47513,0,0,60,60
47513,221095,0,3000,0,0,0,60,60
47517,221160,0,1000,0,0,0,60,60
47518,219988,0,1000,0,0,0,60,60
47519,219995,0,1000,0,0,0,60,60
47520,219385,0,1000,47521,0,0,60,60
47521,219388,0,1000,47522,0,2,60,60
47522,219389,0,1000,47523,0,0,60,60
47523,219409,0,1000,47524,0,0,60,60
47524,219428,0,1000,47724,0,0,60,60
47526,221148,0,0,47527,0,0,60,60
47527,221149,0,0,47528,0,0,60,60
47528,221150,0,0,47529,0,0,60,60
47529,221151,0,0,47530,0,0,60,60
47530,221152,0,0,47531,0,0,60,60
47531,221154,0,0,47532,0,0,60,60
47532,221155,0,0,47533,0,0,60,60
47533,221156,0,0,0,0,0,60,60
47536,221256,0,1000,0,0,0,60,60
47538,221334,0,1000,47539,0,0,60,60
47539,221338,0,1000,47540,0,0,60,60
47540,221342,0,1000,0,0,0,60,60
47541,221430,0,1000,0,0,0,60,60
47542,221431,0,1000,0,0,0,60,60
47543,221557,0,1000,0,0,0,60,60
47548,221573,0,1000,0,0,0,60,60
47549,0,0,0,47550,0,0,60,60
47550,0,0,0,47202,0,0,60,60
47551,221581,0,1000,47552,0,0,60,60
47552,221582,0,1000,47553,0,0,60,60
47553,221583,0,1000,47554,0,0,60,60
47554,221585,0,4000,52208,0,0,60,60
47556,221587,0,1000,47557,0,0,60,60
47557,221588,0,1000,0,0,0,60,60
47558,225336,0,2000,0,0,0,60,60
47561,221591,0,1000,0,0,0,60,60
47562,221592,0,1000,0,0,0,60,60
47563,221593,0,1000,0,0,0,60,60
47564,221607,0,1000,0,0,0,60,60
47565,221608,0,1000,0,0,0,60,60
47566,221610,0,1000,0,0,0,60,60
47567,221622,0,1000,0,0,0,60,60
47568,221627,0,1000,0,0,2,60,60
47569,221628,0,1000,47570,0,0,60,60
47570,221629,0,1000,0,0,0,60,60
47571,221638,0,1000,47572,0,0,60,60
47572,221639,0,1000,0,0,0,60,60
47573,221643,0,0,0,0,0,60,60
47574,221645,0,2000,0,0,0,60,60
47576,221655,0,1000,47622,0,0,60,60
47577,221662,0,1000,0,0,2,60,60
47578,221659,0,1000,47579,0,0,60,60
47579,221660,0,1000,0,0,0,60,60
47588,221673,0,1000,47589,0,0,60,60
47589,221674,0,1000,47590,0,0,60,60
47590,221675,0,1000,50286,0,0,60,60
47591,221677,0,3000,47592,0,0,60,60
47592,221678,0,3000,47593,0,0,60,60
47593,221680,0,3000,47594,0,0,60,60
47594,221681,0,3000,0,0,0,60,60
47596,221693,0,1000,0,0,0,60,60
47597,221694,0,1000,47598,0,0,60,60
47598,221696,0,1000,47599,0,2,60,60
47599,221698,0,1000,0,0,0,60,60
47600,221700,0,1000,47620,0,0,60,60
47601,221702,0,3000,47602,0,0,60,60
47602,221703,0,3000,0,0,0,60,60
47603,221704,0,1000,0,0,0,60,60
47605,221717,0,1000,47717,0,0,60,60
47606,221718,0,3000,0,0,0,60,60
47607,221730,0,2000,47652,0,1,60,60
47608,221737,0,1000,0,0,0,60,60
47610,221728,0,1000,0,0,0,60,60
47611,221751,0,3000,0,0,0,60,60
47612,221752,0,3000,0,0,0,60,60
47613,221753,0,3000,0,0,0,60,60
47614,221758,0,3000,0,0,0,60,60
47615,219213,0,1000,0,0,0,60,60
47616,221759,0,1000,47615,0,0,60,60
47618,221764,0,1000,0,0,0,60,60
47620,221767,0,1000,47621,0,0,60,60
47621,221768,0,0,0,0,0,60,60
47622,221770,0,0,0,0,0,60,60
47623,221791,0,3000,47624,0,0,60,60
47624,221794,0,1000,0,0,0,60,60
47625,0,0,1000,47623,0,0,60,60
47626,221792,0,3750,47627,0,0,60,60
47627,221793,0,10000,47628,0,0,60,60
47628,221795,0,1000,47629,0,0,60,60
47629,221796,0,1000,47630,0,0,60,60
47630,221797,0,1000,47631,0,0,60,60
47631,221798,0,1000,47632,0,0,60,60
47632,221800,0,1000,0,0,0,60,60
47633,0,0,500,47634,0,0,60,60
47634,221808,0,1000,47635,0,0,60,60
47635,221809,0,2000,47636,0,0,60,60
47636,221812,0,0,0,0,0,60,60
47637,221815,0,3000,0,0,0,60,60
47640,221824,0,1000,0,0,0,60,60
47641,221825,0,1000,0,0,0,60,60
47642,221826,0,1000,0,0,0,60,60
47643,221827,0,1000,0,0,0,60,60
47645,225335,0,2000,47558,0,0,60,60
47647,221851,0,0,0,0,0,60,60
47652,221857,0,1000,0,0,0,60,60
47653,221861,0,1000,0,0,0,60,60
47654,221862,0,1000,47655,0,0,60,60
47655,221863,0,1000,47656,0,0,60,60
47656,221864,0,1000,0,0,0,60,60
47657,221868,0,1500,0,0,0,60,60
47660,221871,0,1000,0,0,0,60,60
47661,221872,0,1000,0,0,0,60,60
47662,221873,0,1000,0,0,0,60,60
47663,221874,0,1000,47664,0,0,60,60
47664,221875,0,1000,47665,0,0,60,60
47665,221876,0,1000,47666,0,0,60,60
47666,221878,0,2000,47667,0,0,60,60
47667,221879,0,1000,47668,0,0,60,60
47668,0,0,0,0,0,0,60,60
47669,221882,0,2000,0,0,0,60,60
47670,221883,0,1000,47671,0,0,60,60
47671,221884,0,1000,47672,0,0,60,60
47672,221885,0,1000,0,0,0,60,60
47674,221888,0,1000,0,0,0,60,60
47675,0,0,500,47676,0,0,60,60
47676,221887,0,1000,0,0,0,60,60
47677,221889,0,1000,0,0,0,60,60
47678,221890,0,1000,0,0,0,60,60
47679,221894,0,1000,0,0,0,60,60
47681,221896,0,1000,0,0,0,60,60
47682,0,0,500,47683,0,0,60,60
47683,221897,0,1000,0,0,0,60,60
47684,221899,0,1000,0,0,0,60,60
47685,221901,0,1000,0,0,0,60,60
47686,0,0,1000,47687,0,0,60,60
47687,221898,0,1000,47688,0,0,60,60
47688,221900,0,2000,47689,0,0,60,60
47689,221902,0,1000,47691,0,0,60,60
47690,221903,0,1000,49131,0,0,60,60
47691,225583,0,1000,49130,0,0,60,60
47692,221905,0,1000,0,0,0,60,60
47693,221906,0,3000,0,0,0,60,60
47694,221968,0,1000,47764,0,0,60,60
47700,221914,0,1000,47701,0,0,60,60
47701,221915,0,0,48742,0,0,60,60
47702,221916,0,0,0,0,0,60,60
47703,221920,0,1000,0,0,0,60,60
47704,221921,0,1000,0,0,0,60,60
47705,221925,0,1000,47706,0,0,60,60
47706,221926,0,1000,0,0,2,60,60
47707,221927,0,1000,47708,0,0,60,60
47708,221928,0,1000,0,0,2,60,60
47709,221929,0,1000,47710,0,0,60,60
47710,221930,0,1000,0,0,2,60,60
47711,221931,0,1000,47712,0,0,60,60
47712,221932,0,1000,47713,0,2,60,60
47713,221933,0,1000,0,0,0,60,60
47714,221934,0,1000,47715,0,0,60,60
47715,221935,0,1000,0,0,0,60,60
47716,0,0,2000,47605,0,0,60,60
47717,0,0,0,47657,0,0,60,60
47719,227990,0,1000,48211,0,0,60,60
47720,221947,0,3000,0,0,0,60,60
47721,221949,0,3000,0,0,0,60,60
47722,221950,0,3000,0,0,0,60,60
47723,221951,0,3000,0,0,0,60,60
47724,219915,0,1000,0,0,2,60,60
47725,221952,0,1000,0,0,0,60,60
47726,221954,0,1000,0,0,0,60,60
47728,221957,0,1000,47729,0,0,60,60
47729,221958,0,1000,0,0,0,60,60
47730,221959,0,1000,47731,0,0,60,60
47731,221961,0,1000,0,0,0,60,60
47732,221924,0,1000,47733,0,0,60,60
47733,221965,0,1000,47734,0,0,60,60
47734,221966,0,1000,0,0,0,60,60
47735,221975,0,1000,47736,0,0,60,60
47736,221976,0,0,0,0,3,60,60
47737,221977,0,1000,47738,0,0,60,60
47738,221978,0,0,0,0,0,60,60
47740,221990,0,1000,47742,0,0,60,60
47742,221991,0,1000,47744,0,0,60,60
47744,221992,0,1000,47746,0,0,60,60
47746,221993,0,1000,47748,0,0,60,60
47748,221994,0,1000,0,0,0,60,60
47749,221999,0,0,47750,0,0,60,60
47750,222000,0,1000,47751,0,0,60,60
47751,222001,0,1000,47752,0,0,60,60
47752,222006,0,1000,0,0,2,60,60
47754,222011,0,1000,47755,0,0,60,60
47755,222012,0,0,0,0,0,60,60
47756,221912,0,3000,0,0,0,60,60
47764,222024,0,0,0,0,0,60,60
47766,222025,0,1000,47768,0,0,60,60
47768,222026,0,1000,47770,0,0,60,60
47770,222027,0,1000,47772,0,0,60,60
47772,222028,0,1000,47774,0,0,60,60
47774,222029,0,1000,47776,0,0,60,60
47776,222030,0,1000,0,0,0,60,60
47777,222033,0,1000,47778,0,0,60,60
47778,222035,0,0,0,0,0,60,60
47779,222031,0,1000,0,0,0,60,60
47780,222063,0,1000,0,0,0,60,60
47781,222066,0,4000,51876,0,0,60,60
47784,222068,0,0,0,0,0,60,60
47785,0,0,500,47694,0,0,60,60
47786,222075,0,1000,47787,0,0,60,60
47787,222076,0,0,0,0,0,60,60
47788,222077,0,1000,0,0,0,60,60
47789,222079,0,1000,0,0,0,60,60
47790,222080,0,2000,47791,0,0,60,60
47791,222081,0,2000,47792,0,0,60,60
47792,222082,0,2000,49918,0,0,60,60
47793,222085,0,1000,0,0,0,60,60
47794,222089,0,1000,0,0,0,60,60
47795,222088,0,1000,0,0,0,60,60
47796,0,0,1000,47797,0,0,60,60
47797,222091,0,3000,47798,0,0,60,60
47798,222093,0,1000,0,0,0,60,60
47799,222121,0,1000,47800,0,0,60,60
47800,222120,0,1000,47801,0,0,60,60
47801,222122,0,0,47809,0,0,60,60
47802,222146,0,1000,47803,0,0,60,60
47803,222147,0,1000,0,0,3,60,60
47804,222154,0,1000,0,0,0,60,60
47805,222155,0,1000,0,0,0,60,60
47806,222161,0,3000,47807,0,0,60,60
47807,222162,0,4000,47808,0,0,60,60
47808,222163,0,1000,50139,0,0,60,60
47809,0,0,0,0,0,0,60,60
47810,222167,0,1000,47811,0,0,60,60
47811,222168,0,1000,0,0,0,60,60
47812,222179,0,1000,47813,0,0,60,60
47813,222180,0,1000,47814,0,0,60,60
47814,222181,0,1000,47815,0,0,60,60
47815,222182,0,1000,47816,0,0,60,60
47816,222183,0,1000,0,0,0,60,60
47817,222172,0,1000,0,0,0,60,60
47818,222213,0,1000,47819,0,0,60,60
47819,222214,0,1000,47820,0,0,60,60
47820,222215,0,1000,47821,0,0,60,60
47821,222216,0,1000,47822,0,0,60,60
47822,222217,0,1000,0,0,0,60,60
47823,222218,0,1000,47824,0,0,60,60
47824,222219,0,1000,47825,0,0,60,60
47825,222220,0,1000,47826,0,0,60,60
47826,222221,0,1000,47827,0,0,60,60
47827,222222,0,1000,0,0,0,60,60
47828,222230,0,5000,0,0,0,60,60
47829,215541,0,1000,47830,0,0,60,60
47830,0,0,1000,0,0,0,60,60
47832,222236,0,1000,47833,0,0,60,60
47833,222238,0,1000,47834,0,2,60,60
47834,222239,0,1000,47835,0,0,60,60
47835,222240,0,1000,0,0,0,60,60
47836,222248,0,1000,47837,0,0,60,60
47837,222249,0,0,0,0,0,60,60
47838,222252,0,3000,51875,0,0,60,60
47839,222253,0,1000,47840,0,2,60,60
47840,222254,0,-1000,0,0,0,60,60
47841,222067,0,4000,47842,0,0,60,60
47842,222256,0,-1000,51874,0,2,60,60
47843,222257,0,-1000,0,0,0,60,60
47844,222258,0,3000,51877,0,0,60,60
47845,222259,0,3000,47846,0,0,60,60
47846,222630,0,-1000,0,0,2,60,60
47848,222315,0,1000,50085,0,0,60,60
47849,222316,0,1000,47850,0,0,60,60
47850,222317,0,1000,47851,0,0,60,60
47851,222318,0,1000,47852,0,0,60,60
47852,222319,0,1000,50087,0,0,60,60
47854,222321,0,1000,0,0,0,60,60
47855,222322,0,1000,0,0,0,60,60
47856,222323,0,1000,47855,0,0,60,60
47857,222324,0,1000,0,0,0,60,60
47858,222331,0,1000,47859,0,0,60,60
47859,222332,0,0,47860,0,0,60,60
47860,222333,0,1000,0,0,0,60,60
47861,222335,0,1000,0,0,0,60,60
47862,222339,0,1000,0,0,0,60,60
47863,222336,0,1000,0,0,0,60,60
47864,222347,0,1000,47865,0,0,60,60
47865,222348,0,1000,47866,0,0,60,60
47866,222349,0,1000,0,0,0,60,60
47867,222350,0,0,47868,0,1,60,60
47868,222351,0,0,0,0,0,60,60
47869,222353,0,1000,47870,0,0,60,60
47870,222354,0,1000,47871,0,0,60,60
47871,222355,0,1000,0,0,0,60,60
47872,222356,0,1000,47886,0,0,60,60
47873,222343,0,1000,0,0,0,60,60
47874,222377,0,1000,0,0,0,60,60
47877,222344,0,1000,0,0,0,60,60
47878,222340,0,1000,0,0,0,60,60
47879,222376,0,1000,0,0,0,60,60
47880,222378,0,1000,0,0,0,60,60
47881,222379,0,1000,0,0,0,60,60
47883,222384,0,1000,0,0,0,60,60
47884,222385,0,1000,0,0,0,60,60
47885,222345,0,1000,0,0,0,60,60
47886,222392,0,1000,0,0,0,60,60
47887,222389,0,1000,0,0,0,60,60
47888,222390,0,1000,0,0,0,60,60
47889,222388,0,1000,0,0,0,60,60
47890,222397,0,2000,48185,0,1,60,60
47900,222413,0,3000,0,0,0,60,60
47901,222414,0,1000,47902,0,0,60,60
47902,222415,0,0,0,0,0,60,60
47903,222420,0,1000,47904,0,0,60,60
47904,222421,0,1000,47905,0,0,60,60
47905,222422,0,1000,47906,0,0,60,60
47906,222423,0,0,0,0,0,60,60
47908,222455,0,2000,0,0,0,60,60
47913,222444,0,2000,50709,0,0,60,60
47916,222255,0,1000,0,0,0,60,60
47918,222233,0,0,48589,0,0,60,60
47919,222326,0,0,48586,0,0,60,60
47920,222297,0,0,48587,0,0,60,60
47921,222313,0,0,0,0,0,60,60
47922,222456,0,2000,47923,0,0,60,60
47923,222457,0,1000,47924,0,0,60,60
47924,222459,0,1000,0,0,0,60,60
47925,0,0,1000,47922,0,0,60,60
47928,222465,0,1000,0,0,0,60,60
47929,222341,0,1000,0,0,0,60,60
47930,222334,0,0,0,0,0,60,60
47933,222186,0,0,0,0,0,60,60
47934,222187,0,1000,47935,0,0,60,60
47935,222188,0,0,47936,0,0,60,60
47936,222194,0,0,0,0,0,60,60
47937,222195,0,0,47938,0,0,60,60
47938,222196,0,0,47939,0,0,60,60
47939,0,0,1000,47940,0,0,60,60
47940,222198,0,0,47941,0,0,60,60
47941,222200,0,0,0,0,0,60,60
47942,222203,0,0,47943,0,0,60,60
47943,222205,0,0,0,0,0,60,60
47944,222208,0,500,47945,0,0,60,60
47945,222209,0,0,0,0,0,60,60
47946,222470,0,0,47948,0,0,60,60
47947,222471,0,0,47946,0,0,60,60
47948,222472,0,0,0,0,0,60,60
47949,222474,0,1000,0,0,0,60,60
47950,222475,0,1000,47951,0,0,60,60
47951,222476,0,1000,47952,0,0,60,60
47952,222477,0,1000,47954,0,0,60,60
47953,222480,0,2000,47955,0,0,60,60
47954,222478,0,2000,47953,0,0,60,60
47955,222479,0,1000,0,0,0,60,60
47956,222482,0,0,0,0,0,60,60
47957,222484,0,0,0,0,0,60,60
47959,222492,0,1000,0,0,0,60,60
47961,222494,0,2000,47962,0,0,60,60
47962,222496,0,2000,0,0,0,60,60
47964,221828,0,1000,0,0,0,60,60
47965,221829,0,1000,0,0,0,60,60
47966,221831,0,3000,0,0,0,60,60
47967,221832,0,3000,0,0,0,60,60
47968,0,0,1000,47970,0,0,60,60
47969,222511,0,1000,0,0,0,60,60
47970,222516,0,3000,47161,0,0,60,60
47971,222520,0,1000,47972,0,0,60,60
47972,222521,0,1000,47973,0,0,60,60
47973,222522,0,0,0,0,0,60,60
47974,222526,0,3000,47975,0,0,60,60
47975,222527,0,3000,47976,0,0,60,60
47976,218364,0,3000,52672,0,0,60,60
47977,222538,0,1000,0,0,0,60,60
47989,222544,0,1000,0,0,0,60,60
47990,222546,0,1000,0,0,0,60,60
47991,222580,0,1000,47992,0,0,60,60
47992,222581,0,1000,48232,0,0,60,60
47993,222582,0,750,47994,0,0,60,60
47994,222583,0,1000,0,0,0,60,60
47995,222584,0,1000,0,0,0,60,60
47996,222589,0,1000,47997,0,0,60,60
47997,222590,0,0,0,0,0,60,60
47998,222591,0,1000,0,0,0,60,60
47999,222592,0,1000,47998,0,0,60,60
48000,222593,0,1000,48001,0,0,60,60
48001,222594,0,1000,0,0,0,60,60
48002,222598,0,1000,0,0,0,60,60
48006,222585,0,3000,48007,0,0,60,60
48007,222686,0,3000,48101,0,0,60,60
48008,222602,0,1000,48009,0,0,60,60
48009,222603,0,1000,48010,0,0,60,60
48010,222604,0,1000,48011,0,0,60,60
48011,222605,0,1000,48012,0,0,60,60
48012,222606,0,1000,48013,0,0,60,60
48013,222607,0,1000,48014,0,0,60,60
48014,222608,0,1000,48015,0,0,60,60
48015,222609,0,1000,48016,0,0,60,60
48016,222610,0,1000,48017,0,0,60,60
48017,222611,0,1000,0,0,0,60,60
48018,221848,0,3000,48019,0,0,60,60
48019,221849,0,3000,49106,0,0,60,60
48020,222017,0,0,0,0,0,60,60
48021,222018,0,1000,48020,0,0,60,60
48022,222620,0,3000,52209,0,0,60,60
48025,222616,0,1000,0,0,0,60,60
48026,219385,0,1000,48027,0,0,60,60
48027,219388,0,1000,48028,0,2,60,60
48028,219389,0,1000,48029,0,0,60,60
48029,219426,0,1000,48030,0,0,60,60
48030,219428,0,1000,48031,0,0,60,60
48031,219915,0,1000,0,0,0,60,60
48032,222622,0,1000,48033,0,0,60,60
48033,222623,0,1000,0,0,0,60,60
48034,222624,0,1000,48035,0,0,60,60
48035,222625,0,1000,0,0,0,60,60
48036,0,0,1000,47520,0,0,60,60
48041,222631,0,2000,48042,0,0,60,60
48042,222632,0,3000,0,0,0,60,60
48043,222633,0,1000,0,0,0,60,60
48044,222634,0,1000,0,0,0,60,60
48045,222635,0,1000,0,0,0,60,60
48048,218975,0,1000,0,0,0,60,60
48049,218978,0,1000,0,0,0,60,60
48050,218983,0,1000,0,0,0,60,60
48051,218980,0,1000,0,0,0,60,60
48052,222636,0,2000,48053,0,0,60,60
48053,222637,0,1000,0,0,0,60,60
48054,222639,0,1000,0,0,0,60,60
48055,222640,0,1000,0,0,0,60,60
48056,218994,0,0,0,0,0,60,60
48057,222647,0,1000,0,0,0,60,60
48058,222648,0,1000,0,0,0,60,60
48059,222649,0,1000,0,0,0,60,60
48060,222650,0,1000,48061,0,0,60,60
48061,222651,0,0,49264,0,0,60,60
48064,222652,0,1000,0,0,0,60,60
48065,222653,0,1000,48066,0,0,60,60
48066,222654,0,0,48067,0,0,60,60
48067,222655,0,0,0,0,0,60,60
48068,222656,0,0,48069,0,0,60,60
48069,222657,0,1000,48070,0,0,60,60
48070,222658,0,0,48071,0,0,60,60
48071,222659,0,0,48072,0,0,60,60
48072,222660,0,0,0,0,0,60,60
48073,222661,0,1000,48074,0,0,60,60
48074,222662,0,1000,0,0,0,60,60
48075,0,0,3000,48076,0,0,60,60
48076,222663,0,1000,48077,0,0,60,60
48077,222664,0,0,0,0,0,60,60
48078,0,0,3000,48079,0,0,60,60
48079,222665,0,1000,48080,0,0,60,60
48080,222666,0,0,48081,0,0,60,60
48081,222667,0,0,0,0,0,60,60
48082,222668,0,0,48083,0,0,60,60
48083,222669,0,0,48084,0,0,60,60
48084,222670,0,0,0,0,2,60,60
48085,222671,0,0,48086,0,0,60,60
48086,222672,0,0,48087,0,0,60,60
48087,0,0,6000,48088,0,0,60,60
48088,222673,0,0,48089,0,0,60,60
48089,222674,0,0,48090,0,0,60,60
48090,222675,0,0,48091,0,0,60,60
48091,222676,0,0,49107,0,0,60,60
48092,222677,0,1000,0,0,0,60,60
48093,222687,0,1000,0,0,0,60,60
48094,222688,0,1000,48095,0,0,60,60
48095,222689,0,1000,0,0,0,60,60
48096,222694,0,1000,48097,0,0,60,60
48097,222695,0,1000,48118,0,0,60,60
48098,222699,0,1000,0,0,0,60,60
48101,222718,0,3000,48102,0,0,60,60
48102,222720,0,1000,0,0,0,60,60
48103,217052,0,0,48104,0,0,60,60
48104,222721,0,0,48105,0,0,60,60
48105,222722,0,0,48106,0,0,60,60
48106,222723,0,6000,46118,0,0,60,60
48107,222733,0,1000,0,0,0,60,60
48108,222742,0,1000,0,0,0,60,60
48109,222743,0,1000,0,0,0,60,60
48110,222744,0,1000,0,0,0,60,60
48111,222745,0,1000,0,0,0,60,60
48112,222747,0,1000,0,0,0,60,60
48113,222748,0,1000,0,0,0,60,60
48114,222750,0,1000,0,0,0,60,60
48115,222751,0,1000,0,0,0,60,60
48116,222749,0,1000,0,0,0,60,60
48117,226921,0,1000,0,0,0,60,60
48118,222760,0,1000,48119,0,0,60,60
48119,222761,0,4000,48132,0,0,60,60
48120,222764,0,3000,48121,0,0,60,60
48121,222766,0,1000,48122,0,0,60,60
48122,222769,0,2000,48123,0,0,60,60
48123,222771,0,2000,48133,0,0,60,60
48124,222773,0,2000,48125,0,0,60,60
48125,222774,0,3000,48126,0,0,60,60
48126,222775,0,1000,48134,0,0,60,60
48127,222778,0,1000,48128,0,0,60,60
48128,222780,0,2000,48135,0,0,60,60
48130,217571,0,1000,0,0,0,60,60
48131,217847,0,1000,0,0,0,60,60
48132,222783,0,0,48120,0,0,60,60
48133,222784,0,0,48124,0,0,60,60
48134,222785,0,0,48127,0,0,60,60
48135,222786,0,0,0,0,0,60,60
48138,222789,0,1000,0,0,0,60,60
48139,222790,0,1000,0,0,0,60,60
48140,222793,0,1000,0,0,0,60,60
48146,222798,0,1000,0,0,0,60,60
48147,222799,0,1000,0,0,0,60,60
48148,222802,0,1000,0,0,0,60,60
48149,0,0,1000,48096,0,0,60,60
48150,222810,0,1000,0,0,0,60,60
48151,217847,0,1000,0,0,0,60,60
48156,222813,0,1000,48157,0,0,60,60
48157,222814,0,1000,0,0,0,60,60
48158,222818,0,1000,0,0,0,60,60
48159,217571,0,1000,0,0,0,60,60
48160,232930,0,1000,0,0,0,60,60
48161,232931,0,1000,0,0,0,60,60
48162,222830,0,1000,0,0,0,60,60
48166,222831,0,1000,0,0,0,60,60
48170,222842,0,1000,0,0,0,60,60
48171,222843,0,1000,0,0,0,60,60
48172,222844,0,500,48173,0,0,60,60
48173,222845,0,500,48174,0,1,60,60
48174,222846,0,500,0,0,0,60,60
48181,222854,0,500,48731,0,0,60,60
48182,222861,0,1000,0,0,0,60,60
48183,222862,0,1000,0,0,0,60,60
48184,0,0,1000,47526,0,0,60,60
48185,222398,0,0,0,0,0,60,60
48186,222882,0,3000,0,0,0,60,60
48187,222883,0,3000,0,0,0,60,60
48190,201114,0,1000,0,0,0,60,60
48192,222892,0,1000,0,0,0,60,60
48193,222859,0,0,48732,0,0,60,60
48194,222816,0,0,48195,0,0,60,60
48195,222849,0,0,0,0,0,60,60
48196,222895,0,1000,48199,0,0,60,60
48197,222898,0,1000,48198,0,0,60,60
48198,222899,0,0,0,0,0,60,60
48199,222897,0,1000,0,0,0,60,60
48200,222903,0,1000,0,0,0,60,60
48201,222909,0,0,48202,0,0,60,60
48202,222910,0,0,0,0,0,60,60
48203,221732,0,0,48204,0,0,60,60
48204,222913,0,0,48205,0,0,60,60
48205,222914,0,0,0,0,0,60,60
48206,222888,0,0,0,0,0,60,60
48207,222917,0,1000,48208,0,0,60,60
48208,222964,0,1000,48215,0,0,60,60
48209,0,0,1000,48210,0,0,60,60
48210,222922,0,1000,0,0,0,60,60
48211,228510,0,1000,0,0,0,60,60
48212,222947,0,2000,48213,0,0,60,60
48213,222948,0,0,0,0,0,60,60
48214,222955,0,1000,0,0,0,60,60
48215,222918,0,1000,48214,0,0,60,60
48216,222972,0,1000,48217,0,0,60,60
48217,222973,0,1000,0,0,0,60,60
48218,222975,0,1000,0,0,0,60,60
48219,222976,0,1000,0,0,0,60,60
48221,222987,0,3000,48223,0,0,60,60
48223,228352,0,3000,48225,0,0,60,60
48225,228353,0,3000,0,0,0,60,60
48227,222993,0,1000,0,0,0,60,60
48228,222999,0,2000,0,0,0,60,60
48232,0,0,5000,48233,0,0,60,60
48233,223019,0,0,48234,0,0,60,60
48234,0,0,10000,48235,0,0,60,60
48235,223020,0,0,48236,0,2,60,60
48236,223021,0,0,0,0,0,60,60
48237,223042,0,0,0,0,0,60,60
48238,0,0,10000,48228,0,0,60,60
48240,223072,0,1000,0,0,0,60,60
48241,223073,0,1000,0,0,0,60,60
48242,223074,0,1000,0,0,0,60,60
48243,223075,0,1000,0,0,0,60,60
48244,223076,0,1000,0,0,0,60,60
48245,223077,0,1000,0,0,0,60,60
48246,223078,0,1000,0,0,0,60,60
48247,223079,0,1000,0,0,0,60,60
48248,223080,0,1000,0,0,0,60,60
48249,223081,0,1000,0,0,0,60,60
48250,223082,0,1000,0,0,0,60,60
48251,0,0,5000,47517,0,0,60,60
48252,223083,0,1000,0,0,0,60,60
48253,223084,0,1000,0,0,0,60,60
48254,223085,0,1000,0,0,0,60,60
48255,223086,0,1000,0,0,0,60,60
48256,223087,0,1000,0,0,0,60,60
48257,223088,0,1000,0,0,0,60,60
48258,223089,0,1000,0,0,0,60,60
48259,223090,0,1000,0,0,0,60,60
48260,223091,0,1000,0,0,0,60,60
48261,223092,0,1000,0,0,0,60,60
48262,223093,0,1000,0,0,0,60,60
48263,223094,0,1000,0,0,0,60,60
48264,223095,0,1000,0,0,0,60,60
48265,223096,0,1000,0,0,0,60,60
48266,223097,0,1000,0,0,0,60,60
48267,223098,0,1000,0,0,0,60,60
48268,223099,0,1000,0,0,0,60,60
48269,223100,0,1000,0,0,0,60,60
48270,223101,0,1000,0,0,0,60,60
48271,223102,0,1000,0,0,0,60,60
48272,223103,0,1000,0,0,0,60,60
48273,223104,0,1000,0,0,0,60,60
48274,223105,0,1000,0,0,0,60,60
48275,223106,0,1000,0,0,0,60,60
48276,223107,0,1000,0,0,0,60,60
48277,223108,0,1000,0,0,0,60,60
48278,223116,0,0,0,0,0,60,60
48279,219009,0,1000,48280,0,0,60,60
48280,223119,0,1000,48281,0,0,60,60
48281,223120,0,1000,48282,0,0,60,60
48282,223130,0,1000,48283,0,0,60,60
48283,223131,0,1000,0,0,0,60,60
48284,223137,0,2000,48285,0,0,60,60
48285,223138,0,2000,48286,0,0,60,60
48286,223139,0,2000,50210,0,0,60,60
48287,0,0,2000,48284,0,0,60,60
48288,223142,0,1000,48289,0,0,60,60
48289,223143,0,1000,48290,0,0,60,60
48290,223144,0,1000,48291,0,0,60,60
48291,223145,0,0,0,0,0,60,60
48292,0,0,1000,47335,0,0,60,60
48293,223148,0,0,0,0,0,60,60
48294,223147,0,0,0,0,0,60,60
48295,215859,0,1000,48296,0,0,60,60
48296,223149,0,1000,48297,0,0,60,60
48297,221640,0,1000,48298,0,0,60,60
48298,223150,0,1000,0,0,0,60,60
48299,223157,0,0,47429,0,0,60,60
48300,223158,0,1000,48301,0,0,60,60
48301,223159,0,0,0,0,0,60,60
48303,223175,0,1000,48304,0,0,60,60
48304,223176,0,1000,0,0,0,60,60
48305,223177,0,1000,0,0,0,60,60
48306,223178,0,1000,0,0,0,60,60
48307,221684,0,0,0,0,0,60,60
48308,223205,0,1000,0,0,0,60,60
48309,0,0,1000,48308,0,0,60,60
48310,223206,0,1000,0,0,0,60,60
48311,223219,0,1000,0,0,0,60,60
48314,229880,0,3000,52256,0,0,60,60
48315,223230,0,250,48316,0,0,60,60
48316,223231,0,250,48317,0,0,60,60
48317,223232,0,250,48739,0,0,60,60
48318,229928,0,2000,48319,0,0,60,60
48319,230080,0,10000,48322,0,0,60,60
48322,230081,0,30000,0,0,0,60,60
48323,223254,0,1000,0,0,0,60,60
48329,223282,0,2000,48330,0,0,60,60
48330,223283,0,1000,0,0,0,60,60
48331,223285,0,2000,0,0,0,60,60
48332,223284,0,1000,48331,0,0,60,60
48333,223286,0,1000,48334,0,0,60,60
48334,223289,0,2000,0,0,0,60,60
48335,223287,0,10000,48456,0,0,60,60
48338,223291,0,2000,48339,0,0,60,60
48339,223292,0,1000,48340,0,0,60,60
48340,223293,0,1000,0,0,0,60,60
48341,223296,0,1000,0,0,0,60,60
48342,223297,0,1000,0,0,0,60,60
48343,223298,0,1000,0,0,0,60,60
48344,223299,0,1000,0,0,0,60,60
48345,223277,0,1000,0,0,0,60,60
48346,223323,0,0,48347,0,0,60,60
48347,223324,0,1000,48348,0,0,60,60
48348,223325,0,0,48349,0,0,60,60
48349,223326,0,0,0,0,0,60,60
48351,223337,0,1000,0,0,1,60,60
48352,223339,0,2000,48353,0,0,60,60
48353,223344,0,1000,48354,0,0,60,60
48354,223345,0,1000,48355,0,0,60,60
48355,223342,0,1000,0,0,0,60,60
48356,223349,0,1000,0,0,1,60,60
48357,223350,0,1000,48358,0,0,60,60
48358,223351,0,1000,48359,0,0,60,60
48359,223353,0,1000,48360,0,0,60,60
48360,223352,0,1000,0,0,0,60,60
48361,223356,0,0,48362,0,0,60,60
48362,223357,0,0,0,0,0,60,60
48363,223369,0,5000,0,0,0,60,60
48364,219029,0,1000,48365,0,0,60,60
48365,223367,0,0,48366,0,0,60,60
48366,223368,0,0,48367,0,0,60,60
48367,0,0,2000,48368,0,0,60,60
48368,223372,0,2000,48369,0,0,60,60
48369,223375,0,0,0,0,1,60,60
48370,219062,0,1000,48371,0,0,60,60
48371,0,0,2000,48364,0,0,60,60
48372,223370,0,1000,48373,0,0,60,60
48373,223371,0,0,48374,0,0,60,60
48374,223374,0,0,48375,0,0,60,60
48375,223376,0,0,0,0,0,60,60
48379,0,0,2000,46837,0,0,60,60
48382,223434,0,250,48383,0,0,60,60
48383,223435,0,250,0,0,0,60,60
48384,223556,0,1000,0,26146,0,60,60
48385,223557,0,1000,0,26146,0,60,60
48386,223489,0,1000,0,0,0,60,60
48387,222916,0,1000,48388,0,0,60,60
48388,223544,0,2000,48389,0,0,60,60
48389,223545,0,250,48390,0,0,60,60
48390,223489,0,2000,48392,0,0,60,60
48391,223547,0,1000,0,0,0,60,60
48392,223548,0,2500,48391,0,0,60,60
48393,0,0,1000,45460,0,0,60,60
48394,0,0,1000,45458,0,0,60,60
48395,223550,0,1000,0,0,0,60,60
48396,0,0,2000,48395,0,0,60,60
48397,221180,0,1000,48398,0,0,60,60
48398,219806,0,1000,48399,0,0,60,60
48399,219807,0,1000,0,0,0,60,60
48400,223553,0,1000,48401,0,0,60,60
48401,223554,0,1000,48402,0,0,60,60
48402,223555,0,1000,0,0,0,60,60
48403,219911,0,1000,48404,0,0,60,60
48404,219912,0,1000,48405,0,0,60,60
48405,219913,0,1000,48406,0,0,60,60
48406,219914,0,1000,48407,0,0,60,60
48407,219923,0,1000,0,0,0,60,60
48408,223479,0,0,48409,0,1,60,60
48409,223483,0,0,0,0,1,60,60
48410,223655,0,1000,48411,0,0,60,60
48411,223656,0,1000,48412,0,0,60,60
48412,223657,0,1000,48413,0,0,60,60
48413,223675,0,1000,48414,0,0,60,60
48414,223676,0,1000,0,0,0,60,60
48415,217677,0,4000,46492,3251,0,60,60
48416,223705,0,1000,49204,0,0,60,60
48417,223706,0,0,48418,0,0,60,60
48418,223713,0,0,0,0,2,60,60
48419,223528,0,2000,48420,0,0,60,60
48420,223529,0,1000,0,0,0,60,60
48421,223697,0,0,48422,0,0,60,60
48422,223699,0,0,48423,0,0,60,60
48423,223698,0,0,0,0,0,60,60
48424,0,0,1000,48421,0,0,60,60
48425,0,0,4000,48416,0,0,60,60
48426,223770,0,1000,0,0,0,60,60
48427,223772,0,1000,0,0,0,60,60
48428,223773,0,1000,0,0,0,60,60
48429,0,0,1000,48430,0,0,60,60
48430,223776,0,0,0,0,0,60,60
48431,223777,0,0,0,0,0,60,60
48432,223778,0,0,0,0,0,60,60
48433,223779,0,0,48434,0,0,60,60
48434,223780,0,0,0,0,0,60,60
48435,223781,0,0,48436,0,0,60,60
48436,223782,0,0,48437,0,0,60,60
48437,223783,0,0,48438,0,0,60,60
48438,223786,0,0,0,0,0,60,60
48439,223800,0,0,0,0,0,60,60
48440,223801,0,1000,0,0,0,60,60
48441,223802,0,1000,0,0,0,60,60
48442,223803,0,1000,48443,0,0,60,60
48443,223804,0,2000,48950,0,0,60,60
48446,218398,0,1000,48447,0,0,60,60
48447,223807,0,1000,48766,0,0,60,60
48448,223809,0,1000,48449,0,0,60,60
48449,223810,0,1000,48450,0,0,60,60
48450,223811,0,1000,0,0,0,60,60
48451,223822,0,1000,49292,0,0,60,60
48452,217425,0,3000,48453,0,0,60,60
48453,223872,0,1000,0,0,0,60,60
48454,223873,0,3000,48452,0,0,60,60
48456,223880,0,1000,0,0,0,60,60
48457,223885,0,1000,0,0,0,60,60
48458,223886,0,1000,48459,0,0,60,60
48459,223887,0,1000,48460,0,0,60,60
48460,223888,0,1000,0,0,0,60,60
48461,221807,0,1000,48458,0,0,60,60
48465,222547,0,0,48466,0,0,60,60
48466,222548,0,0,48467,0,0,60,60
48467,222549,0,0,49649,0,0,60,60
48468,222550,0,0,0,0,0,60,60
48469,223945,0,1000,48470,0,0,60,60
48470,0,0,1000,48471,0,0,60,60
48471,223946,0,1000,0,0,0,60,60
48472,223971,0,1000,48473,0,0,60,60
48473,223972,0,1000,48474,0,0,60,60
48474,223973,0,1000,0,0,0,60,60
48475,223971,0,1000,48476,0,0,60,60
48476,223980,0,1000,48477,0,0,60,60
48477,223982,0,1000,0,0,0,60,60
48478,223974,0,1000,48504,0,0,60,60
48479,223995,0,1000,0,0,0,60,60
48480,224006,0,1000,0,0,0,60,60
48481,224014,0,1000,0,0,0,60,60
48482,224015,0,1000,48483,0,0,60,60
48483,224016,0,1000,48484,0,0,60,60
48484,224017,0,1000,48485,0,0,60,60
48485,224018,0,1000,48486,0,0,60,60
48486,224019,0,1000,0,0,0,60,60
48487,224020,0,1000,48488,0,0,60,60
48488,224021,0,1000,48489,0,0,60,60
48489,224022,0,1000,0,0,1,60,60
48490,0,0,5000,47005,0,0,60,60
48491,224056,0,1000,0,0,0,60,60
48492,224058,0,1000,0,0,0,60,60
48493,224057,0,1000,0,0,0,60,60
48494,224061,0,1000,0,0,0,60,60
48495,224061,0,1000,0,0,0,60,60
48496,224062,0,1000,0,0,0,60,60
48497,224063,0,1000,0,0,0,60,60
48498,224067,0,1000,0,0,0,60,60
48499,224100,0,2000,48500,0,0,60,60
48500,224101,0,1750,48501,0,0,60,60
48501,224102,0,1000,48502,0,0,60,60
48502,224103,0,2500,48503,0,0,60,60
48503,224104,0,1000,0,0,0,60,60
48504,223981,0,1000,48505,0,0,60,60
48505,223984,0,1000,48506,0,0,60,60
48506,223985,0,0,48507,0,0,60,60
48507,0,0,2000,48508,0,0,60,60
48508,223986,0,2000,48509,0,0,60,60
48509,223987,0,1000,48510,0,0,60,60
48510,223988,0,2000,48511,0,0,60,60
48511,223989,0,1000,48512,0,0,60,60
48512,223990,0,1000,48513,0,0,60,60
48513,223991,0,1000,0,0,0,60,60
48514,0,0,1000,48478,0,0,60,60
48515,224141,0,1000,48516,0,2,60,60
48516,224142,0,3500,48517,0,0,60,60
48517,224143,0,3500,48518,0,0,60,60
48518,224146,0,1000,0,0,0,60,60
48519,224149,0,1000,48520,0,0,60,60
48520,224150,0,0,48521,0,0,60,60
48521,224151,0,2000,48523,0,0,60,60
48523,224154,0,1000,48524,0,0,60,60
48524,224155,0,1000,48525,0,0,60,60
48525,224156,0,1000,48526,0,0,60,60
48526,224157,0,0,48527,0,0,60,60
48527,224158,0,1000,48528,0,0,60,60
48528,224159,0,1000,0,0,0,60,60
48529,218848,0,1000,0,0,0,60,60
48530,218850,0,1000,0,0,0,60,60
48531,224202,0,1000,48532,0,0,60,60
48532,224203,0,1000,48533,0,0,60,60
48533,224204,0,1000,48534,0,0,60,60
48534,224205,0,0,0,0,0,60,60
48538,218267,0,2000,48539,0,0,60,60
48539,218269,0,1000,48540,0,0,60,60
48540,218268,0,1000,48541,0,0,60,60
48541,218270,0,1000,48744,0,0,60,60
48542,223930,0,1000,0,0,0,60,60
48545,0,0,6000,48538,0,0,60,60
48547,224230,0,0,48548,0,0,60,60
48548,224231,0,0,48549,0,0,60,60
48549,224232,0,0,0,0,0,60,60
48550,0,0,1000,47017,0,0,60,60
48551,224279,0,0,48552,0,0,60,60
48552,224280,0,0,0,0,0,60,60
48553,224281,0,1000,0,0,0,60,60
48554,224286,0,0,0,0,0,60,60
48556,224300,0,1000,0,0,0,60,60
48557,218309,0,0,48558,0,1,60,60
48558,224302,0,0,0,0,1,60,60
48559,224309,0,1000,48560,0,0,60,60
48560,224311,0,1000,48561,0,0,60,60
48561,224312,0,1000,0,0,0,60,60
48562,224354,0,1000,0,0,2,60,60
48563,224356,0,2000,48564,0,0,60,60
48564,224358,0,1000,0,0,0,60,60
48565,224113,0,5000,0,0,0,60,60
48566,224360,0,1000,0,0,0,60,60
48567,224361,0,1000,0,0,0,60,60
48568,224114,0,5000,0,0,0,60,60
48569,224365,0,1000,0,0,0,60,60
48570,224385,0,0,49095,0,0,60,60
48573,224413,0,1000,48574,0,0,60,60
48574,224414,0,1000,50756,0,0,60,60
48576,224433,0,1000,0,0,0,60,60
48577,224436,0,1000,0,0,0,60,60
48578,224428,0,1000,48583,0,0,60,60
48579,224446,0,1000,0,0,0,60,60
48580,224443,0,1000,48581,0,0,60,60
48581,224447,0,1000,48582,0,0,60,60
48582,224448,0,1000,0,0,0,60,60
48583,224451,0,1000,0,0,0,60,60
48584,224460,0,1000,0,26146,0,60,60
48585,224461,0,1000,0,26146,0,60,60
48586,224422,0,1000,0,0,0,60,60
48587,224424,0,1000,0,0,0,60,60
48589,224420,0,0,48590,0,0,60,60
48590,224421,0,0,0,0,0,60,60
48591,224464,0,1000,48592,0,0,60,60
48592,224465,0,1000,0,0,0,60,60
48593,224466,0,1000,0,0,0,60,60
48594,224468,0,10000,0,0,0,60,60
48595,224518,0,0,48596,0,0,60,60
48596,224520,0,1000,48597,0,0,60,60
48597,224521,0,0,0,0,0,60,60
48598,224530,0,1000,0,0,0,60,60
48599,224531,0,1000,0,0,0,60,60
48600,224533,0,1000,0,0,0,60,60
48601,0,0,1000,47454,0,0,60,60
48602,224539,0,1000,0,0,0,60,60
48605,222233,0,1000,48606,0,0,60,60
48606,224420,0,0,0,0,0,60,60
48607,223530,0,0,48608,0,0,60,60
48608,224535,0,0,0,0,0,60,60
48609,223530,0,0,48610,0,0,60,60
48610,224536,0,0,48611,0,0,60,60
48611,224536,0,0,48612,0,0,60,60
48612,224537,0,0,0,0,0,60,60
48613,224543,0,0,48614,0,0,60,60
48614,224544,0,0,48615,0,0,60,60
48615,224545,0,0,48616,0,0,60,60
48616,224546,0,1000,48617,0,0,60,60
48617,224547,0,0,0,0,2,60,60
48618,224550,0,0,48619,0,0,60,60
48619,224551,0,0,48620,0,0,60,60
48620,224552,0,0,48621,0,0,60,60
48621,224553,0,0,0,0,0,60,60
48622,224572,0,0,48623,0,0,60,60
48623,224573,0,0,48624,0,0,60,60
48624,224574,0,1000,48625,0,0,60,60
48625,224575,0,0,48626,0,0,60,60
48626,224576,0,0,0,0,0,60,60
48627,221795,0,1000,48628,0,0,60,60
48628,221796,0,1000,48629,0,0,60,60
48629,221797,0,1000,48630,0,0,60,60
48630,221798,0,1000,48631,0,0,60,60
48631,221800,0,1000,0,0,0,60,60
48632,224579,0,1000,48633,0,0,60,60
48633,224581,0,1000,50063,0,0,60,60
48635,224592,0,1000,0,0,1,60,60
48636,224540,0,0,48637,0,0,60,60
48637,224541,0,1000,0,0,0,60,60
48639,224624,0,1000,0,0,0,60,60
48640,0,0,1000,48641,0,0,60,60
48641,224611,0,1000,48644,0,0,60,60
48642,224612,0,1000,48643,0,0,60,60
48643,224613,0,1000,48645,0,0,60,60
48644,224614,0,1000,48642,0,0,60,60
48645,224615,0,1000,48646,0,0,60,60
48646,224616,0,1000,48647,0,0,60,60
48647,224617,0,1000,48648,0,0,60,60
48648,224618,0,1000,48650,0,0,60,60
48650,224620,0,0,48651,0,2,60,60
48651,224621,0,1000,48652,0,0,60,60
48652,224622,0,1000,48653,0,0,60,60
48653,0,0,0,0,0,0,60,60
48654,224630,0,1000,0,26146,0,60,60
48655,224632,0,1000,0,26146,0,60,60
48656,224644,0,1000,0,0,0,60,60
48657,224650,0,1000,0,0,0,60,60
48658,230134,0,1000,0,0,0,60,60
48659,224656,0,1000,0,0,0,60,60
48660,224657,0,1000,0,0,0,60,60
48661,224659,0,1000,0,0,0,60,60
48662,224660,0,1000,0,0,0,60,60
48667,224665,0,1000,48670,0,0,60,60
48668,224666,0,1000,48667,0,0,60,60
48670,224667,0,1000,0,0,0,60,60
48671,224664,0,1000,48668,0,0,60,60
48672,222427,0,0,48673,0,0,60,60
48673,222428,0,0,48674,0,0,60,60
48674,224668,0,0,48675,0,0,60,60
48675,222429,0,0,48676,0,0,60,60
48676,224672,0,0,48677,0,0,60,60
48677,224673,0,0,48678,0,0,60,60
48678,222430,0,0,48679,0,0,60,60
48679,222431,0,0,48680,0,0,60,60
48680,222432,0,0,48681,0,0,60,60
48681,224669,0,0,48682,0,0,60,60
48682,224670,0,0,48683,0,0,60,60
48683,222433,0,0,48684,0,0,60,60
48684,224671,0,0,48685,0,0,60,60
48685,222434,0,0,48686,0,0,60,60
48686,222435,0,0,48687,0,0,60,60
48687,222436,0,0,48688,0,0,60,60
48688,224674,0,0,48689,0,0,60,60
48689,224675,0,0,0,0,0,60,60
48690,224678,0,1000,0,0,0,60,60
48691,224679,0,1000,0,0,0,60,60
48692,224682,0,1000,0,0,0,60,60
48693,224683,0,1000,0,0,0,60,60
48694,224700,0,0,48695,0,0,60,60
48695,224702,0,0,0,0,0,60,60
48696,224703,0,0,48697,0,0,60,60
48697,224701,0,0,0,0,0,60,60
48698,224704,0,0,48699,0,0,60,60
48699,224699,0,0,0,0,0,60,60
48700,224724,0,1000,0,0,0,60,60
48701,224717,0,1000,48702,0,0,60,60
48702,224719,0,1000,48706,0,0,60,60
48706,224726,0,1000,0,0,0,60,60
48707,224728,0,1000,0,0,0,60,60
48708,224730,0,2000,48709,0,0,60,60
48709,224731,0,2000,48710,0,0,60,60
48710,224732,0,2000,0,0,0,60,60
48711,224746,0,1000,0,0,0,60,60
48712,224747,0,1000,0,0,0,60,60
48713,224748,0,0,48714,0,0,60,60
48714,221852,0,0,0,0,0,60,60
48715,224749,0,3000,48716,0,0,60,60
48716,224751,0,3000,48717,0,0,60,60
48717,224757,0,1000,0,0,0,60,60
48718,224763,0,500,48719,0,0,60,60
48719,224764,0,500,48720,0,0,60,60
48720,222245,0,500,0,0,0,60,60
48721,224765,0,2000,0,0,0,60,60
48722,224769,0,0,48723,0,0,60,60
48723,224770,0,0,48724,0,0,60,60
48724,224771,0,0,48725,0,0,60,60
48725,224772,0,0,0,0,0,60,60
48726,223540,0,0,48727,0,0,60,60
48727,222850,0,0,48728,0,0,60,60
48728,222851,0,0,48729,0,0,60,60
48729,222852,0,0,48730,0,0,60,60
48730,222853,0,0,0,0,0,60,60
48731,224773,0,500,0,0,0,60,60
48732,224774,0,0,0,0,0,60,60
48733,221743,0,0,48734,0,0,60,60
48734,221744,0,0,48735,0,0,60,60
48735,221745,0,0,48736,0,0,60,60
48736,221746,0,0,0,0,0,60,60
48737,224775,0,0,0,0,0,60,60
48738,224776,0,0,0,0,0,60,60
48739,224777,0,250,0,0,0,60,60
48740,224778,0,0,48741,0,0,60,60
48741,224779,0,0,0,0,0,60,60
48742,222247,0,0,47702,0,0,60,60
48743,224781,0,250,0,0,0,60,60
48744,224782,0,1000,48542,0,2,60,60
48745,222425,0,0,48746,0,0,60,60
48746,222426,0,0,48747,0,0,60,60
48747,219369,0,0,48748,0,0,60,60
48748,219370,0,0,48749,0,0,60,60
48749,219371,0,0,48750,0,0,60,60
48750,219372,0,0,48751,0,0,60,60
48751,222424,0,0,0,0,0,60,60
48752,219355,0,0,48753,0,0,60,60
48753,223224,0,0,48754,0,0,60,60
48754,219356,0,0,48755,0,0,60,60
48755,223222,0,0,48756,0,0,60,60
48756,219357,0,0,48757,0,0,60,60
48757,219358,0,0,48758,0,0,60,60
48758,219359,0,0,48759,0,0,60,60
48759,219360,0,0,48760,0,0,60,60
48760,219361,0,0,48761,0,0,60,60
48761,223223,0,0,48762,0,0,60,60
48762,219362,0,0,0,0,0,60,60
48763,224792,0,1000,48764,0,0,60,60
48764,224793,0,0,0,0,0,60,60
48765,224794,0,1000,0,0,0,60,60
48766,224795,0,1000,0,0,0,60,60
48767,223790,0,0,48768,0,0,60,60
48768,223791,0,0,48769,0,0,60,60
48769,223792,0,0,48770,0,0,60,60
48770,223793,0,0,48771,0,0,60,60
48771,223794,0,0,48772,0,0,60,60
48772,223795,0,0,48773,0,0,60,60
48773,223796,0,0,48774,0,0,60,60
48774,223797,0,0,48775,0,0,60,60
48775,223798,0,0,0,0,0,60,60
48776,0,0,1000,48777,0,0,60,60
48777,224825,0,0,48778,0,0,60,60
48778,224826,0,0,48779,0,0,60,60
48779,224827,0,0,48780,0,0,60,60
48780,224830,0,0,48781,0,0,60,60
48781,224835,0,0,48782,0,0,60,60
48782,224831,0,0,48783,0,0,60,60
48783,224832,0,0,48784,0,0,60,60
48784,224833,0,0,48785,0,0,60,60
48785,224834,0,1000,48787,0,0,60,60
48787,0,0,0,48788,0,0,60,60
48788,0,0,0,0,0,0,60,60
48789,224842,0,1000,0,0,0,60,60
48790,224845,0,1000,0,0,0,60,60
48791,224844,0,1000,0,0,0,60,60
48792,224872,0,1000,0,0,0,60,60
48793,224873,0,1000,0,0,0,60,60
48794,224843,0,1000,0,0,0,60,60
48795,224874,0,1000,0,0,0,60,60
48796,225542,0,1000,0,0,0,60,60
48797,224988,0,1000,0,0,0,60,60
48798,224991,0,1000,0,0,0,60,60
48799,224998,0,1000,0,0,0,60,60
48800,224999,0,1000,0,0,0,60,60
48801,224863,0,1000,0,0,0,60,60
48802,224864,0,1000,0,0,0,60,60
48803,225000,0,1000,0,0,0,60,60
48804,225001,0,1000,0,0,0,60,60
48805,224846,0,0,0,0,0,60,60
48806,224847,0,0,0,0,0,60,60
48807,224848,0,0,0,0,0,60,60
48808,224850,0,1000,48809,0,0,60,60
48809,224851,0,0,0,0,0,60,60
48810,224852,0,1000,0,0,0,60,60
48811,224857,0,0,0,0,0,60,60
48812,224859,0,1000,0,0,0,60,60
48813,224860,0,1000,0,0,0,60,60
48814,224861,0,1000,0,0,0,60,60
48816,224867,0,1000,0,0,0,60,60
48817,224869,0,1000,0,0,0,60,60
48818,224868,0,1000,0,0,0,60,60
48819,224871,0,1000,0,0,0,60,60
48820,224870,0,1000,0,0,0,60,60
48821,224885,0,1000,48822,0,0,60,60
48822,0,0,0,0,0,0,60,60
48823,224910,0,1000,0,0,0,60,60
48826,224917,0,3000,0,0,0,60,60
48827,224923,0,3000,48828,0,0,60,60
48828,224925,0,3000,48829,0,0,60,60
48829,224926,0,3000,48830,0,0,60,60
48830,224937,0,3000,0,0,0,60,60
48831,224947,0,1000,0,0,0,60,60
48832,224944,0,3000,48836,0,0,60,60
48833,224948,0,1000,0,0,0,60,60
48834,224945,0,1000,0,0,0,60,60
48835,224953,0,3000,48843,0,0,60,60
48836,223672,0,1000,48833,0,0,60,60
48837,224955,0,1000,0,0,0,60,60
48838,224946,0,1000,0,0,0,60,60
48839,224949,0,1000,0,0,0,60,60
48840,224950,0,1000,0,0,0,60,60
48841,224951,0,1000,0,0,0,60,60
48842,224952,0,1000,0,0,0,60,60
48843,224963,0,4000,48844,0,0,60,60
48844,224965,0,4000,48845,0,0,60,60
48845,224966,0,4000,48846,0,0,60,60
48846,224967,0,4000,0,0,0,60,60
48847,224980,0,1000,0,0,0,60,60
48848,224981,0,1000,0,0,0,60,60
48849,224985,0,1000,48850,0,0,60,60
48850,224986,0,1000,48851,0,0,60,60
48851,224987,0,0,0,0,0,60,60
48852,225002,0,1000,0,0,0,60,60
48853,181864,0,1000,48854,0,0,60,60
48854,181646,0,1000,52892,0,0,60,60
48855,225015,0,1000,48857,0,0,60,60
48856,225016,0,1000,48855,0,0,60,60
48857,225017,0,1000,0,0,0,60,60
48859,225021,0,1000,48860,0,0,60,60
48860,222351,0,0,48861,0,0,60,60
48861,222394,0,0,48863,0,1,60,60
48863,0,0,3000,48864,0,0,60,60
48864,222402,0,1000,0,0,0,60,60
48865,0,0,1000,48859,0,0,60,60
48866,225023,0,1000,48867,0,0,60,60
48867,225025,0,1000,48868,0,0,60,60
48868,225024,0,0,0,0,0,60,60
48869,225026,0,1000,0,26146,0,60,60
48870,225027,0,1000,0,26146,0,60,60
48871,225028,0,1000,0,0,0,60,60
48872,225034,0,1000,0,0,0,60,60
48873,225037,0,1000,0,0,0,60,60
48874,225032,0,1000,0,0,0,60,60
48875,225033,0,1000,0,0,0,60,60
48876,225035,0,1000,0,0,0,60,60
48877,225036,0,1000,0,0,0,60,60
48878,0,0,0,48879,0,2,60,60
48879,225042,0,1500,48880,0,0,60,60
48880,225043,0,2000,48881,0,0,60,60
48881,225044,0,1500,49508,0,0,60,60
48883,225058,0,1000,0,0,0,60,60
48884,225057,0,1000,0,0,0,60,60
48885,225061,0,1000,0,0,0,60,60
48886,217751,0,1000,48887,0,1,60,60
48887,217752,0,1000,50287,0,1,60,60
48889,225070,0,0,48890,0,0,60,60
48890,225071,0,0,0,0,0,60,60
48891,0,0,1500,48892,0,0,60,60
48892,225073,0,1000,0,0,0,60,60
48893,225072,0,1000,0,0,0,60,60
48894,225080,0,1000,0,0,0,60,60
48895,225081,0,1000,0,0,0,60,60
48896,225083,0,1000,0,0,0,60,60
48897,224386,0,2000,50963,0,0,60,60
48900,225088,0,1000,0,0,3,60,60
48901,225089,0,1000,0,0,3,60,60
48902,225090,0,1000,0,0,3,60,60
48903,224767,0,1000,0,0,0,60,60
48904,0,0,1000,48905,0,0,60,60
48905,225091,0,0,48906,0,0,60,60
48906,225092,0,0,48907,0,0,60,60
48907,225093,0,0,48908,0,0,60,60
48908,225094,0,0,48909,0,0,60,60
48909,225095,0,0,48910,0,0,60,60
48910,225100,0,0,48915,0,0,60,60
48911,0,0,1000,48917,0,0,60,60
48912,225098,0,0,48913,0,0,60,60
48913,225097,0,0,48916,0,0,60,60
48914,225099,0,0,0,0,0,60,60
48915,0,0,0,48911,0,0,60,60
48916,0,0,0,48914,0,0,60,60
48917,225096,0,0,48912,0,0,60,60
48918,225143,0,1000,0,0,0,60,60
48919,225146,0,0,0,0,0,60,60
48923,225148,0,0,48924,0,0,60,60
48924,225149,0,0,48925,0,0,60,60
48925,225147,0,0,0,0,0,60,60
48926,225150,0,1000,0,0,0,60,60
48927,223764,0,1000,48931,0,0,60,60
48928,217747,0,1000,50283,0,1,60,60
48929,217748,0,1000,48930,0,1,60,60
48930,217750,0,1000,0,0,1,60,60
48931,223765,0,1000,48932,0,0,60,60
48932,223766,0,1000,48940,0,0,60,60
48933,225182,0,1000,0,0,0,60,60
48934,225190,0,1000,0,0,0,60,60
48935,225191,0,1000,0,0,0,60,60
48936,225192,0,1000,0,0,0,60,60
48937,225194,0,1000,0,0,0,60,60
48938,225198,0,1000,0,0,0,60,60
48939,225199,0,1000,0,0,0,60,60
48940,223767,0,1000,48941,0,0,60,60
48941,223768,0,1000,48942,0,0,60,60
48942,223769,0,1000,48943,0,0,60,60
48943,223771,0,1000,48944,0,0,60,60
48944,223774,0,1000,48945,0,0,60,60
48945,223775,0,2000,0,0,0,60,60
48946,225375,0,1000,0,0,0,60,60
48949,218399,0,1000,0,0,0,60,60
48950,225240,0,0,0,0,0,60,60
48951,225247,0,1000,48952,0,0,60,60
48952,225248,0,1000,0,0,0,60,60
48953,225253,0,1000,0,0,0,60,60
48954,225255,0,1000,0,0,0,60,60
48955,225339,0,1000,48956,0,0,60,60
48956,225340,0,0,0,0,0,60,60
48959,225280,0,1000,0,0,0,60,60
48960,225302,0,1000,0,0,0,60,60
48961,225313,0,1000,0,0,0,60,60
48962,225312,0,1000,0,0,0,60,60
48963,225315,0,0,48964,0,0,60,60
48964,225318,0,0,0,0,0,60,60
48965,225316,0,0,48966,0,0,60,60
48966,225319,0,0,0,0,0,60,60
48967,225317,0,1000,48968,0,0,60,60
48968,225320,0,1000,0,0,0,60,60
48972,225327,0,1000,48973,0,0,60,60
48973,225328,0,1000,0,0,0,60,60
48974,225329,0,1000,48975,0,0,60,60
48975,225326,0,1000,0,0,0,60,60
48976,225330,0,1000,48977,0,0,60,60
48977,225331,0,6000,49093,0,2,60,60
48980,225528,0,2000,0,0,0,60,60
48982,225341,0,1000,48983,0,0,60,60
48983,225342,0,1000,48984,0,0,60,60
48984,225343,0,0,0,0,0,60,60
48986,225361,0,4000,48987,0,0,60,60
48987,225362,0,4000,48988,0,0,60,60
48988,225363,0,4000,0,0,0,60,60
48989,225371,0,1000,49854,0,0,60,60
48990,225355,0,1000,0,0,0,60,60
48991,225356,0,1000,0,0,0,60,60
48992,225372,0,1000,0,0,0,60,60
48993,225373,0,1000,0,0,0,60,60
48994,225359,0,1000,0,0,0,60,60
48995,225368,0,1000,0,0,0,60,60
48996,225357,0,1000,0,0,0,60,60
48997,225358,0,1000,0,0,0,60,60
48998,225369,0,1000,0,0,0,60,60
48999,225370,0,1000,0,0,0,60,60
49000,225221,0,1000,49001,0,0,60,60
49001,225374,0,1000,0,0,0,60,60
49002,225376,0,1000,49003,0,0,60,60
49003,227623,0,1000,49839,0,0,60,60
49004,225344,0,3000,49005,0,0,60,60
49005,225345,0,0,0,0,0,60,60
49006,225346,0,1000,49007,0,0,60,60
49007,225347,0,1000,49008,0,0,60,60
49008,225348,0,1000,49009,0,0,60,60
49009,225349,0,2000,49010,0,0,60,60
49010,225350,0,1000,49011,0,0,60,60
49011,225351,0,0,0,0,0,60,60
49012,0,0,1000,49004,0,0,60,60
49013,225390,0,1000,49015,0,0,60,60
49014,225392,0,1000,49016,0,0,60,60
49015,225394,0,1000,49014,0,0,60,60
49016,225397,0,1000,50452,0,0,60,60
49017,225395,0,2000,49018,0,0,60,60
49018,225396,0,1000,49019,0,0,60,60
49019,225399,0,1000,49020,0,0,60,60
49020,225400,0,1000,49021,0,0,60,60
49021,225402,0,1000,49022,0,0,60,60
49022,225403,0,1000,49023,0,0,60,60
49023,225405,0,1000,0,0,0,60,60
49024,225407,0,1000,0,0,0,60,60
49025,225411,0,1000,0,0,0,60,60
49026,225413,0,1000,0,0,0,60,60
49027,225414,0,2000,49017,0,0,60,60
49029,225419,0,1000,49856,0,0,60,60
49030,225420,0,1000,0,0,0,60,60
49031,225421,0,1000,49032,0,0,60,60
49032,225422,0,1000,0,0,0,60,60
49033,0,0,5000,49034,0,0,60,60
49034,221651,0,1000,0,0,0,60,60
49035,225426,0,1000,49036,0,0,60,60
49036,225424,0,1000,0,0,0,60,60
49037,225423,0,1000,49038,0,2,60,60
49038,225427,0,1000,0,0,0,60,60
49039,225428,0,0,49040,0,0,60,60
49040,225429,0,0,49041,0,0,60,60
49041,225430,0,0,49042,0,0,60,60
49042,225431,0,0,49071,0,0,60,60
49043,225432,0,0,49044,0,0,60,60
49044,225433,0,0,0,0,0,60,60
49049,225439,0,1000,49050,0,0,60,60
49050,225440,0,1000,49051,0,0,60,60
49051,225441,0,1000,49052,0,0,60,60
49052,225442,0,1000,49053,0,0,60,60
49053,225443,0,1000,49054,0,0,60,60
49054,225444,0,1000,49055,0,0,60,60
49055,225445,0,1000,49056,0,0,60,60
49056,225446,0,1000,49057,0,0,60,60
49057,225447,0,1000,49058,0,0,60,60
49058,225448,0,0,0,0,0,60,60
49059,225460,0,1000,0,26146,0,60,60
49060,225463,0,1000,0,26146,0,60,60
49061,225465,0,1000,0,26146,0,60,60
49062,225466,0,1000,0,26146,0,60,60
49063,225472,0,1000,0,0,0,60,60
49064,225473,0,1000,0,0,0,60,60
49065,225477,0,1000,0,0,0,60,60
49066,225474,0,1000,0,0,0,60,60
49067,225479,0,1000,0,0,0,60,60
49069,225476,0,1000,0,0,0,60,60
49070,225478,0,1000,0,0,0,60,60
49071,0,0,3000,49043,0,0,60,60
49072,225480,0,1000,0,0,0,60,60
49073,225482,0,1000,0,0,0,60,60
49074,225484,0,1000,0,0,0,60,60
49075,225481,0,1000,0,26146,0,60,60
49076,225483,0,1000,0,26146,0,60,60
49077,225485,0,1000,0,0,0,60,60
49078,225487,0,1000,0,0,0,60,60
49079,225486,0,1000,0,0,0,60,60
49080,225490,0,1000,0,0,0,60,60
49081,225491,0,1000,0,0,0,60,60
49082,225489,0,1000,0,0,0,60,60
49083,225492,0,1000,0,0,0,60,60
49084,225493,0,1000,0,0,0,60,60
49085,225494,0,2000,49086,0,0,60,60
49086,225499,0,1000,49985,0,0,60,60
49088,225500,0,4000,0,0,0,60,60
49089,225506,0,1000,0,0,2,60,60
49090,225526,0,0,49091,0,0,60,60
49091,225525,0,1000,49092,0,0,60,60
49092,225527,0,1000,0,0,0,60,60
49093,225334,0,2000,48980,0,0,60,60
49095,225534,0,0,0,0,0,60,60
49096,225535,0,0,49097,0,0,60,60
49097,225536,0,0,0,0,0,60,60
49098,225538,0,1000,49099,0,0,60,60
49099,225539,0,1000,0,0,0,60,60
49100,225540,0,1000,49101,0,0,60,60
49101,225541,0,1000,0,0,0,60,60
49102,225543,0,1000,0,0,0,60,60
49103,225544,0,1000,0,0,0,60,60
49104,225547,0,0,49105,0,0,60,60
49105,225548,0,0,0,0,0,60,60
49106,222019,0,0,0,0,0,60,60
49107,225550,0,0,52273,0,0,60,60
49108,225551,0,0,52275,0,0,60,60
49114,226077,0,1000,49115,0,0,60,60
49115,226078,0,1000,51555,0,0,60,60
49116,217792,0,0,0,0,0,60,60
49117,225563,0,3000,49118,0,0,60,60
49118,225564,0,3000,49119,0,0,60,60
49119,225565,0,3000,0,0,0,60,60
49120,225569,0,1000,49121,0,2,60,60
49121,225570,0,1000,49122,0,0,60,60
49122,225571,0,1000,49840,0,0,60,60
49124,225572,0,1000,0,0,0,60,60
49125,225578,0,1000,0,0,0,60,60
49128,225585,0,1000,49129,0,0,60,60
49129,225586,0,1000,0,0,0,60,60
49130,225584,0,2000,47690,0,0,60,60
49131,221904,0,1000,47692,0,0,60,60
49132,225587,0,1000,49133,0,0,60,60
49133,225588,0,1000,0,0,0,60,60
49134,225589,0,1000,49135,0,0,60,60
49135,225590,0,1000,0,0,0,60,60
49136,226302,0,1000,49879,0,0,60,60
49137,226301,0,1000,49136,0,0,60,60
49138,225644,0,1000,49139,0,0,60,60
49139,225645,0,0,0,0,0,60,60
49140,225711,0,1000,46598,0,0,60,60
49141,225695,0,1000,0,0,0,60,60
49142,225718,0,1000,49143,0,0,60,60
49143,225719,0,1000,49144,0,0,60,60
49144,225720,0,0,0,0,0,60,60
49145,0,0,2000,49142,0,0,60,60
49146,223402,0,5000,0,0,0,60,60
49147,223407,0,5000,0,0,0,60,60
49148,225726,0,0,49150,0,0,60,60
49149,225727,0,2000,49151,0,1,60,60
49150,225728,0,0,49149,0,2,60,60
49151,225729,0,3000,49152,0,0,60,60
49152,225730,0,3000,49153,0,2,60,60
49153,225731,0,0,49154,0,0,60,60
49154,225732,0,2000,49155,0,2,60,60
49155,225733,0,0,49156,0,0,60,60
49156,225734,0,0,49157,0,0,60,60
49157,225735,0,5000,49158,0,0,60,60
49158,225736,0,0,49159,0,2,60,60
49159,225737,0,0,0,0,2,60,60
49160,225740,0,1000,49161,0,0,60,60
49161,225741,0,1000,0,0,0,60,60
49162,225739,0,1000,0,0,0,60,60
49163,0,0,1000,49148,0,0,60,60
49164,225749,0,0,49165,0,0,60,60
49165,225750,0,0,0,0,0,60,60
49166,221892,0,0,0,0,0,60,60
49167,225751,0,1000,49168,0,0,60,60
49168,225753,0,1000,49169,0,0,60,60
49169,225754,0,0,0,0,0,60,60
49170,225761,0,1000,49171,0,0,60,60
49171,225762,0,1000,49172,0,0,60,60
49172,225766,0,1000,49173,0,0,60,60
49173,225769,0,0,0,0,0,60,60
49174,225765,0,1000,0,0,0,60,60
49175,217183,0,0,49176,0,0,60,60
49176,217159,0,0,49177,0,0,60,60
49177,217186,0,0,49178,0,0,60,60
49178,217607,0,0,0,0,0,60,60
49179,225770,0,0,0,0,0,60,60
49180,225773,0,100,49181,0,0,60,60
49181,225774,0,0,0,0,0,60,60
49182,225775,0,0,0,0,0,60,60
49183,225777,0,1000,0,0,0,60,60
49184,225779,0,0,49185,0,0,60,60
49185,225780,0,1000,0,0,0,60,60
49186,225781,0,0,0,0,0,60,60
49188,225845,0,1000,49189,0,0,60,60
49189,225846,0,0,0,0,0,60,60
49190,225851,0,1000,49191,0,0,60,60
49191,225852,0,0,49192,0,0,60,60
49192,225854,0,1000,49193,0,0,60,60
49193,225855,0,1000,49194,0,0,60,60
49194,225856,0,2000,49195,0,0,60,60
49195,225857,0,0,0,0,0,60,60
49196,218747,0,1000,49197,0,0,60,60
49197,225861,0,1000,0,0,0,60,60
49198,225891,0,1000,49199,0,0,60,60
49199,225892,0,1000,49200,0,0,60,60
49200,225893,0,1000,0,0,0,60,60
49201,225895,0,1000,0,0,0,60,60
49202,225897,0,1000,0,0,0,60,60
49203,225898,0,1000,0,0,0,60,60
49204,225901,0,1000,48417,0,0,60,60
49205,225902,0,1000,0,0,0,60,60
49206,225903,0,1000,0,0,0,60,60
49207,225698,0,1000,0,0,0,60,60
49208,225702,0,1000,0,0,0,60,60
49209,225908,0,1000,0,0,0,60,60
49210,225909,0,1000,0,0,0,60,60
49211,225942,0,3000,0,0,0,60,60
49212,225979,0,1000,49213,0,0,60,60
49213,225980,0,0,0,0,0,60,60
49214,0,0,2000,49212,0,0,60,60
49215,226012,0,1000,0,0,0,60,60
49216,226011,0,1000,0,0,0,60,60
49217,226013,0,1000,0,0,0,60,60
49218,226010,0,1000,0,0,0,60,60
49219,221661,0,1000,0,0,0,60,60
49220,226014,0,1000,0,0,0,60,60
49221,226015,0,1000,0,0,0,60,60
49222,226039,0,1000,0,0,1,60,60
49223,226040,0,1000,0,0,1,60,60
49224,226035,0,2000,49225,0,1,60,60
49225,226041,0,1000,0,0,1,60,60
49226,227951,0,1000,49997,0,0,60,60
49227,223951,0,0,0,0,0,60,60
49228,226046,0,1000,49229,0,0,60,60
49229,226047,0,0,0,0,0,60,60
49231,226043,0,3000,49232,0,0,60,60
49232,226053,0,6000,49233,0,0,60,60
49233,226054,0,9000,0,0,0,60,60
49234,226179,0,1000,49236,0,0,60,60
49235,226182,0,1000,49234,0,0,60,60
49236,226183,0,1000,49283,0,0,60,60
49237,226184,0,1000,49238,0,0,60,60
49238,226181,0,1000,0,0,0,60,60
49243,219391,0,3000,49244,0,0,60,60
49244,226060,0,1000,0,0,0,60,60
49255,226075,0,1000,49256,0,0,60,60
49256,226076,0,0,0,0,0,60,60
49257,0,0,5000,49255,0,0,60,60
49258,0,0,5000,49259,0,0,60,60
49259,226089,0,1000,49260,0,0,60,60
49260,226093,0,1000,49261,0,0,60,60
49261,226091,0,0,0,0,0,60,60
49262,226099,0,1000,49429,0,0,60,60
49263,226101,0,1000,49284,0,0,60,60
49264,226102,0,0,0,0,0,60,60
49265,194140,0,0,0,0,0,60,60
49266,194100,0,0,0,0,0,60,60
49267,185884,0,0,0,0,0,60,60
49268,226057,0,0,0,0,0,60,60
49269,226098,0,7000,49270,0,0,60,60
49270,226104,0,7000,49272,0,0,60,60
49272,226106,0,7000,0,0,0,60,60
49273,226058,0,0,0,0,0,60,60
49274,226059,0,0,0,0,0,60,60
49275,226061,0,0,0,0,0,60,60
49276,226062,0,0,0,0,0,60,60
49277,226063,0,0,0,0,0,60,60
49278,185365,0,0,0,0,0,60,60
49279,226064,0,0,0,0,0,60,60
49283,226180,0,1000,49237,0,0,60,60
49284,0,0,1000,49285,0,0,60,60
49285,226109,0,1000,50970,0,0,60,60
49286,222553,0,1000,49288,25326,0,60,60
49287,227098,0,1000,49286,25321,0,60,60
49288,224648,0,1000,49289,25723,0,60,60
49289,222555,0,1000,0,24479,0,60,60
49290,225303,0,1000,0,0,0,60,60
49291,225304,0,1000,0,0,0,60,60
49292,226191,0,1000,0,0,0,60,60
49293,226221,0,1000,49294,0,0,60,60
49294,226227,0,1000,0,0,0,60,60
49295,226222,0,1000,49296,0,0,60,60
49296,226223,0,1000,0,0,0,60,60
49297,226225,0,1000,49298,0,0,60,60
49298,226228,0,1000,0,0,0,60,60
49299,226229,0,0,49300,0,0,60,60
49300,226230,0,0,49301,0,2,60,60
49301,226231,0,0,49302,0,0,60,60
49302,226232,0,0,0,0,2,60,60
49303,226233,0,2000,49304,0,2,60,60
49304,226234,0,6000,49305,0,0,60,60
49305,226235,0,1000,49306,0,0,60,60
49306,226236,0,5000,50309,0,2,60,60
49307,226264,0,1000,49308,0,0,60,60
49308,226265,0,1000,0,0,0,60,60
49309,226200,0,1000,49310,0,0,60,60
49310,226258,0,1000,49311,0,0,60,60
49311,226261,0,1000,0,0,0,60,60
49312,221564,0,0,49313,0,0,60,60
49313,221563,0,0,49314,0,0,60,60
49314,221565,0,0,49315,0,0,60,60
49315,221596,0,1000,49316,0,0,60,60
49316,221597,0,0,49317,0,0,60,60
49317,221601,0,0,49318,0,0,60,60
49318,221602,0,0,49319,0,0,60,60
49319,221568,0,0,49320,0,0,60,60
49320,221569,0,0,49321,0,0,60,60
49321,221603,0,0,49322,0,0,60,60
49322,221605,0,0,49323,0,0,60,60
49323,221571,0,0,49324,0,0,60,60
49324,221572,0,0,49325,0,0,60,60
49325,226268,0,0,0,0,0,60,60
49326,222260,0,0,49327,0,0,60,60
49327,222261,0,0,49328,0,0,60,60
49328,226124,0,0,49329,0,0,60,60
49329,222264,0,0,49330,0,0,60,60
49330,222265,0,0,49331,0,0,60,60
49331,222266,0,0,49332,0,0,60,60
49332,222268,0,0,49333,0,0,60,60
49333,222269,0,0,49334,0,0,60,60
49334,222270,0,0,49335,0,0,60,60
49335,222271,0,0,49336,0,0,60,60
49336,222272,0,0,49337,0,0,60,60
49337,222273,0,0,49338,0,0,60,60
49338,222275,0,0,49339,0,0,60,60
49339,222276,0,0,49340,0,0,60,60
49340,226127,0,0,0,0,0,60,60
49341,226110,0,0,49342,0,0,60,60
49342,226111,0,0,49343,0,0,60,60
49343,226112,0,0,49344,0,0,60,60
49344,226113,0,0,49345,0,0,60,60
49345,226120,0,0,49346,0,0,60,60
49346,226121,0,0,49347,0,0,60,60
49347,226122,0,0,49348,0,0,60,60
49348,226123,0,0,49349,0,0,60,60
49349,226114,0,0,49350,0,0,60,60
49350,226115,0,0,49351,0,0,60,60
49351,226116,0,0,49352,0,0,60,60
49352,226117,0,0,49353,0,0,60,60
49353,226118,0,0,49354,0,0,60,60
49354,226119,0,0,0,0,0,60,60
49355,226269,0,1000,49356,0,0,60,60
49356,226273,0,1000,49357,0,0,60,60
49357,226274,0,0,0,0,0,60,60
49358,226260,0,1000,49359,0,0,60,60
49359,226263,0,2000,49360,0,0,60,60
49360,226266,0,1000,0,0,0,60,60
49361,226275,0,0,49362,0,0,60,60
49362,226276,0,0,49363,0,0,60,60
49363,226277,0,0,0,0,0,60,60
49364,226278,0,3000,49365,0,0,60,60
49365,226279,0,3000,49366,0,0,60,60
49366,226280,0,1000,0,0,0,60,60
49367,226281,0,1000,0,0,0,60,60
49368,226283,0,1000,49369,0,0,60,60
49369,226284,0,0,49370,0,2,60,60
49370,226285,0,1000,49371,0,0,60,60
49371,226286,0,1000,0,0,0,60,60
49372,226079,0,0,49373,0,0,60,60
49373,226080,0,0,49374,0,0,60,60
49374,226081,0,0,49375,0,0,60,60
49375,226082,0,0,49376,0,0,60,60
49376,226083,0,0,0,0,0,60,60
49377,217898,0,0,49378,0,0,60,60
49378,219364,0,0,49379,0,0,60,60
49379,219366,0,0,49380,0,0,60,60
49380,219367,0,0,49381,0,0,60,60
49381,219368,0,0,0,0,0,60,60
49382,226317,0,1000,49383,0,0,60,60
49383,226318,0,1000,49384,0,0,60,60
49384,226319,0,1000,49385,0,0,60,60
49385,226320,0,1000,49386,0,0,60,60
49386,226321,0,1000,49387,0,0,60,60
49387,226322,0,1000,49388,0,0,60,60
49388,226323,0,0,0,0,0,60,60
49389,226325,0,250,49390,0,0,60,60
49390,226326,0,500,49391,0,0,60,60
49391,226327,0,500,0,0,0,60,60
49392,226328,0,250,49393,0,0,60,60
49393,226329,0,500,49394,0,0,60,60
49394,226327,0,500,0,0,0,60,60
49395,226330,0,1000,49396,0,0,60,60
49396,226318,0,1000,49397,0,0,60,60
49397,226319,0,1000,49398,0,0,60,60
49398,226331,0,1000,49399,0,0,60,60
49399,226321,0,1000,49400,0,0,60,60
49400,226322,0,1000,49401,0,0,60,60
49401,226332,0,0,0,0,0,60,60
49402,226406,0,0,49403,0,0,60,60
49403,226407,0,0,49404,0,2,60,60
49404,226409,0,0,0,0,0,60,60
49405,226454,0,1500,49411,0,0,60,60
49408,0,0,1000,49382,0,0,60,60
49409,226456,0,0,49410,0,0,60,60
49410,226457,0,0,0,0,0,60,60
49411,226455,0,1500,49412,0,0,60,60
49412,226458,0,2000,0,0,0,60,60
49413,0,0,1000,49414,0,0,60,60
49414,226460,0,1000,0,0,0,60,60
49415,226459,0,0,49416,0,0,60,60
49416,226461,0,0,49417,0,0,60,60
49417,226462,0,3000,49418,0,2,60,60
49418,226463,0,0,49419,0,0,60,60
49419,226464,0,3000,49422,0,2,60,60
49420,0,0,1500,49405,0,0,60,60
49421,0,0,1000,49415,0,0,60,60
49422,226465,0,1000,0,0,0,60,60
49423,226466,0,2500,49424,0,0,60,60
49424,226467,0,2500,49425,0,0,60,60
49425,226468,0,2500,49426,0,0,60,60
49426,226469,0,2500,0,0,0,60,60
49427,0,0,10000,49423,0,0,60,60
49428,0,0,1000,49262,0,0,60,60
49429,226470,0,1500,49430,0,0,60,60
49430,226471,0,1500,0,0,0,60,60
49431,0,0,1000,49432,0,0,60,60
49432,226472,0,0,49433,0,0,60,60
49433,226473,0,0,49434,0,0,60,60
49434,226474,0,1000,49435,0,2,60,60
49435,226475,0,0,49436,0,0,60,60
49436,226476,0,2000,49437,0,0,60,60
49437,226477,0,1000,0,0,0,60,60
49438,0,0,4000,49439,0,0,60,60
49439,226481,0,0,49440,0,0,60,60
49440,226482,0,0,49441,0,0,60,60
49441,226483,0,4000,49442,0,0,60,60
49442,226484,0,0,49443,0,0,60,60
49443,226485,0,2000,49444,0,0,60,60
49444,226486,0,1000,49445,0,0,60,60
49445,226487,0,0,49446,0,2,60,60
49446,226488,0,0,49447,0,0,60,60
49447,226489,0,0,49448,0,0,60,60
49448,226490,0,0,0,0,2,60,60
49449,226495,0,3000,49450,0,1,60,60
49450,226496,0,5000,0,0,1,60,60
49451,0,0,1000,0,0,0,60,60
49452,226504,0,1000,0,0,0,60,60
49453,226508,0,1000,0,0,0,60,60
49454,226512,0,1000,0,0,0,60,60
49455,226529,0,4000,49553,0,0,60,60
49456,0,0,1000,49457,0,0,60,60
49457,226530,0,1000,49458,0,0,60,60
49458,226531,0,1000,49459,0,0,60,60
49459,226532,0,1000,0,0,0,60,60
49460,226533,0,8000,49461,0,0,60,60
49461,226534,0,4000,0,0,0,60,60
49462,0,0,3000,49455,0,0,60,60
49463,226539,0,1000,49464,0,0,60,60
49464,226541,0,1000,0,0,2,60,60
49465,226542,0,1000,49466,0,0,60,60
49466,226543,0,1000,49467,0,0,60,60
49467,226544,0,1000,49468,0,0,60,60
49468,226545,0,1000,49469,0,0,60,60
49469,226546,0,1000,49470,0,0,60,60
49470,226547,0,1000,0,0,0,60,60
49471,226557,0,1000,49530,0,0,60,60
49472,226563,0,1000,49529,0,0,60,60
49473,0,0,1000,49474,0,0,60,60
49474,226559,0,2000,49475,0,0,60,60
49475,226560,0,0,49476,0,0,60,60
49476,226561,0,4000,49477,0,0,60,60
49477,226562,0,0,49478,0,0,60,60
49478,226564,0,2000,49479,0,0,60,60
49479,226565,0,1000,0,0,2,60,60
49480,226579,0,1000,49531,0,0,60,60
49481,226581,0,1000,49528,0,0,60,60
49482,226586,0,1000,49483,0,0,60,60
49483,226588,0,1000,49484,0,0,60,60
49484,226590,0,1000,0,0,0,60,60
49485,226886,0,2000,51714,0,0,60,60
49488,226571,0,2000,49485,0,0,60,60
49491,226575,0,2000,49546,0,0,60,60
49492,226610,0,1000,49493,0,0,60,60
49493,221330,0,1000,0,0,0,60,60
49494,226614,0,1000,49495,0,0,60,60
49495,226615,0,1000,49496,0,0,60,60
49496,226616,0,1000,49497,0,0,60,60
49497,226617,0,1000,0,0,0,60,60
49498,226619,0,1000,49499,0,0,60,60
49499,226621,0,1000,49500,0,0,60,60
49500,226622,0,1000,0,0,0,60,60
49502,226633,0,1000,49503,0,0,60,60
49503,226636,0,1000,0,0,0,60,60
49504,226635,0,1000,0,0,0,60,60
49505,219711,0,1000,47402,0,0,60,60
49506,219710,0,1000,0,0,0,60,60
49507,0,0,1000,49504,0,0,60,60
49508,226681,0,1000,0,0,0,60,60
49509,0,0,1000,0,0,0,60,60
49510,219417,0,1000,49511,0,0,60,60
49511,226701,0,1000,0,0,0,60,60
49514,226702,0,1000,49515,0,0,60,60
49515,226732,0,1000,0,0,0,60,60
49516,226737,0,1000,49517,0,0,60,60
49517,226741,0,1000,0,0,0,60,60
49518,226307,0,1000,49519,0,0,60,60
49519,226308,0,1000,52013,0,0,60,60
49522,226328,0,1000,49523,0,0,60,60
49523,226329,0,1000,49750,0,0,60,60
49524,226325,0,1000,49525,0,0,60,60
49525,226326,0,2000,49690,0,0,60,60
49526,226790,0,1000,0,0,0,60,60
49528,226804,0,1000,0,0,0,60,60
49529,226804,0,0,0,0,0,60,60
49530,226804,0,0,0,0,0,60,60
49531,226804,0,0,0,0,0,60,60
49532,226684,0,7000,49533,0,0,60,60
49533,226685,0,0,0,0,0,60,60
49534,226806,0,1000,0,0,0,60,60
49536,226813,0,1000,49537,0,0,60,60
49537,226814,0,1000,49538,0,0,60,60
49538,226815,0,0,49539,0,0,60,60
49539,226816,0,0,49540,0,0,60,60
49540,226817,0,0,49541,0,0,60,60
49541,226818,0,0,49542,0,0,60,60
49542,226819,0,1000,51624,0,0,60,60
49543,226821,0,1000,49544,0,0,60,60
49544,226822,0,1000,49545,0,0,60,60
49545,226823,0,1000,0,0,0,60,60
49546,226567,0,8000,0,0,0,60,60
49547,226870,0,1000,0,0,0,60,60
49549,226892,0,1000,49550,0,0,60,60
49550,226893,0,1000,0,0,0,60,60
49551,226907,0,1000,49552,0,0,60,60
49552,226908,0,1000,0,0,2,60,60
49553,0,0,10000,49460,0,0,60,60
49554,226933,0,1000,0,0,0,60,60
49555,226948,0,1000,49556,0,0,60,60
49556,226949,0,1000,0,0,0,60,60
49557,223384,0,1000,49558,0,0,60,60
49558,223386,0,1000,0,0,0,60,60
49560,226992,0,3000,0,0,1,60,60
49561,226951,0,1000,49562,0,0,60,60
49562,226952,0,1000,49563,0,0,60,60
49563,226953,0,1000,49564,0,0,60,60
49564,226968,0,1000,0,0,0,60,60
49566,227008,0,1000,49648,0,0,60,60
49567,226702,0,2000,49568,0,0,60,60
49568,227020,0,1000,0,0,0,60,60
49569,226686,0,0,0,0,0,60,60
49570,226687,0,0,0,0,0,60,60
49571,226688,0,1000,49578,0,0,60,60
49572,226689,0,0,0,0,1,60,60
49573,226690,0,0,0,0,1,60,60
49574,226691,0,0,0,0,1,60,60
49575,226692,0,0,0,0,1,60,60
49576,226693,0,0,0,0,1,60,60
49577,226694,0,0,0,0,0,60,60
49578,226186,0,0,0,0,1,60,60
49579,226659,0,1000,49580,0,0,60,60
49580,226660,0,1000,49581,0,0,60,60
49581,226661,0,1000,0,0,0,60,60
49582,226662,0,1000,49583,0,0,60,60
49583,226663,0,1000,49584,0,0,60,60
49584,226664,0,1000,0,0,0,60,60
49585,227044,0,5000,49885,0,0,60,60
49586,227045,0,5000,49666,0,0,60,60
49587,227046,0,5000,49886,0,0,60,60
49588,226807,0,5000,0,0,0,60,60
49589,226705,0,5000,49887,0,0,60,60
49590,226714,0,5000,49591,0,0,60,60
49591,227047,0,5000,49667,0,0,60,60
49594,227063,0,1000,49595,0,0,60,60
49595,227064,0,0,0,0,0,60,60
49596,227051,0,2000,49889,0,0,60,60
49597,227054,0,2000,49598,0,0,60,60
49598,227057,0,2000,49599,0,0,60,60
49599,227058,0,2000,49668,0,0,60,60
49600,227059,0,2000,49669,0,0,60,60
49601,227060,0,2000,0,0,0,60,60
49602,226917,0,1000,49603,0,0,60,60
49603,226918,0,1000,49604,0,0,60,60
49604,226919,0,2000,49605,0,0,60,60
49605,226920,0,1000,0,0,0,60,60
49606,226922,0,1000,49607,0,0,60,60
49607,226923,0,1000,0,0,0,60,60
49608,226924,0,1000,49609,0,0,60,60
49609,226925,0,1000,49610,0,0,60,60
49610,226926,0,0,0,0,0,60,60
49611,226935,0,1000,49612,0,0,60,60
49612,226936,0,1000,49613,0,0,60,60
49613,226938,0,0,0,0,0,60,60
49614,226927,0,0,49615,0,0,60,60
49615,226928,0,1000,49616,0,0,60,60
49616,226932,0,1000,0,0,0,60,60
49617,226943,0,1000,49618,0,0,60,60
49618,226944,0,0,0,0,0,60,60
49619,226946,0,1000,49620,0,0,60,60
49620,226947,0,0,0,0,0,60,60
49621,227077,0,1000,49622,0,0,60,60
49622,228424,0,1000,0,0,0,60,60
49623,225259,0,1000,0,0,0,60,60
49624,227067,0,1000,49625,0,0,60,60
49625,227068,0,1000,49626,0,0,60,60
49626,227069,0,1000,49627,0,0,60,60
49627,227070,0,1000,0,0,0,60,60
49629,227075,0,1000,0,0,0,60,60
49630,227074,0,1000,49629,0,0,60,60
49632,225260,0,1000,0,0,0,60,60
49634,0,0,1000,49635,0,0,60,60
49635,227080,0,2000,49636,0,0,60,60
49636,227081,0,1000,49637,0,0,60,60
49637,227082,0,0,49638,0,0,60,60
49638,227083,0,0,49639,0,0,60,60
49639,227084,0,0,49640,0,0,60,60
49640,227085,0,0,49641,0,0,60,60
49641,227086,0,0,49642,0,0,60,60
49642,227087,0,0,49643,0,0,60,60
49643,227088,0,0,0,0,0,60,60
49644,227091,0,1000,0,0,0,60,60
49645,226669,0,1000,49646,0,0,60,60
49646,226670,0,1000,49647,0,0,60,60
49647,226671,0,0,0,0,0,60,60
49648,227089,0,1000,0,0,0,60,60
49649,227096,0,0,48468,0,0,60,60
49650,226967,552,1000,49651,0,0,60,60
49651,226972,0,0,0,0,0,60,60
49652,226955,0,0,0,0,1,60,60
49653,221816,0,1000,0,0,0,60,60
49654,221817,0,1000,0,0,0,60,60
49655,227159,0,1000,49656,0,0,60,60
49656,227160,0,1000,49657,0,0,60,60
49657,227161,0,1000,0,0,0,60,60
49659,227166,0,3000,0,0,0,60,60
49665,227184,0,1000,0,0,0,60,60
49666,227180,0,5000,49587,0,0,60,60
49667,227181,0,5000,50152,0,0,60,60
49668,227182,0,2000,49600,0,0,60,60
49669,227183,0,2000,49601,0,0,60,60
49670,227192,0,2000,49671,0,0,60,60
49671,227193,0,0,0,0,0,60,60
49672,227194,0,1000,0,0,0,60,60
49673,222547,0,2000,49674,0,0,60,60
49674,222548,0,2000,49675,0,0,60,60
49675,222549,0,2000,49676,0,0,60,60
49676,227096,0,2000,49677,0,0,60,60
49677,222550,0,0,0,0,0,60,60
49678,227098,0,4000,49679,0,0,60,60
49679,222553,0,4000,49680,0,0,60,60
49680,224648,0,4000,49681,0,0,60,60
49681,222555,0,4000,0,0,0,60,60
49682,227240,0,4000,49683,0,1,60,60
49683,227241,0,4000,0,25321,0,60,60
49685,227247,0,1000,49686,0,0,60,60
49686,227248,0,1000,49687,0,0,60,60
49687,227249,0,1000,49688,0,0,60,60
49688,227250,0,1000,49689,0,0,60,60
49689,227251,0,1000,0,0,0,60,60
49690,226327,0,0,0,0,0,60,60
49691,0,0,3000,49692,0,0,60,60
49692,218896,0,2000,49694,0,0,60,60
49693,227252,0,0,0,0,0,60,60
49694,0,0,500,49693,0,0,60,60
49695,0,0,2000,49524,0,0,60,60
49696,227261,0,10000,0,0,0,60,60
49697,227257,0,7000,49698,0,0,60,60
49698,227259,0,5000,49699,0,0,60,60
49699,227258,0,7000,49700,0,0,60,60
49700,227262,0,5000,49715,0,0,60,60
49701,227263,0,5000,0,0,0,60,60
49702,0,0,1000,49703,0,0,60,60
49703,227265,0,1000,49704,0,0,60,60
49704,0,0,1000,49705,0,0,60,60
49705,227266,0,0,0,0,0,60,60
49706,227277,0,1000,47464,0,0,60,60
49707,227255,0,7000,50128,0,0,60,60
49708,226289,0,500,49709,0,0,60,60
49709,226290,0,1000,49710,0,0,60,60
49710,226291,0,1000,49711,0,0,60,60
49711,226292,0,1000,49712,0,0,60,60
49712,226293,0,1000,49713,0,0,60,60
49713,226294,0,1000,49714,0,0,60,60
49714,226295,0,1000,0,0,0,60,60
49715,227312,0,2000,49701,0,0,60,60
49716,220003,0,3000,49717,0,0,60,60
49717,220000,0,2000,0,0,0,60,60
49718,219259,0,1000,49719,0,0,60,60
49719,227329,0,0,0,0,0,60,60
49720,227281,0,1000,49721,0,0,60,60
49721,227282,0,1000,49722,0,0,60,60
49722,227283,0,1000,0,0,0,60,60
49723,227284,0,1000,49724,0,0,60,60
49724,227285,0,1000,49725,0,0,60,60
49725,227286,0,1000,49726,0,0,60,60
49726,227287,0,1000,49727,0,0,60,60
49727,227288,0,1000,0,0,0,60,60
49728,227334,0,1000,49729,0,0,60,60
49729,227335,0,1000,0,0,0,60,60
49730,227289,0,1000,49731,0,0,60,60
49731,227290,0,1000,49732,0,0,60,60
49732,227293,0,1000,49733,0,0,60,60
49733,227294,0,1000,49734,0,0,60,60
49734,227295,0,1000,49735,0,0,60,60
49735,227296,0,1000,49736,0,0,60,60
49736,227298,0,1000,49737,0,0,60,60
49737,227299,0,1000,0,0,0,60,60
49738,227300,0,1000,49739,0,0,60,60
49739,227301,0,1000,49740,0,0,60,60
49740,227302,0,1000,0,0,0,60,60
49741,227337,0,1000,0,0,0,60,60
49742,227350,0,1000,0,0,0,60,60
49749,0,0,1000,49742,0,0,60,60
49750,226327,0,0,0,0,0,60,60
49751,227374,0,1000,0,0,0,60,60
49752,227303,0,1000,49753,0,0,60,60
49753,227304,0,1000,49754,0,0,60,60
49754,227307,0,1000,49755,0,0,60,60
49755,227308,0,1000,49756,0,0,60,60
49756,227310,0,1000,49757,0,0,60,60
49757,227311,0,1000,0,0,0,60,60
49758,227368,0,1000,49764,0,0,60,60
49759,227369,160597,0,0,0,0,60,60
49760,227368,0,1000,49765,0,0,60,60
49761,227370,160597,0,0,0,0,60,60
49762,227368,0,1000,49766,0,0,60,60
49763,227371,0,0,0,0,0,60,60
49764,0,0,0,49759,0,0,60,60
49765,0,0,0,49761,0,0,60,60
49766,0,0,0,49763,0,0,60,60
49767,227313,0,1000,49768,0,0,60,60
49768,227314,0,1000,49769,0,0,60,60
49769,227315,0,1000,49770,0,0,60,60
49770,227316,0,1000,49771,0,0,60,60
49771,227318,0,1000,49772,0,0,60,60
49772,227320,0,1000,0,0,0,60,60
49773,227322,0,1000,49774,0,0,60,60
49774,227323,0,1000,49775,0,0,60,60
49775,227324,0,1000,49776,0,0,60,60
49776,227325,0,1000,49777,0,0,60,60
49777,227326,0,1000,49778,0,0,60,60
49778,227327,0,1000,49779,0,0,60,60
49779,227328,0,1000,0,0,0,60,60
49781,227403,0,1000,0,0,0,60,60
49782,227405,0,1000,49783,0,0,60,60
49783,227406,0,1000,49784,0,0,60,60
49784,227407,0,1000,0,0,0,60,60
49785,227436,0,4000,0,24477,0,60,60
49786,227439,0,4000,0,24475,0,60,60
49787,227440,0,4000,0,25373,0,60,60
49788,227571,0,1000,49789,0,0,60,60
49789,227572,0,0,0,0,0,60,60
49790,227573,0,3000,49791,0,0,60,60
49791,227574,0,3000,49792,0,0,60,60
49792,227575,0,4000,49845,0,0,60,60
49797,227580,0,3000,49798,0,0,60,60
49798,227581,0,1000,49799,0,0,60,60
49799,227582,0,4000,49800,0,0,60,60
49800,227583,0,0,0,0,0,60,60
49801,227584,0,3000,49802,0,0,60,60
49802,227585,0,1000,0,0,0,60,60
49803,227586,0,0,49804,0,2,60,60
49804,227587,0,4000,49805,0,0,60,60
49805,227588,0,4000,49806,0,0,60,60
49806,227589,0,4000,49807,0,0,60,60
49807,227590,0,4000,49808,0,0,60,60
49808,227591,0,4000,49809,0,0,60,60
49809,227592,0,5000,49810,0,0,60,60
49810,227593,0,4000,49811,0,0,60,60
49811,227594,0,6000,49812,0,0,60,60
49812,227595,0,2000,49813,0,2,60,60
49813,227596,0,0,0,0,0,60,60
49814,227597,0,0,49815,0,2,60,60
49815,227598,0,0,0,0,0,60,60
49816,227599,0,1000,0,0,0,60,60
49818,227601,0,0,0,0,0,60,60
49819,227602,0,0,49820,0,0,60,60
49820,227603,0,1000,49821,0,0,60,60
49821,227604,0,1000,49822,0,0,60,60
49822,227605,0,0,0,0,0,60,60
49823,227607,0,1000,49824,0,0,60,60
49824,227608,0,1000,0,0,0,60,60
49825,227606,0,1000,0,0,0,60,60
49826,227610,0,0,49921,0,0,60,60
49828,227611,0,1000,49829,0,0,60,60
49829,227613,0,2000,50692,0,0,60,60
49830,227614,0,3000,49831,0,0,60,60
49831,227615,0,3000,49832,0,0,60,60
49832,227617,0,2000,50693,0,0,60,60
49833,227565,0,1000,0,0,0,60,60
49834,227566,0,1000,0,0,0,60,60
49835,227567,0,1000,0,0,0,60,60
49836,227568,0,1000,0,0,0,60,60
49837,0,0,2000,49522,0,0,60,60
49839,225377,0,1000,50111,0,0,60,60
49840,227624,0,1000,0,0,0,60,60
49845,227576,0,2000,49846,0,2,60,60
49846,227577,0,3000,49847,0,0,60,60
49847,227578,0,3000,50663,0,0,60,60
49848,229595,0,10000,49849,0,0,60,60
49849,227625,0,2000,49850,0,0,60,60
49850,227626,0,3000,49851,0,0,60,60
49851,227627,0,3000,50665,0,0,60,60
49854,227634,0,1000,0,0,0,60,60
49856,225475,0,1000,49030,0,0,60,60
49858,227661,0,1000,0,0,1,60,60
49859,0,0,1000,49085,0,0,60,60
49860,227839,0,1000,51776,0,0,60,60
49863,231690,0,2000,51780,0,0,60,60
49864,231698,0,2000,0,0,0,60,60
49866,232296,0,0,51950,0,0,60,60
49869,223400,0,5000,0,0,0,60,60
49870,223404,0,5000,0,0,0,60,60
49871,225957,0,500,49872,0,1,60,60
49872,225958,0,1000,0,0,1,60,60
49875,226297,0,1000,49876,0,0,60,60
49876,226298,0,1000,49877,0,0,60,60
49877,226299,0,1000,49878,0,0,60,60
49878,226300,0,1000,49137,0,0,60,60
49879,226303,0,1000,49880,0,0,60,60
49880,226304,0,1000,49881,0,0,60,60
49881,226305,0,2000,0,0,0,60,60
49882,227772,0,1000,49883,0,0,60,60
49883,227773,0,1000,49884,0,0,60,60
49884,227774,0,0,0,0,0,60,60
49885,227179,0,5000,49586,0,0,60,60
49886,227788,0,5000,49588,0,0,60,60
49887,227789,0,5000,49590,0,0,60,60
49888,227791,0,5000,0,0,0,60,60
49889,227792,0,2000,49597,0,0,60,60
49890,227776,0,2000,50075,0,0,60,60
49891,227777,0,5000,49892,0,0,60,60
49892,227778,0,1000,49893,0,0,60,60
49893,227783,0,1000,50084,0,0,60,60
49894,227784,0,1000,49895,0,0,60,60
49895,227785,0,1000,50079,0,0,60,60
49897,227799,0,1000,50082,0,0,60,60
49898,227804,0,1000,49899,0,0,60,60
49899,227805,0,1000,49900,0,2,60,60
49900,227806,0,1000,0,0,0,60,60
49901,227807,0,1000,0,0,0,60,60
49902,222835,0,0,0,0,0,60,60
49907,227838,0,1000,0,0,0,60,60
49908,227836,0,1000,0,0,0,60,60
49909,227850,0,0,0,0,0,60,60
49910,227851,0,0,0,0,0,60,60
49911,227848,0,0,0,0,0,60,60
49912,227849,0,0,0,0,0,60,60
49913,227852,0,0,0,0,0,60,60
49914,227853,0,0,0,0,0,60,60
49915,227846,0,0,0,0,0,60,60
49916,227847,0,0,0,0,0,60,60
49917,227866,0,0,0,0,0,60,60
49918,227880,0,0,0,0,0,60,60
49919,227883,0,1000,0,0,0,60,60
49921,0,0,12000,49828,0,0,60,60
49922,227889,0,1000,49923,0,0,60,60
49923,227890,0,0,0,0,0,60,60
49924,227900,0,1000,49925,0,0,60,60
49925,227911,0,1000,50042,0,0,60,60
49926,0,0,2000,49922,0,0,60,60
49927,227922,0,1000,0,0,0,60,60
49928,227899,0,1000,49924,0,0,60,60
49929,227899,0,1000,49930,0,0,60,60
49930,227901,0,1000,49931,0,0,60,60
49931,227912,0,1000,50040,0,0,60,60
49932,227899,0,1000,49933,0,0,60,60
49933,227902,0,1000,49934,0,0,60,60
49934,227914,0,1000,50038,0,0,60,60
49935,227899,0,1000,49936,0,0,60,60
49936,227903,0,1000,49937,0,0,60,60
49937,227913,0,1000,50036,0,0,60,60
49938,227899,0,1000,49939,0,0,60,60
49939,227907,0,1000,49940,0,0,60,60
49940,227916,0,1000,50028,0,0,60,60
49941,227899,0,1000,49942,0,0,60,60
49942,227904,0,1000,49943,0,0,60,60
49943,227919,0,1000,50034,0,0,60,60
49944,227899,0,1000,49945,0,0,60,60
49945,227910,0,1000,49946,0,0,60,60
49946,227918,0,1000,50022,0,0,60,60
49947,227899,0,1000,49948,0,0,60,60
49948,227906,0,1000,49949,0,0,60,60
49949,227917,0,1000,50030,0,0,60,60
49950,227899,0,1000,49951,0,0,60,60
49951,227905,0,1000,49952,0,0,60,60
49952,227915,0,1000,50032,0,0,60,60
49953,227899,0,1000,49954,0,0,60,60
49954,227908,0,1000,49955,0,0,60,60
49955,227920,0,1000,50026,0,0,60,60
49956,227899,0,1000,49957,0,0,60,60
49957,227909,0,1000,49958,0,0,60,60
49958,227921,0,1000,50024,0,0,60,60
49960,227924,0,3000,49961,0,0,60,60
49961,228045,0,1000,0,0,1,60,60
49962,227927,0,1000,49963,0,0,60,60
49963,227928,0,1000,49964,0,0,60,60
49964,227929,0,1000,49965,0,0,60,60
49965,227931,0,1000,49966,0,2,60,60
49966,227930,0,1000,0,0,0,60,60
49971,227938,0,1000,49972,0,0,60,60
49972,227939,0,1000,49973,0,0,60,60
49973,227944,0,1000,49974,0,0,60,60
49974,227940,0,1000,49975,0,0,60,60
49975,227941,0,1000,49976,0,0,60,60
49976,227942,0,1000,49977,0,2,60,60
49977,227943,0,1000,50004,0,0,60,60
49978,227949,0,1000,0,0,0,60,60
49979,227955,0,1000,49980,0,0,60,60
49980,227956,0,1000,0,0,0,60,60
49981,227960,0,4000,48021,0,0,60,60
49982,227945,0,1000,49983,0,0,60,60
49983,227954,0,1000,49984,0,2,60,60
49984,227975,0,1000,0,0,0,60,60
49985,225495,0,1000,49088,0,2,60,60
49988,227977,0,2000,0,0,0,60,60
49989,223926,0,0,49990,0,0,60,60
49990,223927,0,0,49991,0,0,60,60
49991,223929,0,0,49992,0,1,60,60
49992,223932,0,0,0,0,1,60,60
49993,227946,0,1000,49988,0,0,60,60
49996,0,0,0,0,0,0,60,60
49997,227953,0,3000,0,0,0,60,60
49998,227983,0,1000,0,0,3,60,60
49999,223948,0,0,50000,0,1,60,60
50000,223949,0,4000,52521,0,1,60,60
50001,227984,0,1000,0,0,3,60,60
50002,227985,0,1000,0,0,3,60,60
50003,227986,0,1000,0,0,3,60,60
50004,227997,0,0,50005,0,2,60,60
50005,227998,0,1000,50006,0,2,60,60
50006,227999,0,500,50007,0,0,60,60
50007,228000,0,2000,53585,0,0,60,60
50008,228003,0,1000,50009,0,0,60,60
50009,228004,0,1000,50010,0,2,60,60
50010,228005,0,1000,0,0,0,60,60
50011,0,0,1000,50012,0,0,60,60
50012,228001,0,1000,50013,0,0,60,60
50013,228002,0,0,0,0,0,60,60
50014,228006,0,1000,0,0,0,60,60
50015,228007,0,1000,0,0,0,60,60
50018,227801,0,1000,0,0,0,60,60
50019,228021,0,3000,0,0,0,60,60
50020,0,0,1000,50018,0,0,60,60
50022,228074,0,1000,50023,0,0,60,60
50023,228075,0,1000,0,0,0,60,60
50024,228080,0,1000,50025,0,0,60,60
50025,228081,0,1000,0,0,0,60,60
50026,228078,0,1000,50027,0,0,60,60
50027,228079,0,1000,0,0,0,60,60
50028,228070,0,1000,50029,0,0,60,60
50029,228071,0,1000,0,0,0,60,60
50030,228072,0,1000,50031,0,0,60,60
50031,228073,0,1000,0,0,0,60,60
50032,228068,0,1000,50033,0,0,60,60
50033,228069,0,1000,0,0,0,60,60
50034,228076,0,1000,50035,0,0,60,60
50035,228077,0,1000,0,0,0,60,60
50036,228064,0,1000,50037,0,0,60,60
50037,228065,0,1000,0,0,0,60,60
50038,228066,0,1000,50039,0,0,60,60
50039,228067,0,1000,0,0,0,60,60
50040,228062,0,0,50041,0,0,60,60
50041,228063,0,0,0,0,0,60,60
50042,228060,0,0,50043,0,0,60,60
50043,228061,0,0,0,0,0,60,60
50044,227628,0,1000,0,0,0,60,60
50045,227629,0,1000,0,0,0,60,60
50046,227631,0,1000,0,0,0,60,60
50047,227632,0,1000,0,0,0,60,60
50048,227633,0,1000,0,0,0,60,60
50049,223401,0,5000,0,0,0,60,60
50050,223405,0,5000,0,0,0,60,60
50051,227869,0,1000,50052,0,0,60,60
50052,0,0,2000,50053,0,0,60,60
50053,227871,0,1000,0,0,0,60,60
50054,228090,0,0,50055,0,0,60,60
50055,228091,0,1000,50056,0,0,60,60
50056,228092,0,0,50578,0,0,60,60
50057,225301,0,1000,0,0,0,60,60
50058,225300,0,1000,0,0,0,60,60
50059,228095,0,0,50060,0,2,60,60
50060,228096,0,0,0,0,0,60,60
50061,228099,0,1000,50062,0,0,60,60
50062,228100,0,1000,0,0,0,60,60
50063,228108,0,1000,48635,0,0,60,60
50064,228109,0,10000,50065,0,2,60,60
50065,228110,0,10000,50066,0,0,60,60
50066,228111,0,10000,50151,0,2,60,60
50068,228122,0,1000,50069,0,0,60,60
50069,228124,0,1000,50070,0,0,60,60
50070,228126,0,1000,50071,0,0,60,60
50071,228128,0,1000,50072,0,0,60,60
50072,228129,0,1000,50073,0,0,60,60
50073,228130,0,1000,50074,0,0,60,60
50074,228132,0,1000,0,0,0,60,60
50075,228144,0,1000,49891,0,0,60,60
50076,228148,0,1000,50077,0,0,60,60
50077,228149,0,1000,49894,0,0,60,60
50078,228154,0,0,0,0,0,60,60
50079,228155,0,1000,50080,0,0,60,60
50080,228157,0,1000,50081,0,0,60,60
50081,228156,0,1000,49897,0,0,60,60
50082,228158,0,1000,50083,0,0,60,60
50083,228159,0,1000,0,0,0,60,60
50084,228163,0,1000,50076,0,2,60,60
50085,228165,0,1000,50086,0,0,60,60
50086,228166,0,1000,47849,0,0,60,60
50087,228167,0,1000,47856,0,0,60,60
50088,228176,0,3000,50089,0,0,60,60
50089,228178,0,1000,50090,0,0,60,60
50090,228179,0,1000,50091,0,0,60,60
50091,228180,0,1000,50092,0,0,60,60
50092,228181,0,1000,50093,0,0,60,60
50093,228182,0,1000,50094,0,0,60,60
50094,227936,0,1000,50061,0,0,60,60
50095,228184,0,1000,50096,0,0,60,60
50096,228185,0,1000,50097,0,0,60,60
50097,228186,0,1000,50098,0,0,60,60
50098,228187,0,1000,0,0,0,60,60
50099,228197,0,5000,50100,0,0,60,60
50100,228198,0,5000,50101,0,0,60,60
50101,228199,0,2000,50106,0,0,60,60
50102,228200,0,2000,50107,0,0,60,60
50103,228201,0,2000,50108,0,0,60,60
50104,228202,0,2000,50109,0,0,60,60
50105,228203,0,2000,50110,0,0,60,60
50106,0,0,5000,50102,0,2,60,60
50107,0,0,5000,50103,0,2,60,60
50108,0,0,5000,50104,0,2,60,60
50109,0,0,5000,50105,0,2,60,60
50110,0,0,5000,0,0,2,60,60
50111,228217,0,1000,0,0,0,60,60
50112,228232,0,5000,50113,0,0,60,60
50113,228233,0,0,0,0,0,60,60
50114,228227,0,1000,50115,0,0,60,60
50115,228229,0,1000,50116,0,0,60,60
50116,228230,0,1000,50117,0,0,60,60
50117,228231,0,1000,0,0,0,60,60
50118,227635,0,1000,0,0,0,60,60
50119,227637,0,1000,0,0,0,60,60
50120,0,0,4000,50121,0,0,60,60
50121,228218,0,3000,50122,0,0,60,60
50122,228219,0,0,0,0,0,60,60
50124,218995,0,1000,0,0,0,60,60
50125,227659,0,1000,0,0,0,60,60
50126,228254,0,0,50127,0,0,60,60
50127,228257,0,0,0,0,0,60,60
50128,228246,0,1000,50129,0,2,60,60
50129,228245,0,5000,50130,0,0,60,60
50130,228247,0,7000,49269,0,0,60,60
50131,0,0,1000,47633,0,0,60,60
50132,228259,0,1000,0,0,0,60,60
50133,228260,0,1000,0,0,0,60,60
50134,228261,0,1000,0,0,0,60,60
50135,228262,0,1000,50136,0,0,60,60
50136,228266,0,1000,50137,0,2,60,60
50137,228267,0,1000,0,0,0,60,60
50138,228269,0,1000,0,0,0,60,60
50139,228270,0,2000,50140,0,0,60,60
50140,228271,0,2000,50149,0,0,60,60
50141,217728,0,1000,50268,0,1,60,60
50142,217733,0,1000,0,0,1,60,60
50143,217738,0,1000,0,0,1,60,60
50145,228274,0,0,50146,0,0,60,60
50146,228275,0,0,0,0,0,60,60
50148,217741,0,1000,0,0,1,60,60
50149,228272,0,1000,0,0,0,60,60
50150,217745,0,1000,50281,0,1,60,60
50151,228112,0,10000,0,0,0,60,60
50152,227048,0,5000,49888,0,0,60,60
50153,223116,0,3000,50154,0,0,60,60
50154,228300,0,3000,50155,0,0,60,60
50155,228301,0,2000,50156,0,0,60,60
50156,0,0,1000,50157,0,0,60,60
50157,228311,0,0,0,0,0,60,60
50158,228313,0,0,50159,0,0,60,60
50159,228314,0,0,0,0,0,60,60
50160,228315,0,0,50161,0,0,60,60
50161,228316,0,0,50162,0,0,60,60
50162,228317,0,0,0,0,0,60,60
50165,228329,0,2000,50166,0,0,60,60
50166,228330,0,3000,50167,0,0,60,60
50167,228331,0,2000,50168,0,0,60,60
50168,228333,0,2000,50170,0,0,60,60
50169,228334,0,1000,0,0,2,60,60
50170,228335,0,2000,50169,0,0,60,60
50173,227044,0,7000,50174,0,0,60,60
50174,227179,0,7000,0,0,0,60,60
50175,227045,0,7000,50176,0,0,60,60
50176,227180,0,7000,50177,0,0,60,60
50177,227046,0,7000,51439,0,0,60,60
50178,227788,0,7000,50179,0,0,60,60
50179,226807,0,7000,0,0,0,60,60
50180,228344,0,1000,50181,0,0,60,60
50181,228345,0,1000,50182,0,0,60,60
50182,228346,0,1000,50183,0,0,60,60
50183,228347,0,1000,50184,0,0,60,60
50184,228348,0,1000,0,0,2,60,60
50185,226705,0,7000,50186,0,0,60,60
50186,227789,0,7000,50187,0,0,60,60
50187,226714,0,7000,0,0,0,60,60
50188,227051,0,5000,50189,0,0,60,60
50189,227792,0,5000,50190,0,0,60,60
50190,227054,0,5000,0,0,0,60,60
50197,227047,0,7000,50198,0,0,60,60
50198,227181,0,7000,0,0,0,60,60
50199,227048,0,7000,50200,0,0,60,60
50200,227791,0,7000,0,0,0,60,60
50201,0,0,1000,50160,0,0,60,60
50204,227057,0,7000,50205,0,0,60,60
50205,227058,0,7000,50206,0,0,60,60
50206,227182,0,7000,50207,0,0,60,60
50207,227059,0,7000,50208,0,0,60,60
50208,227183,0,7000,50209,0,0,60,60
50209,227060,0,7000,0,0,0,60,60
50210,228362,0,0,0,0,0,60,60
50211,228367,0,2000,50212,0,0,60,60
50212,228368,0,0,0,0,0,60,60
50213,0,0,6000,50211,0,0,60,60
50214,228375,0,1000,50216,0,0,60,60
50215,228379,0,1000,0,0,0,60,60
50216,228376,0,1000,50215,0,0,60,60
50217,228392,0,1000,0,0,0,60,60
50218,228380,0,1000,50219,0,0,60,60
50219,228381,0,1000,50220,0,0,60,60
50220,228383,0,3000,0,0,0,60,60
50221,225285,0,1000,0,0,0,60,60
50222,228435,0,1000,0,0,0,60,60
50224,0,0,1000,50240,0,0,60,60
50225,0,0,1000,50173,0,0,60,60
50226,0,0,1000,50175,0,0,60,60
50227,0,0,1000,50178,0,0,60,60
50228,0,0,1000,49589,0,0,60,60
50229,0,0,1000,50185,0,0,60,60
50230,0,0,1000,50197,0,0,60,60
50231,0,0,1000,50199,0,0,60,60
50232,0,0,1000,49596,0,0,60,60
50233,0,0,1000,50188,0,0,60,60
50234,225581,0,1000,0,0,0,60,60
50235,225579,0,1000,0,0,0,60,60
50236,0,0,1000,50204,0,0,60,60
50238,0,0,1000,49697,0,0,60,60
50239,225286,0,1000,0,0,0,60,60
50240,226805,0,7000,49532,0,2,60,60
50241,0,0,1000,50242,0,0,60,60
50242,228255,0,1000,0,0,0,60,60
50243,0,0,1000,49585,0,0,60,60
50245,228464,0,0,50246,0,0,60,60
50246,228465,0,0,50247,0,0,60,60
50247,228466,0,0,50248,0,0,60,60
50248,228467,0,0,50249,0,0,60,60
50249,228468,0,0,50250,0,0,60,60
50250,228469,0,0,50251,0,0,60,60
50251,228470,0,0,50252,0,0,60,60
50252,228471,0,0,50253,0,0,60,60
50253,228472,0,0,50254,0,0,60,60
50254,228474,0,0,50255,0,0,60,60
50255,228475,0,0,50256,0,0,60,60
50256,228476,0,0,50257,0,0,60,60
50257,228477,0,1000,50258,0,0,60,60
50258,228478,0,0,0,0,0,60,60
50259,228497,0,1000,0,0,0,60,60
50260,228498,0,1000,50261,0,0,60,60
50261,228496,0,1000,0,0,0,60,60
50263,0,0,1000,50260,0,0,60,60
50264,228501,0,1000,50265,0,1,60,60
50265,228503,0,1000,50266,0,1,60,60
50266,228504,0,1000,46575,0,1,60,60
50267,228508,0,1000,0,0,0,60,60
50268,228507,0,1000,0,0,1,60,60
50269,228509,0,1000,46582,0,1,60,60
50270,228511,0,1000,46585,0,1,60,60
50271,228512,0,1000,50272,0,0,60,60
50272,228517,0,1000,50273,0,0,60,60
50273,228519,0,1500,50274,0,0,60,60
50274,228520,0,1000,50275,0,0,60,60
50275,228516,0,1500,50276,0,0,60,60
50276,228514,0,1000,50333,0,0,60,60
50277,228513,0,1000,50278,0,1,60,60
50278,228515,0,1000,50279,0,1,60,60
50279,228518,0,1000,0,0,1,60,60
50280,228522,0,1000,46596,0,1,60,60
50281,228523,0,1000,50282,0,1,60,60
50282,228524,0,1000,0,0,1,60,60
50283,228525,0,1000,50284,0,1,60,60
50284,228526,0,1000,48929,0,1,60,60
50285,228521,0,1000,0,0,0,60,60
50286,228527,0,1000,0,0,0,60,60
50287,228528,0,1000,50288,0,1,60,60
50288,228530,0,1000,0,0,1,60,60
50289,228531,0,1000,0,0,0,60,60
50290,0,0,1000,49707,0,0,60,60
50291,228535,0,1000,50292,0,0,60,60
50292,228536,0,1000,50293,0,2,60,60
50293,228537,0,1000,0,0,0,60,60
50294,228539,0,1000,0,0,0,60,60
50298,228544,0,1000,0,0,0,60,60
50299,228545,0,1000,0,0,0,60,60
50300,228543,0,0,50301,0,0,60,60
50301,228541,0,0,50302,0,0,60,60
50302,228542,0,0,50303,0,0,60,60
50303,228546,0,0,50304,0,0,60,60
50304,228547,0,0,50305,0,0,60,60
50305,228548,0,0,50306,0,0,60,60
50306,228550,0,0,50307,0,0,60,60
50307,228551,0,0,0,0,0,60,60
50308,228588,0,0,0,0,0,60,60
50309,228643,0,8000,50310,0,2,60,60
50310,228644,0,0,0,0,2,60,60
50311,228648,0,0,50312,0,0,60,60
50312,228649,0,0,0,0,0,60,60
50313,0,0,1000,50311,0,0,60,60
50314,228658,0,1000,0,0,1,60,60
50315,221762,0,1000,0,0,0,60,60
50316,228676,0,1000,0,0,0,60,60
50317,228685,0,1500,50318,0,0,60,60
50318,228686,0,1000,50319,0,0,60,60
50319,228687,0,1000,50320,0,0,60,60
50320,228689,0,1500,50321,0,0,60,60
50321,228691,0,1000,50322,0,0,60,60
50322,228692,0,1000,0,0,0,60,60
50324,0,0,1000,50325,0,0,60,60
50325,226885,0,3000,0,0,0,60,60
50326,0,0,1000,50327,0,0,60,60
50327,226890,0,3000,50328,0,0,60,60
50328,226916,0,3000,0,0,0,60,60
50329,228697,0,1000,0,0,0,60,60
50330,224112,0,1000,0,0,0,60,60
50331,224419,0,1000,0,0,0,60,60
50332,228703,0,1000,0,0,1,60,60
50333,0,0,0,0,0,0,60,60
50334,228705,0,1000,0,0,1,60,60
50335,228704,0,1000,0,26146,0,60,60
50336,228706,0,1000,0,26146,0,60,60
50337,228688,0,1000,0,0,0,60,60
50338,228690,0,1000,0,0,0,60,60
50339,228693,0,1000,0,0,0,60,60
50340,228694,0,1000,0,0,0,60,60
50341,228695,0,1000,0,0,0,60,60
50342,228696,0,1000,0,0,0,60,60
50343,228711,0,1000,0,0,2,60,60
50344,228720,0,0,0,0,0,60,60
50345,228722,0,0,0,0,0,60,60
50346,225434,0,1000,51158,0,0,60,60
50347,225436,0,0,0,0,0,60,60
50351,228739,0,0,0,0,0,60,60
50352,228748,0,0,0,0,0,60,60
50353,228750,0,1000,0,0,0,60,60
50354,228751,0,0,0,0,0,60,60
50355,228752,0,1000,0,0,0,60,60
50356,228753,0,1000,0,0,0,60,60
50357,228754,0,1000,0,0,0,60,60
50358,227402,0,1000,0,0,0,60,60
50359,222564,0,1000,50360,0,0,60,60
50360,222565,0,1000,50361,0,0,60,60
50361,222566,0,1000,0,0,0,60,60
50362,228756,0,1000,0,0,0,60,60
50363,0,0,0,50317,0,0,60,60
50365,228760,0,2000,50366,0,0,60,60
50366,228761,0,2000,50367,0,0,60,60
50367,228762,0,2000,50368,0,0,60,60
50368,228763,0,2000,50369,0,0,60,60
50369,228764,0,2000,50370,0,0,60,60
50370,228765,0,2000,50371,0,0,60,60
50371,228766,0,2000,50372,0,0,60,60
50372,228767,0,2000,50373,0,0,60,60
50373,228768,0,2000,50374,0,0,60,60
50374,228769,0,2000,50375,0,0,60,60
50375,228770,0,2000,50376,0,0,60,60
50376,228771,0,0,0,0,0,60,60
50377,228774,0,0,0,0,0,60,60
50378,228775,0,0,0,0,0,60,60
50379,228784,0,1000,0,0,0,60,60
50380,228779,0,1000,0,0,0,60,60
50381,228785,0,1000,0,0,0,60,60
50382,228793,0,1000,0,0,0,60,60
50383,228796,0,3000,50384,0,0,60,60
50384,228798,0,1000,0,0,0,60,60
50385,228815,0,1000,0,0,0,60,60
50386,228812,0,1000,50387,0,0,60,60
50387,228813,0,1000,50388,0,0,60,60
50388,228814,0,1000,50389,0,2,60,60
50389,228816,0,1000,50390,0,0,60,60
50390,228820,0,1000,0,0,0,60,60
50391,228669,0,1000,0,0,0,60,60
50392,228672,0,1000,0,0,0,60,60
50393,228849,0,3000,50394,0,0,60,60
50394,228850,0,3000,50395,0,0,60,60
50395,228851,0,3000,50396,0,0,60,60
50396,228852,0,0,0,0,0,60,60
50397,228855,0,2000,50398,0,0,60,60
50398,228857,0,0,0,0,0,60,60
50399,228905,0,1000,0,0,0,60,60
50400,228908,0,1000,0,0,0,60,60
50401,228909,0,1000,0,0,0,60,60
50402,228910,0,1000,0,0,0,60,60
50403,228912,0,1000,0,0,0,60,60
50404,228913,0,1000,0,0,0,60,60
50405,228914,0,1000,0,0,0,60,60
50406,228915,0,1000,0,0,0,60,60
50407,228916,0,1000,0,0,0,60,60
50408,228917,0,1000,0,0,0,60,60
50409,228918,0,1000,0,0,0,60,60
50410,228919,0,1000,0,0,0,60,60
50411,228920,0,1000,0,0,0,60,60
50412,228921,0,1000,0,0,0,60,60
50413,228922,0,1000,0,0,0,60,60
50414,228923,0,1000,0,0,0,60,60
50415,228832,0,0,0,26146,0,60,60
50416,228833,0,0,0,26146,0,60,60
50417,228836,0,0,0,26146,0,60,60
50418,228837,0,0,0,26146,0,60,60
50419,228835,0,0,0,0,0,60,60
50420,228834,0,0,0,0,0,60,60
50421,228838,0,0,0,0,0,60,60
50422,228839,0,0,0,0,0,60,60
50423,228845,0,0,0,26146,0,60,60
50424,228846,0,0,0,26146,0,60,60
50425,228847,0,0,0,26146,0,60,60
50426,228848,0,0,0,26146,0,60,60
50427,228840,0,0,0,0,0,60,60
50428,228841,0,0,0,0,0,60,60
50429,228843,0,0,0,0,0,60,60
50430,228844,0,0,0,0,0,60,60
50431,228933,170734,1000,50445,0,0,60,60
50432,228168,0,0,50433,0,0,60,60
50433,228169,0,0,50434,0,0,60,60
50434,228170,0,0,50435,0,0,60,60
50435,228171,0,0,50436,0,0,60,60
50436,228172,0,0,50437,0,0,60,60
50437,228173,0,0,50438,0,0,60,60
50438,228174,0,0,50439,0,0,60,60
50439,228175,0,0,0,0,0,60,60
50441,228934,0,2000,50442,0,0,60,60
50442,228935,0,2000,50443,0,0,60,60
50443,228941,0,3000,50444,0,0,60,60
50444,228942,0,2000,0,0,0,60,60
50445,228944,0,1000,0,0,0,60,60
50446,228671,0,1000,0,0,0,60,60
50447,228672,0,1000,0,0,0,60,60
50448,228945,0,10000,50449,0,0,60,60
50449,228946,0,0,0,0,0,60,60
50450,228867,0,1000,0,26146,0,60,60
50451,228868,0,1000,0,26146,0,60,60
50452,228930,0,0,50453,0,0,60,60
50453,228931,0,0,50454,0,2,60,60
50454,228932,0,0,50455,0,0,60,60
50455,228955,0,1000,50494,0,0,60,60
50456,228947,0,0,50457,0,0,60,60
50457,228948,0,2000,50458,0,0,60,60
50458,228950,0,2000,50459,0,0,60,60
50459,228956,0,2000,50460,0,0,60,60
50460,228957,0,0,50461,0,0,60,60
50461,228958,0,0,0,0,0,60,60
50462,0,0,0,0,0,0,60,60
50463,228971,0,0,50464,0,0,60,60
50464,228972,0,1000,50465,0,0,60,60
50465,228973,0,0,50466,0,0,60,60
50466,228974,0,0,50467,0,0,60,60
50467,228975,0,0,50468,0,0,60,60
50468,228976,0,0,50469,0,0,60,60
50469,228977,0,0,50470,0,0,60,60
50470,228978,0,0,50471,0,0,60,60
50471,228979,0,0,50472,0,0,60,60
50472,228980,0,0,0,0,0,60,60
50473,228981,0,0,50474,0,0,60,60
50474,228982,0,1000,50475,0,0,60,60
50475,228983,0,0,50476,0,0,60,60
50476,228984,0,0,50477,0,0,60,60
50477,228985,0,0,50478,0,0,60,60
50478,228986,0,0,50479,0,0,60,60
50479,228987,0,0,0,0,0,60,60
50480,228988,0,0,50481,0,0,60,60
50481,228989,0,1000,50482,0,0,60,60
50482,228990,0,0,50483,0,0,60,60
50483,228991,0,0,50484,0,0,60,60
50484,228992,0,0,0,0,0,60,60
50485,228993,0,0,50486,0,0,60,60
50486,228994,0,2000,50487,0,0,60,60
50487,228995,0,0,50488,0,0,60,60
50488,228996,0,2000,50489,0,0,60,60
50489,228997,0,0,50490,0,0,60,60
50490,228998,0,2000,50491,0,0,60,60
50491,228999,0,0,50492,0,0,60,60
50492,229000,0,0,50493,0,0,60,60
50493,229001,0,0,0,0,0,60,60
50494,229007,0,0,0,0,0,60,60
50495,229055,0,1000,50496,0,0,60,60
50496,229056,0,1000,50497,0,2,60,60
50497,229058,0,1000,0,0,0,60,60
50498,229060,0,1000,0,0,0,60,60
50499,229064,0,1000,0,0,0,60,60
50500,229048,0,0,50501,0,0,60,60
50501,229049,0,1000,50502,0,0,60,60
50502,229050,0,0,50503,0,0,60,60
50503,229051,0,0,50506,0,0,60,60
50504,229053,0,0,0,0,0,60,60
50506,229052,0,0,50504,0,0,60,60
50507,229068,0,0,50508,0,0,60,60
50508,229069,0,0,50509,0,0,60,60
50509,229070,0,1000,50510,0,0,60,60
50510,229071,0,1000,50511,0,0,60,60
50511,229072,0,1000,50512,0,0,60,60
50512,229073,0,0,50513,0,0,60,60
50513,229074,0,1000,50514,0,0,60,60
50514,229075,0,1000,0,0,0,60,60
50515,229076,0,0,50516,0,0,60,60
50516,229077,0,1000,50517,0,0,60,60
50517,229078,0,0,50518,0,0,60,60
50518,229079,0,1000,50519,0,0,60,60
50519,229080,0,0,50520,0,0,60,60
50520,229081,0,0,50521,0,0,60,60
50521,229082,0,1000,0,0,0,60,60
50522,229083,0,0,50523,0,0,60,60
50523,229084,0,1000,50524,0,0,60,60
50524,229085,0,0,50525,0,0,60,60
50525,229086,0,1000,50526,0,0,60,60
50526,229087,0,0,50527,0,0,60,60
50527,229088,0,0,50528,0,0,60,60
50528,229089,0,1000,0,0,0,60,60
50529,229090,0,0,50530,0,0,60,60
50530,229091,0,1000,50531,0,0,60,60
50531,229092,0,0,50532,0,0,60,60
50532,229093,0,1000,50533,0,0,60,60
50533,229094,0,0,50534,0,0,60,60
50534,229095,0,0,50535,0,0,60,60
50535,229096,0,1000,50536,0,0,60,60
50536,229097,0,0,0,0,0,60,60
50537,229109,0,1000,50538,0,0,60,60
50538,229110,0,1000,0,0,0,60,60
50539,218944,0,1000,0,0,0,60,60
50540,229134,0,0,50769,0,0,60,60
50541,229135,0,0,50770,0,0,60,60
50542,229136,0,0,50771,0,0,60,60
50543,229137,0,0,50772,0,0,60,60
50544,229138,0,0,50773,0,0,60,60
50545,229139,0,0,50774,0,0,60,60
50546,229140,0,0,50775,0,0,60,60
50547,229141,0,0,50776,0,0,60,60
50548,225533,0,1000,51051,0,0,60,60
50549,229147,0,1000,50550,0,0,60,60
50550,229148,0,1000,50551,0,0,60,60
50551,229150,0,1000,50552,0,0,60,60
50552,229151,0,1000,50553,0,0,60,60
50553,229153,0,1000,50554,0,0,60,60
50554,229154,0,1000,50555,0,0,60,60
50555,229155,0,1000,50556,0,0,60,60
50556,229156,0,1000,50557,0,0,60,60
50557,229157,0,1000,50558,0,0,60,60
50558,229158,0,1000,50559,0,0,60,60
50559,229159,0,1000,50560,0,0,60,60
50560,229160,0,1000,50561,0,0,60,60
50561,229161,0,1000,50562,0,0,60,60
50562,229162,0,1000,0,0,0,60,60
50563,229207,0,1000,0,0,0,60,60
50564,229202,0,1000,50565,0,0,60,60
50565,229203,0,1000,50566,0,2,60,60
50566,229205,0,1000,0,0,0,60,60
50567,229206,0,1000,0,0,0,60,60
50568,223379,0,1000,0,0,0,60,60
50569,223380,0,1000,0,0,0,60,60
50570,223381,0,1000,0,0,0,60,60
50571,223382,0,1000,0,0,0,60,60
50572,0,0,0,0,0,0,60,60
50573,227274,0,1000,0,0,0,60,60
50574,227273,0,1000,0,0,0,60,60
50575,227275,0,1000,0,0,0,60,60
50576,229243,0,3000,50577,0,0,60,60
50577,229250,0,1000,0,0,0,60,60
50578,229251,0,1000,50579,0,0,60,60
50579,229263,0,1000,0,0,0,60,60
50580,229268,0,0,50581,0,0,60,60
50581,229258,0,0,0,0,0,60,60
50582,229262,0,0,50583,0,0,60,60
50583,229264,0,0,0,0,0,60,60
50584,229257,0,0,50585,0,0,60,60
50585,229265,0,0,0,0,0,60,60
50588,229266,0,0,50589,0,0,60,60
50589,229267,0,0,0,0,0,60,60
50590,229271,0,0,50591,0,0,60,60
50591,229272,0,0,0,0,0,60,60
50597,229374,0,0,50598,0,2,60,60
50598,229375,0,0,0,0,0,60,60
50599,229377,0,0,50600,0,2,60,60
50600,229378,0,0,50601,0,0,60,60
50601,229379,0,0,0,0,2,60,60
50602,229380,0,0,50603,0,0,60,60
50603,229381,0,0,0,0,0,60,60
50604,229397,0,1000,50114,0,0,60,60
50605,228933,0,7000,50607,0,0,60,60
50606,229401,0,16000,51673,0,0,60,60
50607,229402,0,2000,50608,0,0,60,60
50608,229403,0,2000,50609,0,0,60,60
50609,229404,0,2000,50610,0,0,60,60
50610,229405,0,2000,50611,0,0,60,60
50611,229406,0,2000,50613,0,0,60,60
50613,229410,0,2000,50614,0,0,60,60
50614,229421,0,1000,0,0,0,60,60
50615,229422,0,2000,50616,0,0,60,60
50616,229423,0,2000,50617,0,0,60,60
50617,229424,0,2000,50618,0,0,60,60
50618,229425,0,1000,0,0,0,60,60
50619,229456,0,1000,0,0,1,60,60
50620,229459,0,3000,50621,0,2,60,60
50621,229462,0,50000,50627,0,0,60,60
50627,229478,0,5000,50628,0,0,60,60
50628,229479,0,3000,50629,0,0,60,60
50629,229480,0,3000,50630,0,0,60,60
50630,229481,0,7000,50631,0,0,60,60
50631,229482,0,2000,50632,0,0,60,60
50632,229483,0,4000,50633,0,0,60,60
50633,229484,0,2000,50634,0,0,60,60
50634,229485,0,2000,50635,0,2,60,60
50635,229486,0,1000,0,0,0,60,60
50637,229459,0,3000,0,0,2,60,60
50638,229499,0,1000,0,0,0,60,60
50639,229517,0,1000,0,26146,0,60,60
50640,229524,0,0,50641,0,0,60,60
50641,229525,0,0,0,0,0,60,60
50643,229531,0,1000,0,0,0,60,60
50644,229532,0,1000,0,0,0,60,60
50645,229533,0,1000,0,0,0,60,60
50646,229534,0,1000,0,0,0,60,60
50647,229535,0,1000,0,0,0,60,60
50648,229536,0,1000,0,0,0,60,60
50649,229537,0,1000,0,0,0,60,60
50650,229542,0,0,0,0,0,60,60
50651,229543,0,0,0,0,0,60,60
50652,229558,0,1000,50637,0,0,60,60
50653,229558,0,1000,50620,0,0,60,60
50654,229518,0,1000,0,26146,0,60,60
50655,229559,0,1500,47838,0,0,60,60
50656,229561,0,1500,47841,0,0,60,60
50657,229562,0,1500,47781,0,0,60,60
50658,229572,0,5000,50694,0,1,60,60
50661,0,0,3000,50658,0,0,60,60
50663,229594,0,3000,49848,0,0,60,60
50665,229596,0,7000,0,0,0,60,60
50670,0,0,0,50671,0,0,60,60
50671,229604,0,0,0,0,0,60,60
50672,229605,0,2000,50673,0,0,60,60
50673,229606,0,2000,50674,0,0,60,60
50674,229607,0,2000,50675,0,0,60,60
50675,229608,0,2000,50676,0,0,60,60
50676,229609,0,2000,50677,0,0,60,60
50677,229610,0,2000,50678,0,0,60,60
50678,229611,0,0,0,0,0,60,60
50679,229575,0,3000,0,0,1,60,60
50680,229612,0,2000,50681,0,0,60,60
50681,229613,0,1000,0,0,0,60,60
50682,229621,0,4000,0,0,1,60,60
50683,229614,0,1000,51656,0,0,60,60
50684,229615,0,1000,51665,0,0,60,60
50685,229616,0,1000,51677,0,0,60,60
50686,229617,0,1000,51689,0,0,60,60
50687,229618,0,1000,51697,0,0,60,60
50688,229619,0,1000,51706,0,0,60,60
50689,229256,0,2000,50682,0,1,60,60
50690,229622,0,1000,51637,0,0,60,60
50691,229623,0,1000,51646,0,0,60,60
50692,229624,0,3000,49830,0,0,60,60
50693,229625,0,0,0,0,0,60,60
50694,229254,0,6000,0,0,1,60,60
50701,229632,0,0,50702,0,2,60,60
50702,229633,0,0,50703,0,2,60,60
50703,229634,0,0,0,0,0,60,60
50704,216457,0,2000,50705,0,0,60,60
50705,229645,0,1000,50706,0,0,60,60
50706,229646,0,1000,0,0,0,60,60
50708,222445,0,0,47913,0,0,60,60
50709,222446,0,2000,0,0,0,60,60
50710,229676,0,0,50711,0,0,60,60
50711,229677,0,1000,50712,0,0,60,60
50712,229678,0,0,50713,0,0,60,60
50713,229679,0,1000,50714,0,0,60,60
50714,229680,0,0,50715,0,0,60,60
50715,229681,0,0,50716,0,0,60,60
50716,229682,0,1000,50717,0,0,60,60
50717,229683,0,0,0,0,0,60,60
50718,218984,0,1000,50719,0,2,60,60
50719,226218,0,1000,0,0,1,60,60
50720,229698,0,0,50721,0,0,60,60
50721,229684,0,0,50722,0,0,60,60
50722,229685,0,1000,50723,0,0,60,60
50723,229686,0,0,50724,0,0,60,60
50724,229687,0,1000,50725,0,0,60,60
50725,229688,0,0,50726,0,0,60,60
50726,229689,0,0,50727,0,0,60,60
50727,229690,0,1000,50728,0,0,60,60
50728,229691,0,0,50729,0,0,60,60
50729,229693,0,0,50730,0,0,60,60
50730,229694,0,0,50731,0,0,60,60
50731,229695,0,0,50732,0,0,60,60
50732,229696,0,0,0,0,0,60,60
50733,229697,0,0,0,26146,0,60,60
50734,229699,0,0,0,26146,0,60,60
50735,0,0,1000,50736,0,0,60,60
50736,229704,0,3000,50737,0,0,60,60
50737,229706,0,1000,0,0,0,60,60
50738,229710,0,1000,0,0,0,60,60
50739,227965,0,1000,50740,0,0,60,60
50740,227966,0,1000,0,0,0,60,60
50741,0,0,1000,50742,0,0,60,60
50742,229711,0,3000,50743,0,0,60,60
50743,229712,0,1000,0,0,0,60,60
50744,229764,0,5000,0,0,0,60,60
50745,229762,0,1000,50746,0,0,60,60
50746,229763,0,1000,0,0,0,60,60
50748,229765,0,1000,50749,0,0,60,60
50749,229766,0,1000,50750,0,0,60,60
50750,229767,0,1000,0,0,2,60,60
50752,229778,0,1000,50431,0,0,60,60
50753,229775,0,2000,50754,0,0,60,60
50754,229777,0,1000,50755,0,0,60,60
50755,229395,0,1000,0,0,0,60,60
50756,229779,0,1000,50757,0,0,60,60
50757,229780,0,1000,0,0,0,60,60
50758,229781,0,1000,0,0,0,60,60
50759,229783,0,0,0,0,0,60,60
50760,0,0,1000,50761,0,0,60,60
50761,229789,0,1000,50762,0,0,60,60
50762,229790,0,1000,0,0,2,60,60
50763,229753,0,2000,48025,0,0,60,60
50764,229814,0,0,0,0,0,60,60
50769,0,0,0,0,0,2,60,60
50770,0,0,0,0,0,0,60,60
50771,0,0,0,0,0,0,60,60
50772,0,0,0,0,0,0,60,60
50773,0,0,0,0,0,0,60,60
50774,0,0,0,0,0,0,60,60
50775,0,0,0,0,0,0,60,60
50776,0,0,0,0,0,0,60,60
50777,229842,0,500,50778,0,0,60,60
50778,229843,0,500,50779,0,0,60,60
50779,229844,0,500,50780,0,0,60,60
50780,229845,0,500,50781,0,0,60,60
50781,229846,0,500,50782,0,0,60,60
50782,229847,0,500,0,0,0,60,60
50783,205925,0,3000,0,0,2,60,60
50784,229867,0,1000,50785,0,0,60,60
50785,229868,0,0,50786,0,0,60,60
50786,229869,0,0,50787,0,0,60,60
50787,229870,0,0,0,0,0,60,60
50788,229887,0,2000,52304,0,0,60,60
50789,229888,0,1000,48314,0,0,60,60
50790,229894,0,2000,50791,0,0,60,60
50791,229895,0,0,0,0,0,60,60
50796,229871,0,1000,50797,0,0,60,60
50797,229929,0,0,0,0,0,60,60
50798,229919,0,3000,50799,0,0,60,60
50799,229920,0,2000,52007,0,0,60,60
50808,229933,0,1000,50809,0,0,60,60
50809,229934,0,1000,50811,0,0,60,60
50811,229935,0,1000,0,0,0,60,60
50812,229938,0,0,50813,0,0,60,60
50813,229939,0,0,0,0,0,60,60
50814,229873,0,0,0,0,0,60,60
50815,229875,0,0,0,0,0,60,60
50816,229877,0,0,0,0,0,60,60
50817,229878,0,1000,0,0,0,60,60
50818,229881,0,2000,50819,0,0,60,60
50819,229882,0,0,50820,0,2,60,60
50820,229883,0,2000,50821,0,0,60,60
50821,229885,0,2000,50822,0,0,60,60
50822,229890,0,3000,50823,0,0,60,60
50823,229891,0,4000,50824,0,0,60,60
50824,229892,0,0,0,0,0,60,60
50825,229893,0,1000,0,0,1,60,60
50826,229897,0,0,50827,0,1,60,60
50827,229907,0,0,0,0,1,60,60
50828,229908,0,0,0,0,1,60,60
50829,0,0,0,50830,0,0,60,60
50830,229909,0,0,50848,0,1,60,60
50831,0,0,1000,50745,0,0,60,60
50832,229915,0,0,0,0,2,60,60
50833,229916,0,0,0,0,0,60,60
50834,229917,0,2000,50835,0,0,60,60
50835,229918,0,0,0,0,2,60,60
50836,229943,0,0,0,0,2,60,60
50837,0,0,1000,50814,0,0,60,60
50838,0,0,1000,50815,0,0,60,60
50839,229960,0,0,50840,0,0,60,60
50840,229958,0,0,50841,0,0,60,60
50841,229959,0,1000,0,0,0,60,60
50842,229964,0,1000,0,0,0,60,60
50843,229966,0,0,50844,0,0,60,60
50844,229967,0,0,0,0,0,60,60
50845,229968,0,0,50846,0,0,60,60
50846,229969,0,0,50847,0,0,60,60
50847,229970,0,0,0,0,0,60,60
50848,0,0,2000,50849,0,0,60,60
50849,224345,0,0,0,0,0,60,60
50850,229988,0,2000,50851,0,0,60,60
50851,230016,0,1000,0,0,0,60,60
50853,230023,0,1000,50854,0,0,60,60
50854,230024,0,0,0,0,0,60,60
50855,230029,0,2000,50856,0,0,60,60
50856,230030,0,1000,0,0,0,60,60
50857,217508,0,1000,0,0,0,60,60
50858,230023,0,1000,50859,0,0,60,60
50859,230035,0,0,0,0,0,60,60
50860,230036,0,2000,50861,0,0,60,60
50861,230037,0,1000,0,0,0,60,60
50862,230040,0,1000,0,0,2,60,60
50863,230054,0,2000,50864,0,0,60,60
50864,230055,0,1000,50865,0,0,60,60
50865,230067,0,0,0,0,0,60,60
50866,230104,0,1000,50867,0,0,60,60
50867,230105,0,1000,0,0,0,60,60
50868,230108,0,900,50869,0,0,60,60
50869,230110,0,1000,50870,0,0,60,60
50870,230112,0,4000,50871,0,0,60,60
50871,230113,0,900,50872,0,0,60,60
50872,230114,0,2000,51081,0,0,60,60
50873,230130,0,1000,0,0,1,60,60
50875,230086,0,3000,50876,0,0,60,60
50876,230087,0,2000,50877,0,0,60,60
50877,230088,0,2000,0,0,0,60,60
50889,230155,0,0,50890,0,0,60,60
50890,230156,0,0,50891,0,0,60,60
50891,230157,0,1000,50892,0,0,60,60
50892,230158,0,0,50893,0,0,60,60
50893,230159,0,1000,50894,0,0,60,60
50894,230160,0,0,0,0,0,60,60
50895,230169,0,0,50896,0,0,60,60
50896,230171,0,0,50897,0,0,60,60
50897,230173,0,1000,50898,0,0,60,60
50898,230175,0,0,50899,0,0,60,60
50899,230176,0,1000,50900,0,0,60,60
50900,230177,0,0,50901,0,0,60,60
50901,230179,0,0,50902,0,0,60,60
50902,230180,0,0,0,0,0,60,60
50903,230023,0,1000,50904,0,0,60,60
50904,230203,0,0,0,0,0,60,60
50905,230023,0,1000,50906,0,0,60,60
50906,230204,0,0,0,0,0,60,60
50907,230205,0,1000,0,0,2,60,60
50908,230206,0,1000,0,0,2,60,60
50909,230201,0,500,45981,0,0,60,60
50910,230208,0,1000,0,0,2,60,60
50911,230217,0,2000,50912,0,0,60,60
50912,230218,0,0,0,0,1,60,60
50913,229458,0,0,0,0,1,60,60
50914,229453,0,0,0,0,1,60,60
50915,229452,0,1000,0,0,1,60,60
50916,229455,0,0,0,0,1,60,60
50917,229457,0,0,0,0,1,60,60
50918,229448,0,0,0,0,1,60,60
50919,229449,0,0,0,0,1,60,60
50922,230252,0,1000,50968,0,0,60,60
50923,230255,0,1000,0,0,0,60,60
50924,230258,0,3000,50926,0,0,60,60
50925,228336,0,2000,0,0,0,60,60
50926,230260,0,1000,50925,0,0,60,60
50927,228337,0,1000,0,0,0,60,60
50928,230256,0,1000,50929,0,0,60,60
50929,230262,0,1000,0,0,0,60,60
50930,0,0,1000,45979,0,0,60,60
50931,227579,0,1000,50932,0,0,60,60
50932,228038,0,1000,0,0,0,60,60
50933,0,0,1000,50931,0,0,60,60
50934,230265,0,1000,50935,0,0,60,60
50935,230266,0,1000,50936,0,0,60,60
50936,230267,0,1000,50937,0,0,60,60
50937,230268,0,0,0,0,0,60,60
50938,230136,0,1000,50939,0,0,60,60
50939,230270,0,2000,50940,0,1,60,60
50940,230275,0,3000,50941,0,0,60,60
50941,230259,0,5000,51725,0,0,60,60
50942,230278,0,1000,0,0,0,60,60
50943,230279,0,0,0,0,0,60,60
50944,230280,0,0,0,0,0,60,60
50945,230281,0,0,0,0,0,60,60
50946,228328,0,2000,50165,0,0,60,60
50947,222573,0,1000,50948,0,0,60,60
50948,222574,0,1000,50949,0,0,60,60
50949,222575,0,1000,0,0,0,60,60
50950,230135,0,1000,0,0,0,60,60
50951,230137,0,1000,0,0,0,60,60
50952,230288,0,0,50953,0,0,60,60
50953,230293,0,0,50954,0,0,60,60
50954,230294,0,1000,50955,0,0,60,60
50955,230298,0,0,50956,0,0,60,60
50956,230304,0,0,50957,0,0,60,60
50957,230312,0,0,50958,0,0,60,60
50958,230313,0,1000,50959,0,0,60,60
50959,230315,0,4000,51105,0,0,60,60
50960,230316,0,2000,0,0,0,60,60
50961,0,0,2000,50952,0,0,60,60
50962,230367,0,1000,48897,0,0,60,60
50963,0,0,0,0,0,0,60,60
50964,230368,0,0,50965,0,0,60,60
50965,230369,0,0,50966,0,0,60,60
50966,230370,0,0,50967,0,0,60,60
50967,230371,0,0,0,0,0,60,60
50968,230253,0,1000,50923,0,0,60,60
50969,230380,0,1000,0,0,2,60,60
50970,230393,0,1000,50971,0,0,60,60
50971,0,0,0,0,0,0,60,60
50972,230394,0,1000,0,0,0,60,60
50973,230395,0,1000,0,0,0,60,60
50974,230399,0,1000,0,0,1,60,60
50975,228131,0,1000,0,0,1,60,60
50976,228127,0,1000,0,0,1,60,60
50977,228135,0,1000,0,0,1,60,60
50978,228133,0,1000,0,0,1,60,60
50979,228123,0,1000,50980,0,0,60,60
50980,228125,0,1000,0,0,0,60,60
50981,230423,0,0,50982,0,0,60,60
50982,230424,0,0,0,0,0,60,60
50983,230431,0,1000,0,0,0,60,60
50984,230455,0,0,0,0,0,60,60
50985,230443,0,1000,0,0,0,60,60
50986,230454,0,0,0,0,0,60,60
50987,230452,0,1000,0,0,0,60,60
50988,230448,0,3000,0,0,0,60,60
50989,230450,0,3000,0,0,0,60,60
50990,230453,0,1000,50984,0,0,60,60
50991,230461,0,2000,50992,0,0,60,60
50992,230462,0,2000,51104,0,0,60,60
50995,230467,0,1000,0,0,0,60,60
50996,230465,0,0,0,0,0,60,60
50998,230470,0,0,50999,0,0,60,60
50999,230471,0,0,51000,0,0,60,60
51000,230472,0,1000,51001,0,0,60,60
51001,230473,0,0,51002,0,0,60,60
51002,230474,0,1000,51003,0,0,60,60
51003,230475,0,0,51004,0,0,60,60
51004,230476,0,0,51005,0,0,60,60
51005,230477,0,0,0,0,0,60,60
51006,230489,0,2500,51007,0,0,60,60
51007,230498,0,3000,0,0,0,60,60
51008,230502,0,3000,51009,0,0,60,60
51009,230503,0,4000,0,0,0,60,60
51010,230506,0,2500,51011,0,0,60,60
51011,230507,0,3000,0,0,0,60,60
51012,230497,0,2500,51013,0,0,60,60
51013,230511,0,3000,51014,0,0,60,60
51014,230513,0,4000,0,0,0,60,60
51015,230501,0,0,0,0,0,60,60
51016,0,0,500,51015,0,0,60,60
51017,230516,0,2000,51018,0,0,60,60
51018,230521,0,1000,51019,0,0,60,60
51019,230523,0,1000,51020,0,0,60,60
51020,230525,0,1000,51021,0,0,60,60
51021,230528,0,1000,51022,0,0,60,60
51022,230533,0,1000,51023,0,0,60,60
51023,230537,0,1000,51024,0,0,60,60
51024,230538,0,1000,51025,0,0,60,60
51025,230541,0,1000,0,0,0,60,60
51026,230549,0,0,51027,0,0,60,60
51027,230550,0,0,51028,0,0,60,60
51028,230551,0,1000,51029,0,0,60,60
51029,230552,0,0,51030,0,0,60,60
51030,230553,0,1000,51031,0,0,60,60
51031,230555,0,0,51032,0,0,60,60
51032,230556,0,0,51033,0,0,60,60
51033,230558,0,0,51034,0,0,60,60
51034,230560,0,0,51035,0,0,60,60
51035,230561,0,0,0,0,0,60,60
51036,230562,0,0,0,0,0,60,60
51037,229626,0,0,51038,0,2,60,60
51038,230564,0,0,0,0,0,60,60
51039,229627,0,0,0,0,0,60,60
51040,229628,0,0,51041,0,2,60,60
51041,230566,0,0,0,0,0,60,60
51042,229629,0,0,0,0,0,60,60
51043,229630,0,0,51044,0,2,60,60
51044,230569,0,0,0,0,0,60,60
51045,229631,0,2000,0,0,0,60,60
51047,230583,0,0,0,0,0,60,60
51048,230584,0,0,0,0,0,60,60
51049,230585,0,3000,51050,0,0,60,60
51050,230586,0,4000,0,0,0,60,60
51051,230603,0,1000,51052,0,0,60,60
51052,0,0,0,0,0,0,60,60
51053,230604,0,1000,51054,0,0,60,60
51054,230606,0,1000,51055,0,0,60,60
51055,230607,0,1000,51056,0,0,60,60
51056,230608,0,2000,51057,0,0,60,60
51057,224019,0,1000,0,0,0,60,60
51058,230613,0,2000,51059,0,0,60,60
51059,230615,0,2000,51060,0,0,60,60
51060,230617,0,2000,51061,0,0,60,60
51061,230620,0,0,0,0,0,60,60
51062,230623,0,0,51063,0,0,60,60
51063,230624,0,0,51064,0,0,60,60
51064,230625,0,1000,51065,0,0,60,60
51065,230626,0,0,51066,0,0,60,60
51066,230628,0,1000,51067,0,0,60,60
51067,230629,0,0,51068,0,0,60,60
51068,230630,0,0,51069,0,0,60,60
51069,230631,0,0,51071,0,0,60,60
51071,230632,0,0,0,0,0,60,60
51072,230634,0,0,51073,0,0,60,60
51073,230635,0,0,51074,0,0,60,60
51074,230636,0,1000,51075,0,0,60,60
51075,230637,0,0,51076,0,0,60,60
51076,230639,0,1000,0,0,0,60,60
51079,218880,0,0,51080,0,0,60,60
51080,230653,0,0,0,0,2,60,60
51081,230656,0,1000,51082,0,0,60,60
51082,230658,0,1000,0,0,0,60,60
51083,230664,0,0,51084,0,0,60,60
51084,230666,0,0,0,0,0,60,60
51085,230670,0,1000,0,0,0,60,60
51086,230677,0,2000,51089,0,0,60,60
51087,230674,0,4000,51088,0,0,60,60
51088,230676,0,3000,51086,0,0,60,60
51089,230678,0,3000,0,0,0,60,60
51090,230691,0,1000,0,0,0,60,60
51091,230690,0,1000,0,0,0,60,60
51092,230693,0,1000,51093,0,0,60,60
51093,230694,0,0,0,0,0,60,60
51094,230696,0,1000,0,0,0,60,60
51095,230698,0,1000,51096,0,0,60,60
51096,230699,0,1000,51097,0,0,60,60
51097,230700,0,1000,51098,0,0,60,60
51098,230701,0,1000,51099,0,0,60,60
51099,230702,0,1000,0,0,0,60,60
51100,230706,0,3000,51101,0,0,60,60
51101,230707,0,3000,51102,0,0,60,60
51102,230677,0,2000,51103,0,0,60,60
51103,230708,0,2000,0,0,0,60,60
51104,230463,0,1000,0,0,0,60,60
51105,0,0,0,50960,0,0,60,60
51106,230152,0,0,51107,0,0,60,60
51107,230153,0,0,0,0,0,60,60
51108,230162,0,1000,51109,0,0,60,60
51109,230163,0,1000,51110,0,0,60,60
51110,230164,0,1000,51111,0,0,60,60
51111,230165,0,1000,51112,0,0,60,60
51112,230166,0,0,0,0,0,60,60
51113,230167,0,0,51114,0,0,60,60
51114,230168,0,0,0,0,0,60,60
51115,230170,0,1000,51116,0,0,60,60
51116,230172,0,1000,51117,0,0,60,60
51117,230174,0,1000,51118,0,0,60,60
51118,230178,0,1000,51119,0,0,60,60
51119,230181,0,0,0,0,0,60,60
51120,230187,0,0,0,0,0,60,60
51121,230190,0,0,51122,0,0,60,60
51122,230191,0,0,51123,0,0,60,60
51123,230192,0,0,51124,0,0,60,60
51124,230194,0,1000,0,0,0,60,60
51125,0,0,1000,51087,0,0,60,60
51126,228048,0,0,46139,0,0,60,60
51127,229469,0,0,51128,0,0,60,60
51128,229470,0,0,0,0,0,60,60
51129,229471,0,0,0,0,0,60,60
51131,229473,0,0,51132,0,0,60,60
51132,229475,0,0,0,0,0,60,60
51133,228052,0,0,51134,0,0,60,60
51134,228053,0,0,0,0,0,60,60
51135,229468,0,0,0,0,0,60,60
51136,229461,0,0,51137,0,0,60,60
51137,229463,0,0,51138,0,0,60,60
51138,229464,0,0,51139,0,0,60,60
51139,229465,0,0,51140,0,0,60,60
51140,229466,0,0,0,0,0,60,60
51141,228049,0,0,51142,0,0,60,60
51142,228050,0,0,51143,0,0,60,60
51143,228051,0,0,0,0,0,60,60
51144,229435,0,0,0,0,0,60,60
51145,229447,0,0,0,0,0,60,60
51146,229359,0,0,0,0,0,60,60
51147,230755,0,2000,51148,0,0,60,60
51148,230756,0,2000,51149,0,0,60,60
51149,230757,0,2000,0,0,0,60,60
51150,230758,0,2000,51151,0,0,60,60
51151,230759,0,2000,51783,0,0,60,60
51152,230762,0,2000,51153,0,0,60,60
51153,230763,0,2000,51154,0,0,60,60
51154,230765,0,3000,0,0,0,60,60
51155,230771,0,1000,51163,0,0,60,60
51156,230766,0,2000,51157,0,0,60,60
51157,230767,0,2000,51785,0,0,60,60
51158,225435,0,0,50347,0,0,60,60
51159,230768,0,2000,51160,0,0,60,60
51160,230772,0,3000,51161,0,0,60,60
51161,230770,0,2000,0,0,0,60,60
51163,230776,0,1000,51164,0,0,60,60
51164,230777,0,1000,51165,0,0,60,60
51165,230778,0,1000,51166,0,0,60,60
51166,230780,0,1000,51167,0,0,60,60
51167,230818,0,1000,0,0,0,60,60
51169,230196,0,1000,51170,0,0,60,60
51170,230197,0,1000,51171,0,2,60,60
51171,230199,0,1000,51626,0,0,60,60
51172,230781,0,2000,51173,0,0,60,60
51173,230782,0,2000,51786,0,0,60,60
51174,230783,0,2000,51175,0,0,60,60
51175,230784,0,3000,51176,0,0,60,60
51176,230785,0,2000,0,0,0,60,60
51177,230786,0,2000,51178,0,0,60,60
51178,230787,0,2000,51787,0,0,60,60
51179,230788,0,2000,51180,0,0,60,60
51180,230789,0,3000,51181,0,0,60,60
51181,230790,0,3000,0,0,0,60,60
51182,230791,0,2000,51183,0,0,60,60
51183,230792,0,3000,51184,0,0,60,60
51184,230793,0,2000,51788,0,0,60,60
51185,227653,0,0,51186,0,0,60,60
51186,227654,0,0,51187,0,0,60,60
51187,227655,0,0,51188,0,0,60,60
51188,227656,0,0,51189,0,0,60,60
51189,227657,0,0,51190,0,0,60,60
51190,227658,0,0,0,0,0,60,60
51191,230795,0,1000,51192,0,0,60,60
51192,230796,0,1000,51193,0,0,60,60
51193,230797,0,1000,0,0,0,60,60
51194,230803,0,1000,0,0,0,60,60
51195,230858,0,1000,51196,0,0,60,60
51196,230799,0,1000,51197,0,0,60,60
51197,230800,0,1000,51210,0,0,60,60
51198,230807,0,2000,51199,0,0,60,60
51199,230808,0,3000,51200,0,0,60,60
51200,230809,0,3000,0,0,0,60,60
51201,230810,0,2000,51202,0,0,60,60
51202,230811,0,2000,51789,0,0,60,60
51203,230812,0,3000,51204,0,0,60,60
51204,230813,0,3000,51205,0,0,60,60
51205,230814,0,3000,0,0,0,60,60
51206,230815,0,2000,51207,0,0,60,60
51207,230817,0,2000,51790,0,0,60,60
51208,230798,0,1000,51541,0,0,60,60
51209,0,0,1000,51208,0,0,60,60
51210,230855,0,1000,51778,0,0,60,60
51211,225743,0,0,51212,0,0,60,60
51212,225744,0,0,51213,0,0,60,60
51213,225745,0,0,51214,0,0,60,60
51214,225746,0,0,51215,0,0,60,60
51215,225747,0,0,51216,0,0,60,60
51216,225748,0,0,51217,0,0,60,60
51217,229042,0,0,51218,0,0,60,60
51218,225752,0,0,51219,0,0,60,60
51219,225755,0,0,51220,0,0,60,60
51220,225756,0,0,51221,0,0,60,60
51221,225759,0,0,51222,0,0,60,60
51222,225760,0,0,51223,0,0,60,60
51223,225763,0,0,51224,0,0,60,60
51224,225764,0,0,51225,0,0,60,60
51225,225767,0,0,51226,0,0,60,60
51226,225768,0,0,0,0,0,60,60
51227,225615,0,0,51228,0,0,60,60
51228,225669,0,0,51229,0,0,60,60
51229,225670,0,0,51230,0,0,60,60
51230,225671,0,0,51231,0,0,60,60
51231,225672,0,0,51232,0,0,60,60
51232,225673,0,0,51233,0,0,60,60
51233,225674,0,0,51234,0,0,60,60
51234,225675,0,0,51235,0,0,60,60
51235,225676,0,0,51236,0,0,60,60
51236,225677,0,0,51237,0,0,60,60
51237,225678,0,0,51238,0,0,60,60
51238,225679,0,0,51239,0,0,60,60
51239,225680,0,0,51240,0,0,60,60
51240,225682,0,0,51241,0,0,60,60
51241,225683,0,0,51242,0,0,60,60
51242,225684,0,0,51243,0,0,60,60
51243,225685,0,0,51244,0,0,60,60
51244,225686,0,0,51245,0,0,60,60
51245,225687,0,0,51246,0,0,60,60
51246,225688,0,0,51247,0,0,60,60
51247,225689,0,0,51248,0,0,60,60
51248,225690,0,0,51249,0,0,60,60
51249,225691,0,0,51250,0,0,60,60
51250,225692,0,0,51251,0,0,60,60
51251,225693,0,0,51252,0,0,60,60
51252,225694,0,0,0,0,0,60,60
51253,227954,0,1000,0,0,2,60,60
51254,229012,0,0,51255,0,0,60,60
51255,229013,0,0,51256,0,0,60,60
51256,229014,0,0,51257,0,0,60,60
51257,229015,0,0,51258,0,0,60,60
51258,229017,0,0,51259,0,0,60,60
51259,229018,0,0,51260,0,0,60,60
51260,229019,0,0,51261,0,0,60,60
51261,229020,0,0,51262,0,0,60,60
51262,229021,0,0,51263,0,0,60,60
51263,229022,0,0,51264,0,0,60,60
51264,229024,0,0,51265,0,0,60,60
51265,229025,0,0,51266,0,0,60,60
51266,229026,0,0,51267,0,0,60,60
51267,229027,0,0,51268,0,0,60,60
51268,229028,0,0,51269,0,0,60,60
51269,229029,0,0,51270,0,0,60,60
51270,229030,0,0,51271,0,0,60,60
51271,229031,0,0,51272,0,0,60,60
51272,229032,0,0,51273,0,0,60,60
51273,229033,0,0,51274,0,0,60,60
51274,229034,0,0,51275,0,0,60,60
51275,229035,0,0,51276,0,0,60,60
51276,229037,0,0,51277,0,0,60,60
51277,229038,0,0,51278,0,0,60,60
51278,229039,0,0,0,0,0,60,60
51279,225782,0,0,51280,0,0,60,60
51280,225783,0,0,51281,0,0,60,60
51281,225784,0,0,51282,0,0,60,60
51282,225785,0,0,51283,0,0,60,60
51283,225786,0,0,51284,0,0,60,60
51284,225787,0,0,51285,0,0,60,60
51285,225788,0,0,51286,0,0,60,60
51286,225789,0,0,51287,0,0,60,60
51287,225790,0,0,51288,0,0,60,60
51288,225793,0,0,51289,0,0,60,60
51289,225794,0,0,51290,0,0,60,60
51290,225795,0,0,51291,0,0,60,60
51291,225796,0,0,51292,0,0,60,60
51292,225798,0,0,51293,0,0,60,60
51293,225799,0,0,51294,0,0,60,60
51294,225800,0,0,51295,0,0,60,60
51295,225801,0,0,51296,0,0,60,60
51296,225803,0,0,51297,0,0,60,60
51297,225804,0,0,51298,0,0,60,60
51298,225805,0,0,51299,0,0,60,60
51299,225806,0,0,51300,0,0,60,60
51300,225807,0,0,51301,0,0,60,60
51301,225808,0,0,51302,0,0,60,60
51302,225809,0,0,51303,0,0,60,60
51303,225810,0,0,51304,0,0,60,60
51304,225811,0,0,51305,0,0,60,60
51305,225812,0,0,51306,0,0,60,60
51306,225813,0,0,51307,0,0,60,60
51307,225817,0,0,51308,0,0,60,60
51308,225818,0,0,51309,0,0,60,60
51309,225819,0,0,51310,0,0,60,60
51310,225820,0,0,51311,0,0,60,60
51311,225821,0,0,0,0,0,60,60
51312,230868,0,1000,51313,0,0,60,60
51313,230869,0,1000,51314,0,0,60,60
51314,230870,0,4000,51994,0,0,60,60
51315,228436,0,0,51316,0,0,60,60
51316,228437,0,0,51317,0,0,60,60
51317,228438,0,0,51318,0,0,60,60
51318,228439,0,0,51319,0,0,60,60
51319,228440,0,0,51320,0,0,60,60
51320,228441,0,0,51321,0,0,60,60
51321,228442,0,0,51322,0,0,60,60
51322,228443,0,0,51323,0,0,60,60
51323,228444,0,0,51324,0,0,60,60
51324,228445,0,0,51325,0,0,60,60
51325,228446,0,0,51326,0,0,60,60
51326,228447,0,0,51327,0,0,60,60
51327,228448,0,0,0,0,0,60,60
51328,230889,0,1000,51331,0,0,60,60
51329,230886,0,1000,51330,0,0,60,60
51330,230887,0,1000,51328,0,0,60,60
51331,0,0,2000,0,0,0,60,60
51332,230892,0,1000,51333,0,0,60,60
51333,230893,0,1000,52080,0,0,60,60
51334,230935,0,1000,51335,0,0,60,60
51335,230936,0,1000,51821,0,0,60,60
51336,230183,0,1000,0,0,0,60,60
51337,230942,0,0,51338,0,0,60,60
51338,230944,0,0,0,0,0,60,60
51344,225074,0,1000,51345,0,0,60,60
51345,230985,0,0,0,0,0,60,60
51346,230986,0,1000,51347,0,0,60,60
51347,230987,0,1000,0,0,0,60,60
51348,230990,0,0,0,0,0,60,60
51349,227267,0,1000,0,0,0,60,60
51350,231000,0,1000,51368,0,0,60,60
51357,218700,0,2000,51358,0,0,60,60
51358,218701,0,1000,51359,0,0,60,60
51359,0,0,1000,51360,0,0,60,60
51360,0,0,5000,51361,0,0,60,60
51361,218702,0,1000,0,0,0,60,60
51362,230991,0,0,51363,0,0,60,60
51363,230992,0,-1000,51364,0,0,60,60
51364,230993,0,0,51365,0,2,60,60
51365,230994,0,-1500,51366,0,2,60,60
51366,230995,0,0,51369,0,0,60,60
51367,230997,0,0,0,0,0,60,60
51368,231002,0,0,0,0,0,60,60
51369,230998,0,0,51370,0,0,60,60
51370,230999,0,0,51371,0,0,60,60
51371,231003,0,0,0,0,0,60,60
51373,225352,0,1000,0,0,0,60,60
51375,0,0,500,51373,0,0,60,60
51376,0,0,1000,51357,0,0,60,60
51377,228113,0,1000,51378,0,0,60,60
51378,228114,0,1000,51379,0,0,60,60
51379,228116,0,1000,0,0,0,60,60
51380,228117,0,1000,51381,0,0,60,60
51381,228118,0,1000,0,0,0,60,60
51382,228119,0,1000,51383,0,0,60,60
51383,228120,0,1000,51384,0,0,60,60
51384,228121,0,1000,0,0,0,60,60
51385,229563,0,1000,47844,0,0,60,60
51386,230597,0,1000,0,0,2,60,60
51387,230598,0,1000,0,0,2,60,60
51388,230595,0,1000,0,0,2,60,60
51389,231018,0,2000,51390,0,0,60,60
51390,231019,0,2000,51391,0,0,60,60
51391,231022,0,1000,0,0,0,60,60
51392,223362,0,2000,51393,0,1,60,60
51393,223363,0,2000,0,0,1,60,60
51394,229916,0,3000,50834,0,0,60,60
51395,230508,0,1000,51396,0,0,60,60
51396,230509,0,0,51397,0,0,60,60
51397,230510,0,0,51398,0,0,60,60
51398,230512,0,0,51399,0,0,60,60
51399,230514,0,0,0,0,0,60,60
51400,230430,0,1000,0,0,0,60,60
51401,230428,0,1000,0,0,0,60,60
51402,230429,0,1000,0,0,0,60,60
51403,230437,0,1000,0,0,0,60,60
51404,230530,0,1000,51405,0,0,60,60
51405,230531,0,0,51406,0,0,60,60
51406,230532,0,0,51407,0,0,60,60
51407,230534,0,0,51408,0,0,60,60
51408,230535,0,0,51409,0,0,60,60
51409,230536,0,0,0,0,2,60,60
51410,230524,0,1000,51411,0,0,60,60
51411,230526,0,0,51412,0,0,60,60
51412,230527,0,0,51413,0,0,60,60
51413,230529,0,0,0,0,0,60,60
51414,230517,0,0,51415,0,0,60,60
51415,230518,0,0,51416,0,0,60,60
51416,230519,0,0,51417,0,0,60,60
51417,230520,0,0,51418,0,0,60,60
51418,230522,0,0,0,0,0,60,60
51419,231068,0,3000,0,0,0,60,60
51420,231069,0,1000,51762,0,0,60,60
51421,231073,0,1810,51422,0,0,60,60
51422,231074,0,3411,51423,0,0,60,60
51423,231075,0,1964,51424,0,0,60,60
51424,231076,0,1620,51425,0,0,60,60
51425,231077,0,1657,0,0,0,60,60
51428,231079,0,2000,51429,0,0,60,60
51429,231081,0,2000,51430,0,0,60,60
51430,231082,0,2000,51431,0,0,60,60
51431,231083,0,2000,51791,0,0,60,60
51432,231084,0,2209,51433,0,0,60,60
51433,231085,0,750,51434,0,2,60,60
51434,231086,0,2391,51435,0,0,60,60
51435,231087,0,1347,51436,0,0,60,60
51436,231088,0,946,51437,0,0,60,60
51437,231089,0,2646,51438,0,0,60,60
51438,231090,0,1926,0,0,0,60,60
51439,231080,0,0,51811,0,0,60,60
51441,231097,0,0,51442,0,0,60,60
51442,231098,0,0,0,0,0,60,60
51443,231099,0,0,51444,0,0,60,60
51444,231100,0,0,0,0,0,60,60
51445,223036,0,1000,0,0,0,60,60
51447,231101,0,0,51448,0,0,60,60
51448,231102,0,0,51449,0,0,60,60
51449,231103,0,0,51450,0,0,60,60
51450,231104,0,0,51451,0,0,60,60
51451,231106,0,0,51452,0,2,60,60
51452,231107,0,0,0,0,0,60,60
51453,231121,0,1000,51455,0,0,60,60
51455,231124,0,1000,51456,0,0,60,60
51456,231125,0,0,51591,0,0,60,60
51457,231138,0,1000,51458,0,0,60,60
51458,231139,0,0,51862,0,0,60,60
51459,231140,0,2500,49790,0,0,60,60
51460,0,0,1000,51459,0,0,60,60
51462,231332,0,1000,51463,0,0,60,60
51463,231333,0,1000,0,0,0,60,60
51465,231146,0,3000,51466,0,0,60,60
51466,231144,0,3000,51470,0,0,60,60
51467,231143,0,3000,51468,0,0,60,60
51468,231145,0,1500,0,0,0,60,60
51469,231142,0,3000,51465,0,0,60,60
51470,231147,0,3000,51467,0,0,60,60
51471,231148,0,2000,51036,0,0,60,60
51472,231151,0,1000,51473,0,0,60,60
51473,231152,0,1000,51474,0,0,60,60
51474,231153,0,1000,51475,0,0,60,60
51475,231154,0,1000,0,0,0,60,60
51476,226084,0,1000,51477,0,0,60,60
51477,226085,0,1000,51478,0,0,60,60
51478,226086,0,1000,51479,0,0,60,60
51479,226087,0,1000,51480,0,0,60,60
51480,226088,0,1000,51481,0,0,60,60
51481,226090,0,1000,51482,0,0,60,60
51482,226092,0,1000,0,0,0,60,60
51485,231171,0,2000,51486,0,0,60,60
51486,231172,0,2000,51487,0,0,60,60
51487,231173,0,0,0,0,2,60,60
51488,228869,0,1000,0,0,0,60,60
51489,228870,0,1000,0,0,0,60,60
51490,231176,0,0,51491,0,0,60,60
51491,231177,0,0,0,0,0,60,60
51492,231178,0,0,51493,0,0,60,60
51493,231179,0,0,51494,0,0,60,60
51494,231180,0,0,51503,0,0,60,60
51495,231181,0,2000,51496,0,0,60,60
51496,231182,0,0,51497,0,0,60,60
51497,231183,0,2000,51498,0,0,60,60
51498,231184,0,0,51499,0,0,60,60
51499,231185,0,2000,51500,0,0,60,60
51500,231187,0,0,51504,0,0,60,60
51501,231188,0,1000,51505,0,0,60,60
51502,231191,0,0,0,0,0,60,60
51503,0,0,0,51495,0,0,60,60
51504,0,0,0,51501,0,0,60,60
51505,0,0,3000,51502,0,0,60,60
51506,230125,0,1000,0,0,0,60,60
51507,230126,0,1000,0,0,0,60,60
51508,225960,0,1000,51509,0,1,60,60
51509,225961,0,1000,0,0,1,60,60
51510,225951,0,1000,0,0,1,60,60
51512,0,0,1000,46629,0,0,60,60
51513,229043,0,0,51514,0,0,60,60
51514,229046,0,0,51515,0,0,60,60
51515,229358,0,0,51516,0,0,60,60
51516,229047,0,0,51517,0,0,60,60
51517,229054,0,0,51518,0,0,60,60
51518,229057,0,0,51519,0,0,60,60
51519,229059,0,0,51520,0,0,60,60
51520,229061,0,0,51521,0,0,60,60
51521,229062,0,0,51522,0,0,60,60
51522,229063,0,0,51523,0,0,60,60
51523,229065,0,0,51524,0,0,60,60
51524,229066,0,0,0,0,0,60,60
51525,230138,0,1000,0,0,0,60,60
51526,230139,0,1000,0,0,0,60,60
51527,231203,0,0,51528,0,0,60,60
51528,231204,0,0,51529,0,0,60,60
51529,231205,0,0,51532,0,0,60,60
51530,231206,0,0,0,0,0,60,60
51531,231339,0,0,51530,0,0,60,60
51532,231209,0,0,51531,0,0,60,60
51533,230127,0,1000,0,0,0,60,60
51534,230128,0,1000,0,0,0,60,60
51535,231210,0,1000,51536,0,0,60,60
51536,231211,0,2000,51537,0,0,60,60
51537,231212,0,4000,0,0,0,60,60
51538,225992,0,1000,52408,0,1,60,60
51541,231247,0,1000,0,0,0,60,60
51542,231248,0,3000,51543,0,0,60,60
51543,231249,0,2000,51544,0,0,60,60
51544,231250,0,1000,0,0,0,60,60
51545,231252,0,1000,0,0,0,60,60
51546,231198,0,1000,51547,0,0,60,60
51547,231199,0,1000,51548,0,0,60,60
51548,231200,0,1000,51549,0,0,60,60
51549,231201,0,1000,51550,0,0,60,60
51550,231202,0,1000,51551,0,0,60,60
51551,231239,0,1000,0,0,0,60,60
51552,223952,0,6000,51553,0,0,60,60
51553,223954,0,6000,51554,0,0,60,60
51554,223956,0,1000,0,0,0,60,60
51555,226079,0,1000,0,0,0,60,60
51556,217898,0,1000,0,0,0,60,60
51557,226079,0,1000,51558,0,0,60,60
51558,226080,0,1000,51559,0,0,60,60
51559,226081,0,1000,51560,0,0,60,60
51560,226082,0,1000,51561,0,0,60,60
51561,226083,0,1000,0,0,0,60,60
51562,228426,0,1000,51563,0,0,60,60
51563,228427,0,1000,51564,0,0,60,60
51564,228428,0,1000,51565,0,0,60,60
51565,228429,0,1000,51566,0,0,60,60
51566,228431,0,1000,51567,0,0,60,60
51567,228430,0,1000,51568,0,0,60,60
51568,228432,0,1000,51569,0,0,60,60
51569,228433,0,1000,0,0,0,60,60
51570,231296,0,2000,51571,0,0,60,60
51571,231297,0,3000,51572,0,0,60,60
51572,231298,0,3000,0,0,0,60,60
51573,231299,0,3000,0,0,1,60,60
51574,231304,0,3000,0,0,0,60,60
51575,231305,0,1000,51576,0,0,60,60
51576,231303,0,1000,0,0,0,60,60
51577,230129,0,1000,0,0,0,60,60
51578,230131,0,1000,0,0,0,60,60
51579,0,0,1000,50818,0,0,60,60
51580,231320,0,2000,51594,0,0,60,60
51588,229914,0,0,0,0,0,60,60
51589,231335,0,1000,51590,0,0,60,60
51590,231338,0,0,0,0,0,60,60
51591,231334,0,1000,51592,0,0,60,60
51592,231336,0,0,51593,0,0,60,60
51593,231337,0,0,0,0,0,60,60
51594,231323,0,3000,0,0,0,60,60
51595,230133,0,1000,0,0,0,60,60
51596,230134,0,1000,0,0,0,60,60
51597,231344,0,3000,51598,0,0,60,60
51598,231345,0,0,0,0,0,60,60
51599,226133,0,1000,0,0,0,60,60
51600,231346,0,2000,51058,0,0,60,60
51601,0,0,1000,51600,0,0,60,60
51602,231347,0,1000,51603,0,0,60,60
51603,231348,0,1000,0,0,0,60,60
51604,231349,0,3000,0,0,0,60,60
51605,228865,0,1000,51606,0,0,60,60
51606,231351,0,1000,51611,0,0,60,60
51607,229809,0,1000,51608,0,0,60,60
51608,231367,0,2000,51620,0,0,60,60
51609,229260,0,2000,51610,0,0,60,60
51610,231356,0,1000,51616,0,0,60,60
51611,231350,0,1000,51612,0,0,60,60
51612,231352,0,1000,51613,0,0,60,60
51613,231353,0,1000,0,0,0,60,60
51614,231365,0,1000,51615,0,0,60,60
51615,231366,0,1000,51771,0,0,60,60
51616,231357,0,1000,51617,0,0,60,60
51617,231358,0,1000,51618,0,0,60,60
51618,231359,0,1000,51619,0,0,60,60
51619,231360,0,1000,0,0,0,60,60
51620,231368,0,2000,51621,0,0,60,60
51621,231369,0,1000,51622,0,0,60,60
51622,231370,0,2000,51623,0,0,60,60
51623,231371,0,1000,0,0,0,60,60
51624,231373,0,1000,51625,0,0,60,60
51625,231375,0,0,0,0,0,60,60
51626,231389,0,1000,0,0,0,60,60
51627,230145,0,1000,0,0,0,60,60
51628,230143,0,1000,0,0,0,60,60
51629,226566,0,3000,51632,0,0,60,60
51632,231390,0,1000,0,0,0,60,60
51633,226503,0,0,51634,0,2,60,60
51634,226510,0,1000,51635,0,0,60,60
51635,226514,0,-500,51655,0,0,60,60
51636,231398,0,0,0,0,0,60,60
51637,231401,0,1000,51638,0,0,60,60
51638,231402,0,1000,51639,0,0,60,60
51639,231403,0,1000,51640,0,0,60,60
51640,231404,0,1000,51641,0,0,60,60
51641,231405,0,1000,51642,0,0,60,60
51642,231406,0,1000,51643,0,0,60,60
51643,231407,0,1000,51644,0,0,60,60
51644,231408,0,1000,51645,0,0,60,60
51645,231409,0,0,0,0,0,60,60
51646,231412,0,1000,51647,0,0,60,60
51647,231413,0,1000,51648,0,0,60,60
51648,231414,0,1000,51649,0,0,60,60
51649,231415,0,1000,51650,0,0,60,60
51650,231417,0,1000,51651,0,0,60,60
51651,231418,0,1000,51652,0,0,60,60
51652,231419,0,1000,51653,0,0,60,60
51653,231420,0,1000,51654,0,0,60,60
51654,231421,0,0,0,0,0,60,60
51655,231423,0,2000,51636,0,2,60,60
51656,231436,0,1000,51657,0,0,60,60
51657,231442,0,1000,51658,0,0,60,60
51658,231444,0,1000,51659,0,0,60,60
51659,231445,0,1000,51660,0,0,60,60
51660,231446,0,1000,51661,0,0,60,60
51661,231447,0,1000,51662,0,0,60,60
51662,231448,0,1000,51663,0,0,60,60
51663,231449,0,1000,51664,0,0,60,60
51664,231450,0,0,0,0,0,60,60
51665,231452,0,1000,51666,0,0,60,60
51666,231453,0,1000,51667,0,0,60,60
51667,231455,0,1000,51668,0,0,60,60
51668,231456,0,1000,51669,0,0,60,60
51669,231457,0,1000,51670,0,0,60,60
51670,231458,0,1000,51671,0,0,60,60
51671,231459,0,0,0,0,0,60,60
51672,231428,0,7000,50606,0,0,60,60
51673,231430,0,2000,51674,0,0,60,60
51674,231435,0,2000,51675,0,0,60,60
51675,231443,0,2000,50605,0,0,60,60
51676,0,0,1000,50701,0,0,60,60
51677,231465,0,1000,51678,0,0,60,60
51678,231468,0,1000,51679,0,0,60,60
51679,231469,0,1000,51680,0,0,60,60
51680,231470,0,1000,51681,0,0,60,60
51681,231471,0,1000,51682,0,0,60,60
51682,231472,0,1000,51683,0,0,60,60
51683,231473,0,1000,51684,0,0,60,60
51684,231475,0,1000,51685,0,0,60,60
51685,231474,0,0,0,0,0,60,60
51686,231482,0,1000,0,0,0,60,60
51687,231483,0,1000,0,0,0,60,60
51688,231484,0,1000,0,0,0,60,60
51689,231476,0,1000,51690,0,0,60,60
51690,231477,0,1000,51691,0,0,60,60
51691,231479,0,1000,51692,0,0,60,60
51692,231480,0,1000,51693,0,0,60,60
51693,231481,0,1000,51694,0,0,60,60
51694,231485,0,1000,51695,0,0,60,60
51695,231486,0,1000,51696,0,0,60,60
51696,231488,0,0,0,0,0,60,60
51697,231489,0,1000,51769,0,0,60,60
51698,231490,0,1000,51699,0,0,60,60
51699,231491,0,1000,51700,0,0,60,60
51700,231492,0,1000,51701,0,0,60,60
51701,231493,0,1000,51702,0,0,60,60
51702,231494,0,1000,51703,0,0,60,60
51703,231495,0,1000,51770,0,0,60,60
51704,231496,0,1000,51705,0,0,60,60
51705,231497,0,0,0,0,0,60,60
51706,231498,0,1000,51707,0,0,60,60
51707,231499,0,1000,51708,0,0,60,60
51708,231500,0,1000,51709,0,0,60,60
51709,231501,0,1000,51710,0,0,60,60
51710,231502,0,1000,51711,0,0,60,60
51711,231503,0,0,0,0,0,60,60
51712,0,0,3000,51713,0,0,60,60
51713,231514,0,3000,0,0,0,60,60
51714,226578,0,2000,49491,0,0,60,60
51715,0,0,3000,51599,0,0,60,60
51716,231525,0,1000,51717,0,0,60,60
51717,231526,0,1000,0,0,0,60,60
51718,0,0,1000,51716,0,0,60,60
51719,231631,0,1000,51720,0,0,60,60
51720,231553,0,1000,51735,0,0,60,60
51721,0,0,1000,51045,0,0,60,60
51722,229815,0,0,51723,0,0,60,60
51723,229816,0,0,0,0,0,60,60
51724,231539,0,1000,0,0,0,60,60
51725,231536,0,1000,50942,0,0,60,60
51726,0,0,3000,46647,0,0,60,60
51727,231544,0,2000,51729,0,0,60,60
51728,148620,0,1000,0,0,1,60,60
51729,231546,0,1000,51730,0,0,60,60
51730,231547,0,0,0,0,0,60,60
51731,148625,0,1000,0,0,1,60,60
51732,231550,0,1000,51733,0,0,60,60
51733,231549,0,2000,51734,0,0,60,60
51734,231551,0,2000,52269,0,0,60,60
51735,231554,0,1000,51736,0,0,60,60
51736,231555,0,1000,51737,0,0,60,60
51737,231556,0,1000,51738,0,0,60,60
51738,231557,0,1000,0,0,0,60,60
51741,231563,0,2000,51748,0,0,60,60
51742,223428,0,1000,0,0,0,60,60
51743,223430,0,1000,0,0,0,60,60
51744,223431,0,1000,0,0,0,60,60
51745,0,0,0,0,0,0,60,60
51746,231567,0,2000,0,0,0,60,60
51747,231568,0,2000,0,0,0,60,60
51748,231564,0,1000,51749,0,0,60,60
51749,231565,0,1000,51756,0,0,60,60
51750,231552,0,1000,51751,0,0,60,60
51751,231627,0,1000,51752,0,0,60,60
51752,231628,0,1000,0,0,0,60,60
51755,231580,0,0,51757,0,1,60,60
51756,231581,0,1000,51755,0,0,60,60
51757,231582,0,0,0,0,0,60,60
51758,231583,0,1000,51759,0,0,60,60
51759,231585,0,1000,51760,0,0,60,60
51760,231586,0,1000,51761,0,0,60,60
51761,231587,0,1000,0,0,0,60,60
51762,231069,0,3000,51745,0,0,60,60
51763,231601,0,2000,51764,0,0,60,60
51764,231602,0,2000,51766,0,0,60,60
51765,231603,0,2000,0,0,0,60,60
51766,231604,0,0,51765,0,0,60,60
51767,231391,0,1000,0,0,0,60,60
51768,231622,0,0,0,0,0,60,60
51769,231624,0,1000,51698,0,0,60,60
51770,231623,0,1000,51704,0,0,60,60
51771,231626,0,1000,0,0,0,60,60
51772,231655,0,3000,51773,0,0,60,60
51773,231656,0,0,0,0,0,60,60
51774,223418,0,5000,0,0,0,60,60
51775,223420,0,5000,0,0,0,60,60
51776,229761,0,1000,51777,0,0,60,60
51777,231676,0,1000,52386,0,0,60,60
51778,231679,0,1000,0,0,0,60,60
51779,225928,0,1000,0,0,1,60,60
51780,231691,0,2000,51781,0,0,60,60
51781,231692,0,1000,51782,0,0,60,60
51782,231696,0,2000,49864,0,0,60,60
51783,0,0,0,0,0,0,60,60
51784,231700,0,1000,0,0,0,60,60
51785,0,0,0,0,0,0,60,60
51786,0,0,0,0,0,0,60,60
51787,0,0,0,0,0,0,60,60
51788,0,0,0,0,0,0,60,60
51789,0,0,0,0,0,0,60,60
51790,0,0,0,0,0,0,60,60
51791,0,0,0,0,0,0,60,60
51792,223419,0,5000,0,0,0,60,60
51793,223421,0,5000,0,0,0,60,60
51796,223418,0,5000,0,0,0,60,60
51797,223420,0,5000,0,0,0,60,60
51798,230307,0,0,0,0,0,60,60
51799,219402,0,5000,51800,0,0,60,60
51800,231810,0,2000,51801,0,0,60,60
51801,219403,0,2000,0,0,0,60,60
51802,231720,0,1000,51803,0,0,60,60
51803,231722,0,1000,0,0,0,60,60
51804,231728,0,0,0,0,0,60,60
51806,231729,0,0,0,0,0,60,60
51807,231730,0,0,0,0,0,60,60
51808,231731,0,0,0,0,0,60,60
51809,231733,0,0,0,0,0,60,60
51810,0,0,0,0,0,0,60,60
51811,231743,0,0,51812,0,0,60,60
51812,231740,0,0,51813,0,0,60,60
51813,231745,0,0,51814,0,0,60,60
51814,231744,0,0,51815,0,0,60,60
51815,231742,0,0,51816,0,0,60,60
51816,231741,0,0,51810,0,0,60,60
51818,223419,0,5000,0,0,0,60,60
51819,223421,0,5000,0,0,0,60,60
51820,219401,0,2000,51799,0,0,60,60
51821,231814,0,1000,52097,0,0,60,60
51822,231813,0,3000,51823,0,0,60,60
51823,231815,0,3000,51824,0,0,60,60
51824,231816,0,3000,51825,0,0,60,60
51825,231817,0,3000,51826,0,0,60,60
51826,231818,0,3000,51827,0,0,60,60
51827,231819,0,4000,51828,0,2,60,60
51828,231820,0,2000,51829,0,0,60,60
51829,231821,0,2000,51830,0,0,60,60
51830,231822,0,0,0,0,0,60,60
51833,231324,0,3000,51834,0,0,60,60
51834,231326,0,2000,51835,0,0,60,60
51835,231325,0,2000,51836,0,0,60,60
51836,231327,0,3000,51838,0,0,60,60
51837,231824,0,5000,51822,0,0,60,60
51838,231858,0,2000,51839,0,0,60,60
51839,231859,0,3000,0,0,0,60,60
51840,231891,0,1000,51841,0,0,60,60
51841,231892,0,1000,0,0,0,60,60
51843,231216,0,3000,51844,0,0,60,60
51844,231232,0,3000,0,0,0,60,60
51845,230644,0,2000,51846,0,0,60,60
51846,231884,0,2000,0,0,0,60,60
51847,231210,0,3000,51848,0,0,60,60
51848,231211,0,4000,51849,0,0,60,60
51849,231212,0,10000,0,0,0,60,60
51850,231912,0,1000,0,0,0,60,60
51852,231914,0,1000,51853,0,0,60,60
51853,231915,0,1000,51854,0,0,60,60
51854,231916,0,1000,51865,0,0,60,60
51855,231918,0,1639,51856,0,0,60,60
51856,231919,0,1500,51857,0,2,60,60
51857,231920,0,2122,0,0,0,60,60
51858,229597,0,1000,0,26146,0,60,60
51859,229601,0,1000,0,26146,0,60,60
51860,223423,0,1000,0,0,0,60,60
51861,223422,0,1000,0,0,0,60,60
51862,231929,0,0,51863,0,0,60,60
51863,231930,0,1000,0,0,0,60,60
51864,231931,0,1000,51155,0,0,60,60
51865,231934,0,1000,0,0,0,60,60
51866,0,0,500,51864,0,0,60,60
51867,0,0,1000,47872,0,0,60,60
51868,232006,0,2000,51869,0,0,60,60
51869,232007,0,3000,51870,0,0,60,60
51870,232010,0,2000,0,0,0,60,60
51871,232011,0,1000,51872,0,1,60,60
51872,232012,0,0,0,0,1,60,60
51873,232013,0,3000,0,0,0,60,60
51874,0,0,0,47843,0,0,60,60
51875,0,0,0,47839,0,0,60,60
51876,0,0,0,47784,0,0,60,60
51877,0,0,0,47845,0,0,60,60
51878,232014,0,2000,51879,0,0,60,60
51879,232015,0,2000,51880,0,0,60,60
51880,232016,0,2000,51881,0,0,60,60
51881,232017,0,1000,0,0,0,60,60
51882,232021,0,1000,51883,0,0,60,60
51883,232022,0,2000,51884,0,0,60,60
51884,232023,0,2000,51885,0,0,60,60
51885,232024,0,3000,51886,0,0,60,60
51886,232025,0,2000,51887,0,0,60,60
51887,232026,0,2000,51888,0,0,60,60
51888,232028,0,1000,0,0,0,60,60
51889,232029,0,2000,51890,0,0,60,60
51890,232030,0,2000,51891,0,0,60,60
51891,232031,0,3000,51892,0,0,60,60
51892,232032,0,2000,51893,0,0,60,60
51893,232033,0,0,0,0,0,60,60
51894,232034,0,1000,51895,0,0,60,60
51895,232035,0,0,0,0,0,60,60
51896,232037,0,2000,51897,0,0,60,60
51897,232038,0,4000,51898,0,0,60,60
51898,232039,0,1000,0,0,0,60,60
51899,232042,0,1000,0,0,0,60,60
51900,232043,0,1000,0,0,0,60,60
51901,232044,0,1000,0,0,0,60,60
51902,232081,0,0,0,0,0,60,60
51903,232082,0,2000,51904,0,0,60,60
51904,232083,0,3000,51905,0,0,60,60
51905,232084,0,2000,51906,0,0,60,60
51906,232085,0,3000,51907,0,0,60,60
51907,232112,0,2000,51908,0,0,60,60
51908,232114,0,2000,51909,0,0,60,60
51909,232116,0,3000,51910,0,0,60,60
51910,232117,0,0,0,0,0,60,60
51911,232187,0,500,51912,0,0,60,60
51912,232182,0,3000,51913,0,0,60,60
51913,232183,0,2000,51914,0,0,60,60
51914,232188,0,2000,51915,0,0,60,60
51915,232185,0,2000,51916,0,0,60,60
51916,232189,0,3000,51917,0,0,60,60
51917,232190,0,1000,0,0,0,60,60
51920,232207,0,1000,51921,0,0,60,60
51921,232208,0,0,0,0,0,60,60
51922,232216,0,2000,51923,0,0,60,60
51923,232214,0,2000,51924,0,1,60,60
51924,232220,0,2000,51931,0,2,60,60
51925,232215,0,1000,51926,0,0,60,60
51926,232219,0,1000,51927,0,0,60,60
51927,232217,0,1000,0,0,0,60,60
51928,224798,0,1000,0,0,1,60,60
51929,224801,0,1000,0,0,1,60,60
51930,224805,0,1000,0,0,1,60,60
51931,232225,0,1000,0,0,0,60,60
51932,225078,0,1000,0,0,1,60,60
51933,225076,0,1000,0,0,1,60,60
51934,225079,0,1000,0,0,1,60,60
51935,225075,0,1000,0,0,1,60,60
51936,225171,0,1000,0,0,1,60,60
51937,225169,0,1000,0,0,1,60,60
51938,225174,0,1000,0,0,1,60,60
51939,225177,0,1000,0,0,1,60,60
51940,232262,0,0,51941,0,0,60,60
51941,232263,0,1000,0,0,0,60,60
51942,232257,0,0,0,0,0,60,60
51943,232258,0,0,0,0,0,60,60
51944,232259,0,0,51945,0,0,60,60
51945,232260,0,0,0,0,0,60,60
51946,232261,0,0,0,0,0,60,60
51947,232264,0,1000,51948,0,0,60,60
51948,232265,0,0,51949,0,0,60,60
51949,232266,0,0,0,0,0,60,60
51950,232297,0,0,0,0,0,60,60
51952,232296,0,0,0,0,0,60,60
51953,0,0,1000,49819,0,0,60,60
51954,232310,0,1000,51955,0,0,60,60
51955,232315,0,3000,51956,0,0,60,60
51956,232317,0,0,0,0,0,60,60
51957,232312,0,1000,51958,0,0,60,60
51958,232315,0,3000,51959,0,0,60,60
51959,232317,0,0,0,0,0,60,60
51960,232313,0,1000,51961,0,0,60,60
51961,232315,0,3000,51962,0,0,60,60
51962,232317,0,0,0,0,0,60,60
51963,232311,0,1000,51964,0,0,60,60
51964,232315,0,3000,51965,0,0,60,60
51965,232317,0,0,0,0,0,60,60
51966,232314,0,1000,51967,0,0,60,60
51967,232315,0,3000,51968,0,0,60,60
51968,232317,0,0,0,0,0,60,60
51971,232345,0,1000,51972,0,0,60,60
51972,232346,0,1000,51973,0,0,60,60
51973,232347,0,0,51975,0,0,60,60
51975,232350,0,2000,51976,0,0,60,60
51976,232332,0,1000,0,0,0,60,60
51977,232352,0,1000,51978,0,0,60,60
51978,232353,0,1000,51979,0,0,60,60
51979,232354,0,1000,51980,0,0,60,60
51980,232355,0,1000,0,0,0,60,60
51981,232356,0,1000,51982,0,0,60,60
51982,232357,0,0,0,0,0,60,60
51983,231167,0,1000,51984,0,0,60,60
51984,231168,0,1000,52098,0,0,60,60
51986,229922,0,3000,51987,0,0,60,60
51987,229923,0,2000,52009,0,0,60,60
51988,229923,0,3000,51989,0,0,60,60
51989,229924,0,2000,51990,0,0,60,60
51990,229925,0,2000,0,0,2,60,60
51994,232364,0,0,0,0,0,60,60
51995,232360,0,2000,51996,0,0,60,60
51996,232361,0,2000,51997,0,0,60,60
51997,232362,0,2000,51998,0,0,60,60
51998,232363,0,2000,51999,0,0,60,60
51999,232365,0,2000,52210,0,0,60,60
52000,232368,0,0,52001,0,0,60,60
52001,232369,0,0,0,0,0,60,60
52002,232371,0,2000,52003,0,0,60,60
52003,232374,0,2000,52004,0,0,60,60
52004,232375,0,2000,52005,0,0,60,60
52005,232376,0,2000,52006,0,0,60,60
52006,232377,0,2000,0,0,0,60,60
52007,229921,0,2000,0,0,0,60,60
52009,229924,0,2000,0,0,0,60,60
52011,225417,0,1000,0,0,0,60,60
52012,232409,0,1000,0,0,0,60,60
52013,226309,0,1000,52014,0,0,60,60
52014,226310,0,1000,52015,0,0,60,60
52015,226311,0,1000,52016,0,0,60,60
52016,226312,0,1000,52017,0,0,60,60
52017,226313,0,1000,52018,0,0,60,60
52018,226314,0,1000,52019,0,0,60,60
52019,226315,0,1000,52020,0,0,60,60
52020,226316,0,0,0,0,0,60,60
52021,232414,0,2000,52022,0,0,60,60
52022,0,0,0,0,0,0,60,60
52023,232419,0,2000,0,0,0,60,60
52024,232421,0,2000,0,0,0,60,60
52025,232422,0,2000,0,0,0,60,60
52026,232423,0,2000,0,0,0,60,60
52027,232427,0,2000,0,0,0,60,60
52028,232433,0,2000,0,0,0,60,60
52029,232434,0,2000,0,0,0,60,60
52030,232435,0,2000,0,0,0,60,60
52031,232445,0,2000,52032,0,0,60,60
52032,232446,0,0,0,0,0,60,60
52033,232448,0,2000,52034,0,0,60,60
52034,232449,0,0,0,0,0,60,60
52035,232412,0,1000,52036,0,0,60,60
52036,232450,0,5000,52037,0,0,60,60
52037,232451,0,15000,52038,0,0,60,60
52038,232454,0,1000,0,0,0,60,60
52039,232372,0,1000,52040,0,0,60,60
52040,232373,0,5000,52041,0,0,60,60
52041,232469,0,1000,0,0,0,60,60
52042,229926,0,3000,52043,0,0,60,60
52043,229927,0,2000,0,0,0,60,60
52045,0,0,0,52042,0,0,60,60
52046,230082,0,0,52645,0,0,60,60
52047,230089,0,2000,52048,0,0,60,60
52048,230090,0,3000,52049,0,0,60,60
52049,230091,0,2000,0,0,0,60,60
52058,230092,0,2000,52059,0,0,60,60
52059,230093,0,2000,52060,0,2,60,60
52060,230094,0,2000,0,0,0,60,60
52066,230096,0,1000,52067,0,0,60,60
52067,230098,0,1000,52537,0,0,60,60
52071,230100,0,0,52072,0,0,60,60
52072,230101,0,0,0,0,0,60,60
52073,232505,0,7000,52074,0,0,60,60
52074,232507,0,5000,52075,0,0,60,60
52075,232506,0,5000,52076,0,0,60,60
52076,232509,0,0,0,0,0,60,60
52077,0,0,0,0,0,0,60,60
52078,232457,0,0,0,0,0,60,60
52079,232458,0,1000,0,0,0,60,60
52080,232530,0,1000,0,0,0,60,60
52081,232513,0,0,0,0,0,60,60
52082,232518,0,0,0,0,0,60,60
52083,232464,0,0,0,0,0,60,60
52084,232456,0,0,0,0,0,60,60
52085,232465,0,0,0,0,0,60,60
52086,232517,0,0,0,0,0,60,60
52087,232467,0,0,0,0,0,60,60
52088,232458,0,0,0,0,0,60,60
52089,232468,0,0,0,0,0,60,60
52090,232516,0,0,0,0,0,60,60
52091,232459,0,0,0,0,0,60,60
52092,232514,0,0,0,0,0,60,60
52093,232515,0,0,0,0,0,60,60
52094,0,0,0,0,0,0,60,60
52095,0,0,0,0,0,0,60,60
52096,0,0,0,0,0,0,60,60
52097,232533,0,1000,0,0,0,60,60
52098,232550,0,1000,52323,0,0,60,60
52099,232553,0,1000,52100,0,0,60,60
52100,232554,0,1000,0,0,0,60,60
52101,232562,0,1000,52102,0,0,60,60
52102,232564,0,1000,52103,0,0,60,60
52103,232565,0,1000,52128,0,0,60,60
52104,232573,0,1000,52105,0,0,60,60
52105,232574,0,1000,52106,0,0,60,60
52106,232575,0,1000,0,0,0,60,60
52107,232576,0,1000,52108,0,0,60,60
52108,232577,0,1000,52109,0,0,60,60
52109,232578,0,1000,52110,0,0,60,60
52110,232579,0,1000,52111,0,0,60,60
52111,232580,0,1000,52350,0,0,60,60
52112,232582,0,1000,52113,0,0,60,60
52113,232581,0,1000,52114,0,0,60,60
52114,232583,0,1000,0,0,0,60,60
52115,232589,0,3000,52116,0,0,60,60
52116,232590,0,500,52117,0,0,60,60
52117,232591,0,2000,52118,0,0,60,60
52118,232592,0,1500,0,0,0,60,60
52121,232595,0,2000,52122,0,0,60,60
52122,232596,0,1000,52123,0,0,60,60
52123,232597,0,3000,52124,0,0,60,60
52124,232598,0,1000,52125,0,0,60,60
52125,232599,0,3000,52126,0,0,60,60
52126,232600,0,0,52127,0,0,60,60
52127,232601,0,0,0,0,0,60,60
52128,232603,0,1000,0,0,0,60,60
52129,232602,0,0,52130,0,0,60,60
52130,232605,0,0,52131,0,0,60,60
52131,232604,0,0,0,0,0,60,60
52132,232606,0,0,52133,0,0,60,60
52133,232607,0,0,52134,0,0,60,60
52134,232608,0,0,52135,0,0,60,60
52135,232609,0,0,52136,0,0,60,60
52136,232610,0,0,0,0,2,60,60
52137,232616,0,1000,52138,0,0,60,60
52138,232617,0,1000,0,0,0,60,60
52139,232618,0,1000,52140,0,0,60,60
52140,232619,0,1000,52141,0,0,60,60
52141,232620,0,1000,0,0,0,60,60
52144,232611,0,1000,52145,0,0,60,60
52145,232612,0,2000,52146,0,0,60,60
52146,232613,0,1000,52147,0,0,60,60
52147,232625,0,0,0,0,0,60,60
52152,232626,0,1000,52153,0,0,60,60
52153,232627,0,0,52154,0,0,60,60
52154,232628,0,2000,52155,0,0,60,60
52155,232629,0,3000,52156,0,0,60,60
52156,232630,0,2000,52157,0,0,60,60
52157,232631,0,2000,52158,0,0,60,60
52158,232632,0,2000,52159,0,0,60,60
52159,232633,0,2000,52160,0,0,60,60
52160,232634,0,0,52161,0,0,60,60
52161,232635,0,0,0,0,0,60,60
52162,232636,0,2000,52163,0,0,60,60
52163,232637,0,2000,52164,0,0,60,60
52164,232639,0,1000,52165,0,0,60,60
52165,232640,0,0,52166,0,0,60,60
52166,232640,0,2000,52167,0,0,60,60
52167,232641,0,2000,52168,0,0,60,60
52168,232642,0,2000,52169,0,0,60,60
52169,232643,0,1000,52170,0,0,60,60
52170,232644,0,0,52171,0,0,60,60
52171,232645,0,1000,52172,0,0,60,60
52172,232646,0,2000,52173,0,0,60,60
52173,232647,0,0,52174,0,0,60,60
52174,232648,0,0,0,0,0,60,60
52175,232649,0,2000,52176,0,0,60,60
52176,232650,0,0,52177,0,0,60,60
52177,232651,0,1000,52178,0,0,60,60
52178,232652,0,3000,52179,0,0,60,60
52179,232653,0,2000,52180,0,0,60,60
52180,232654,0,3000,52181,0,0,60,60
52181,232655,0,2000,52182,0,0,60,60
52182,232658,0,3000,52183,0,0,60,60
52183,232662,0,3000,52184,0,0,60,60
52184,232663,0,2000,52185,0,0,60,60
52185,232664,0,2000,52186,0,0,60,60
52186,232665,0,0,52187,0,0,60,60
52187,232665,0,0,0,0,0,60,60
52188,232593,0,3000,52189,0,0,60,60
52189,232594,0,2000,52190,0,0,60,60
52190,232668,0,2000,0,0,0,60,60
52191,224129,0,1000,52192,0,0,60,60
52192,224133,0,1000,52193,0,0,60,60
52193,225882,0,1000,52194,0,0,60,60
52194,224134,0,1000,52195,0,0,60,60
52195,225888,0,1000,0,0,0,60,60
52196,232672,0,1000,52197,0,0,60,60
52197,232673,0,0,52198,0,0,60,60
52198,232674,0,0,52199,0,0,60,60
52199,232675,0,0,0,0,0,60,60
52200,223876,0,1000,52201,0,0,60,60
52201,223890,0,1000,52202,0,0,60,60
52202,223889,0,1000,52203,0,0,60,60
52203,223892,0,1000,52204,0,0,60,60
52204,223893,0,1000,0,0,0,60,60
52205,219174,0,1000,0,0,0,60,60
52206,232682,0,0,52207,0,0,60,60
52207,232683,0,1000,0,0,0,60,60
52208,221586,0,1000,0,0,0,60,60
52209,232695,0,1000,0,0,2,60,60
52210,232698,0,1000,0,0,0,60,60
52211,232702,0,1000,52634,0,0,60,60
52212,232703,0,1000,52213,0,0,60,60
52213,232704,0,1000,52214,0,0,60,60
52214,232705,0,1000,52215,0,0,60,60
52215,232706,0,1000,0,0,0,60,60
52216,232699,0,2000,52217,0,0,60,60
52217,232707,0,1000,52218,0,0,60,60
52218,232700,0,1000,52219,0,0,60,60
52219,232708,0,1000,52220,0,0,60,60
52220,232711,0,2000,52221,0,0,60,60
52221,232712,0,2000,0,0,0,60,60
52222,232713,0,1000,52223,0,0,60,60
52223,232714,0,1000,52224,0,0,60,60
52224,232715,0,1000,52225,0,0,60,60
52225,232716,0,1000,52226,0,0,60,60
52226,232717,0,1000,52636,0,0,60,60
52227,0,0,1000,48311,0,0,60,60
52228,232722,0,0,0,0,0,60,60
52229,0,0,1000,52228,0,0,60,60
52230,232723,0,1000,52231,0,0,60,60
52231,232724,0,1000,52232,0,0,60,60
52232,232725,0,1000,52233,0,0,60,60
52233,232726,0,1000,52638,0,0,60,60
52234,232727,0,1000,0,0,0,60,60
52235,232730,0,1000,52236,0,0,60,60
52236,232731,0,1000,52237,0,0,60,60
52237,232732,0,1000,52238,0,0,60,60
52238,232733,0,1000,52239,0,0,60,60
52239,232734,0,1000,52240,0,0,60,60
52240,232736,0,1000,52241,0,0,60,60
52241,232735,0,1000,0,0,0,60,60
52242,232737,0,2000,52243,0,0,60,60
52243,232738,0,2000,52244,0,0,60,60
52244,232739,0,2000,52245,0,0,60,60
52245,232740,0,2000,52246,0,0,60,60
52246,232741,0,2000,52247,0,0,60,60
52247,232742,0,3000,52248,0,0,60,60
52248,232743,0,2000,52249,0,0,60,60
52249,232744,0,2000,0,0,0,60,60
52250,232754,0,2000,52251,0,0,60,60
52251,232755,0,2000,0,0,0,60,60
52252,0,0,2000,47934,0,0,60,60
52253,0,0,2000,47944,0,0,60,60
52256,229884,0,3000,50788,0,0,60,60
52257,229884,0,0,52258,0,0,60,60
52258,230082,0,0,0,0,0,60,60
52259,229887,0,1000,52257,0,0,60,60
52261,232766,0,1000,0,0,0,60,60
52262,225146,0,0,48923,0,0,60,60
52263,232785,0,1000,52264,0,0,60,60
52264,232786,0,1000,52667,0,0,60,60
52265,232787,0,1000,52266,0,0,60,60
52266,0,0,5000,46693,0,0,60,60
52267,225947,0,1000,0,0,1,60,60
52268,0,0,1000,52263,0,0,60,60
52269,0,0,0,51741,0,0,60,60
52270,226826,0,0,0,0,3,60,60
52271,226829,0,0,0,0,3,60,60
52272,226830,0,0,0,0,3,60,60
52273,0,0,2000,52274,0,0,60,60
52274,226831,0,0,0,0,3,60,60
52275,226832,0,0,52276,0,3,60,60
52276,0,0,1000,52277,0,0,60,60
52277,226833,0,0,0,0,3,60,60
52288,232087,0,1000,0,0,3,60,60
52289,232088,0,1000,0,0,3,60,60
52290,232089,0,1000,0,0,3,60,60
52291,232090,0,1000,0,0,3,60,60
52292,232091,0,1000,0,0,3,60,60
52293,232155,0,1000,0,0,3,60,60
52294,232858,0,0,0,0,0,60,60
52295,232860,0,0,0,0,0,60,60
52296,232861,0,0,0,0,0,60,60
52297,232864,0,0,0,0,0,60,60
52298,232859,0,0,0,0,0,60,60
52299,232857,0,0,0,0,0,60,60
52300,232865,0,0,0,0,0,60,60
52301,232862,0,1000,0,0,0,60,60
52302,232863,0,1000,0,0,0,60,60
52303,232866,0,1000,0,0,0,60,60
52304,229888,0,1000,50790,0,0,60,60
52306,224284,0,0,0,0,0,60,60
52307,232882,0,1000,0,0,0,60,60
52308,232883,0,0,0,0,0,60,60
52309,232884,0,1000,0,0,0,60,60
52310,232874,0,1000,52311,0,0,60,60
52311,232875,0,1000,52312,0,0,60,60
52312,232876,0,1000,52313,0,0,60,60
52313,232877,0,1000,52314,0,0,60,60
52314,232878,0,1000,0,0,0,60,60
52315,232885,0,1000,0,0,0,60,60
52316,232887,0,1000,0,0,0,60,60
52317,232891,0,1000,52318,0,0,60,60
52318,232892,0,1000,52319,0,0,60,60
52319,232893,0,1000,52320,0,0,60,60
52320,232894,0,1000,52321,0,0,60,60
52321,232896,0,1000,52641,0,0,60,60
52322,232897,0,1000,0,0,0,60,60
52323,232900,0,1000,0,0,0,60,60
52326,232910,0,1000,0,0,0,60,60
52327,232911,0,1000,0,0,0,60,60
52328,232912,0,1000,0,0,0,60,60
52329,232913,0,1000,0,0,0,60,60
52330,232914,0,1000,0,0,0,60,60
52331,232915,0,1000,0,0,0,60,60
52332,232916,0,1000,0,0,0,60,60
52333,223962,0,1000,52334,0,0,60,60
52334,223963,0,1000,52335,0,0,60,60
52335,223964,0,1000,52336,0,0,60,60
52336,223965,0,1000,52337,0,0,60,60
52337,223966,0,1000,0,0,0,60,60
52338,223976,0,2000,52339,0,0,60,60
52339,223977,0,1000,0,0,0,60,60
52340,224009,0,1000,0,0,1,60,60
52341,224128,0,1000,0,0,1,60,60
52342,224105,0,6000,52343,0,0,60,60
52343,224106,0,3500,52344,0,0,60,60
52344,224107,0,4000,52345,0,0,60,60
52345,224108,0,3000,52346,0,0,60,60
52346,224109,0,4000,0,0,0,60,60
52347,224118,0,1000,52348,0,0,60,60
52348,224123,0,1000,52349,0,0,60,60
52349,224124,0,1000,0,0,0,60,60
52350,232925,0,1000,0,0,0,60,60
52351,232932,0,1000,0,0,0,60,60
52352,224028,0,5000,52353,0,0,60,60
52353,224029,0,1000,0,0,0,60,60
52354,224030,0,1000,52355,0,0,60,60
52355,224031,0,1000,0,0,0,60,60
52356,224032,0,1000,52357,0,0,60,60
52357,224033,0,1000,0,0,0,60,60
52358,225245,0,1000,52359,0,0,60,60
52359,225079,0,1000,0,0,0,60,60
52360,224024,0,2000,52361,0,0,60,60
52361,224027,0,1000,0,0,0,60,60
52362,224036,0,500,52363,0,0,60,60
52363,224037,0,0,52364,0,1,60,60
52364,224041,0,1000,0,0,1,60,60
52368,224040,0,500,52369,0,0,60,60
52369,224038,0,1000,52370,0,1,60,60
52370,224039,0,0,0,0,0,60,60
52371,232941,0,1000,0,0,0,60,60
52372,232942,0,1000,52373,0,0,60,60
52373,232943,0,1000,52374,0,0,60,60
52374,232944,0,1000,52375,0,0,60,60
52375,232945,0,1000,52376,0,0,60,60
52376,232946,0,1000,52377,0,0,60,60
52377,232947,0,1000,52541,0,0,60,60
52379,224085,0,1000,0,0,0,60,60
52380,226640,0,2000,52381,0,1,60,60
52381,226641,0,0,0,0,1,60,60
52382,232950,0,1000,0,0,0,60,60
52383,232951,0,1000,0,0,0,60,60
52384,232964,0,1000,0,0,0,60,60
52385,232967,0,1000,0,0,0,60,60
52386,232968,0,2000,0,0,0,60,60
52387,232973,0,1000,0,0,0,60,60
52388,232974,0,1000,0,0,0,60,60
52390,0,0,1000,47252,0,0,60,60
52391,218058,0,3000,52392,0,0,60,60
52392,218935,0,1000,0,0,0,60,60
52393,232982,0,1000,0,0,0,60,60
52396,229919,0,3000,52397,0,0,60,60
52397,229920,0,2000,52398,0,0,60,60
52398,229921,0,2000,52399,0,0,60,60
52399,229922,0,3000,52400,0,0,60,60
52400,229923,0,2000,52401,0,0,60,60
52401,229924,0,2000,52402,0,0,60,60
52402,229925,0,2000,52403,0,2,60,60
52403,229926,0,3000,52404,0,0,60,60
52404,229927,0,2000,0,0,0,60,60
52405,225950,0,1000,51510,0,1,60,60
52406,225993,0,1000,52407,0,1,60,60
52407,225995,0,1000,0,0,1,60,60
52408,225993,0,1000,52409,0,1,60,60
52409,225995,0,1000,0,0,1,60,60
52410,233016,0,0,0,0,0,60,60
52411,229888,0,500,52046,0,0,60,60
52412,233019,0,1000,0,0,0,60,60
52413,233020,0,1000,0,0,0,60,60
52414,233021,0,1000,0,0,0,60,60
52415,233022,0,1000,0,0,0,60,60
52416,233023,0,1000,0,0,0,60,60
52417,233024,0,1000,52418,0,0,60,60
52418,233025,0,1000,52419,0,0,60,60
52419,233026,0,1000,0,0,0,60,60
52421,233028,0,3000,52422,0,0,60,60
52422,233029,0,3000,52423,0,0,60,60
52423,233030,0,3000,52424,0,0,60,60
52424,233031,0,3000,52425,0,0,60,60
52425,233032,0,3000,52426,0,0,60,60
52426,233033,0,3000,52427,0,0,60,60
52427,233034,0,3000,52428,0,2,60,60
52428,233035,0,3000,52429,0,0,60,60
52429,233036,0,3000,52430,0,0,60,60
52430,233037,0,3000,0,0,0,60,60
52432,233038,0,3000,52433,0,0,60,60
52433,233039,0,3000,52434,0,0,60,60
52434,233040,0,3000,52435,0,0,60,60
52435,233041,0,3000,52436,0,0,60,60
52436,233042,0,3000,52437,0,0,60,60
52437,233043,0,3000,52438,0,0,60,60
52438,233044,0,3000,52439,0,0,60,60
52439,233045,0,3000,52440,0,0,60,60
52440,233046,0,3000,52441,0,0,60,60
52441,233047,0,3000,52442,0,0,60,60
52442,233048,0,3000,0,0,0,60,60
52443,223996,0,1000,52444,0,0,60,60
52444,223997,0,1000,52445,0,0,60,60
52445,223998,0,1000,0,0,0,60,60
52446,224000,0,4000,52447,0,0,60,60
52447,224001,0,4000,52448,0,0,60,60
52448,224002,0,4000,52449,0,0,60,60
52449,224003,0,1000,0,0,0,60,60
52450,224007,0,1000,0,0,0,60,60
52452,224005,0,1000,52450,0,0,60,60
52454,224059,0,1000,52455,0,0,60,60
52455,224060,0,1000,0,0,0,60,60
52460,233058,0,1000,0,0,0,60,60
52471,233082,0,1000,0,0,0,60,60
52477,225752,0,0,52478,0,0,60,60
52478,225239,0,3000,0,0,0,60,60
52481,225950,0,0,52482,0,0,60,60
52482,223042,0,3000,0,0,0,60,60
52483,233077,0,1000,52484,0,1,60,60
52484,233073,0,1000,52485,0,0,60,60
52485,233075,0,1000,52486,0,0,60,60
52486,233084,0,1000,52487,0,0,60,60
52487,233086,0,1000,52488,0,0,60,60
52488,233088,0,1000,52489,0,0,60,60
52489,233089,0,1000,52490,0,0,60,60
52490,233090,0,1000,0,0,0,60,60
52491,233122,0,2000,52493,0,0,60,60
52492,233123,0,2000,52494,0,0,60,60
52493,233124,0,2000,52492,0,0,60,60
52494,233125,0,2000,52495,0,0,60,60
52495,233126,0,1000,52501,0,0,60,60
52496,233127,0,1000,52497,0,0,60,60
52497,233129,0,3000,52498,0,0,60,60
52498,233128,0,1000,0,0,0,60,60
52499,224012,0,1000,52500,0,0,60,60
52500,224013,0,1000,0,0,0,60,60
52501,233138,0,2000,52496,0,0,60,60
52502,224330,0,0,0,0,1,60,60
52503,224331,0,0,0,0,1,60,60
52504,224323,0,0,0,0,1,60,60
52505,224324,0,0,0,0,1,60,60
52506,224327,0,0,0,0,1,60,60
52507,224328,0,0,0,0,1,60,60
52508,224344,0,0,0,0,1,60,60
52509,224346,0,0,0,0,1,60,60
52510,224347,0,0,0,0,1,60,60
52511,224343,0,0,0,0,1,60,60
52512,224315,0,0,0,0,1,60,60
52513,224316,0,0,0,0,1,60,60
52514,224320,0,0,0,0,1,60,60
52515,224317,0,0,0,0,1,60,60
52516,224336,0,0,0,0,1,60,60
52517,224329,0,0,0,0,1,60,60
52518,224334,0,0,0,0,1,60,60
52519,224341,0,0,0,0,1,60,60
52520,223413,0,1000,0,0,0,60,60
52521,223950,0,2000,49227,0,0,60,60
52522,233147,0,3000,52523,0,1,60,60
52523,233148,0,0,52524,0,0,60,60
52524,233149,0,0,52525,0,2,60,60
52525,233150,0,0,52526,0,2,60,60
52526,233151,0,2000,52527,0,0,60,60
52527,233152,0,0,0,0,0,60,60
52528,224010,0,0,0,0,1,60,60
52529,224322,0,0,0,0,1,60,60
52530,229755,0,3000,0,0,0,60,60
52531,233176,0,1000,52532,0,0,60,60
52532,233177,0,2000,52533,0,0,60,60
52533,233178,0,1000,52534,0,0,60,60
52534,233179,0,2000,52535,0,0,60,60
52535,233180,0,1000,0,0,0,60,60
52536,230099,0,0,52071,0,0,60,60
52537,233199,0,1000,0,0,0,60,60
52538,233200,0,0,0,0,0,60,60
52539,230946,0,3000,52540,0,0,60,60
52540,230947,0,0,0,0,0,60,60
52541,233201,0,1000,0,0,0,60,60
52542,224824,0,3000,0,0,0,60,60
52544,233237,0,1500,52545,0,0,60,60
52545,233239,0,1500,52546,0,0,60,60
52546,233240,0,1500,52547,0,0,60,60
52547,233241,0,0,0,0,0,60,60
52556,233252,0,2000,52557,0,0,60,60
52557,233253,0,2000,52558,0,0,60,60
52558,233257,0,2000,52559,0,0,60,60
52559,233258,0,2000,52560,0,0,60,60
52560,233259,0,1000,52561,0,0,60,60
52561,233260,0,1000,52562,0,0,60,60
52562,233261,0,1000,52563,0,0,60,60
52563,233262,0,3000,52564,0,2,60,60
52564,233263,0,2000,52565,0,0,60,60
52565,233264,0,2000,0,0,0,60,60
52566,231597,0,0,52567,0,0,60,60
52567,233266,0,0,52568,0,0,60,60
52568,233267,0,0,52569,0,0,60,60
52569,233268,0,0,52570,0,0,60,60
52570,233269,0,0,52571,0,0,60,60
52571,233270,0,1000,52572,0,0,60,60
52572,233271,0,0,0,0,0,60,60
52580,233302,0,2000,52597,0,0,60,60
52581,233301,0,2000,52580,0,0,60,60
52582,233288,0,1000,52583,0,0,60,60
52583,233289,0,1000,52584,0,0,60,60
52584,233290,0,1000,52585,0,0,60,60
52585,233291,0,1000,52586,0,0,60,60
52586,233292,0,1000,52587,0,2,60,60
52587,233293,0,1000,52588,0,0,60,60
52588,233294,0,1000,52589,0,0,60,60
52589,233295,0,1000,52590,0,0,60,60
52590,233296,0,1000,52591,0,0,60,60
52591,233297,0,1000,52592,0,0,60,60
52592,233298,0,1000,0,0,2,60,60
52597,233303,0,2000,52598,0,0,60,60
52598,233305,0,2000,52599,0,0,60,60
52599,233306,0,2000,0,0,0,60,60
52603,233326,0,1000,52604,0,0,60,60
52604,233327,0,1000,52605,0,0,60,60
52605,233328,0,1000,52606,0,0,60,60
52606,233329,0,1000,52607,0,0,60,60
52607,233330,0,1000,52608,0,0,60,60
52608,233331,0,1000,52609,0,0,60,60
52609,233332,0,1000,52610,0,0,60,60
52610,233333,0,1000,52611,0,0,60,60
52611,233334,0,1000,52612,0,0,60,60
52612,233335,0,1000,52613,0,0,60,60
52613,233336,0,1000,0,0,0,60,60
52614,233339,0,1000,52615,0,0,60,60
52615,233340,0,1000,52616,0,0,60,60
52616,233341,0,1000,52617,0,0,60,60
52617,233344,0,1000,52618,0,0,60,60
52618,233343,0,1000,52619,0,0,60,60
52619,233342,0,1000,52620,0,0,60,60
52620,233345,0,1000,52621,0,0,60,60
52621,233346,0,1000,52622,0,0,60,60
52622,233347,0,1000,52623,0,0,60,60
52623,233348,0,1000,52624,0,0,60,60
52624,233349,0,3000,52625,0,0,60,60
52625,233350,0,1000,0,0,0,60,60
52626,233355,0,1000,0,0,0,60,60
52627,233356,0,1000,0,0,0,60,60
52628,231159,0,0,52629,0,0,60,60
52629,231160,0,0,0,0,0,60,60
52630,231161,0,2000,52631,0,1,60,60
52631,231162,0,1000,52632,0,1,60,60
52632,231163,0,2000,0,0,1,60,60
52633,0,0,1000,51395,0,0,60,60
52634,233361,0,1000,52635,0,0,60,60
52635,233362,0,1000,52212,0,0,60,60
52636,233363,0,1000,52637,0,0,60,60
52637,233364,0,1000,0,0,0,60,60
52638,233365,0,1000,52640,0,0,60,60
52639,233366,0,1000,52234,0,0,60,60
52640,233367,0,1000,52639,0,2,60,60
52641,233368,0,1000,52642,0,0,60,60
52642,233369,0,5000,52322,0,0,60,60
52643,224168,0,4000,52644,0,1,60,60
52644,224371,0,1000,0,0,1,60,60
52645,230083,0,0,52646,0,0,60,60
52646,230085,0,0,0,0,0,60,60
52647,229880,0,0,52648,0,0,60,60
52648,229884,0,0,52649,0,0,60,60
52649,229887,0,0,52650,0,0,60,60
52650,229888,0,0,52651,0,0,60,60
52651,230086,0,0,52652,0,0,60,60
52652,230087,0,0,52653,0,0,60,60
52653,230088,0,0,52654,0,0,60,60
52654,230089,0,0,52655,0,0,60,60
52655,230090,0,0,52656,0,0,60,60
52656,230099,0,0,52657,0,0,60,60
52657,229925,0,0,52658,0,2,60,60
52658,230094,0,0,52659,0,0,60,60
52659,233199,0,0,0,0,0,60,60
52660,0,0,4000,49074,0,0,60,60
52667,0,0,1000,52265,0,0,60,60
52672,224419,0,1000,0,0,0,60,60
52696,219210,0,1000,52697,0,0,60,60
52697,0,0,0,52698,0,0,60,60
52698,0,0,0,52699,0,0,60,60
52699,0,0,0,0,0,0,60,60
52712,230317,0,0,0,0,0,60,60
52713,230311,0,0,0,0,0,60,60
52717,0,0,500,51629,0,0,60,60
52718,0,0,0,47348,0,0,60,60
52721,227344,0,1000,0,0,0,60,60
52809,218363,0,1000,0,0,0,60,60
52810,0,0,2000,47974,0,0,60,60
52823,233069,0,1000,0,26146,0,60,60
52829,233070,0,1000,52830,26146,0,60,60
52830,233071,0,1000,52832,26146,0,60,60
52831,233120,0,1000,0,26146,0,60,60
52832,233121,0,1000,0,26146,0,60,60
52840,233074,0,1000,0,26146,0,60,60
52842,233101,0,1000,0,26146,0,60,60
52843,233105,0,1000,0,26146,0,60,60
52863,233720,0,1000,0,0,0,60,60
52892,226174,0,1000,0,0,0,60,60
52893,181866,0,1000,0,0,0,60,60
52894,181633,0,1000,52893,0,0,60,60
52895,225019,0,1000,52896,0,0,60,60
52896,181871,0,1000,52894,0,0,60,60
53407,227424,0,4000,0,0,0,60,60
53408,227397,0,3000,0,0,0,60,60
53409,227398,0,5000,0,0,0,60,60
53410,222579,0,4000,53411,0,1,60,60
53411,222600,0,2000,53412,25326,1,60,60
53412,224163,0,4000,53413,0,1,60,60
53413,224164,0,4000,0,0,1,60,60
53414,225497,0,4000,53415,0,0,60,60
53415,225498,0,4000,53416,0,0,60,60
53416,227165,0,6000,0,0,0,60,60
53417,227436,0,4000,0,0,1,60,60
53418,227439,0,4000,0,0,1,60,60
53419,227440,0,4000,0,0,1,60,60
53420,222559,0,2000,0,24479,0,60,60
53421,222572,0,4000,53422,0,0,60,60
53422,227128,0,2000,0,0,0,60,60
53423,222577,0,2000,0,0,0,60,60
53585,235096,0,1500,53586,0,0,60,60
53586,235099,0,1000,53587,0,0,60,60
53587,235097,0,1000,53588,0,0,60,60
53588,235098,0,5000,53591,0,2,60,60
53591,0,0,0,0,0,0,60,60
53813,0,0,1000,50825,0,0,60,60
